AccX,AccY,AccZ,Magnitude,GyroX,GyroY,GyroZ,Temperature,Altitude
0.0467744140625,-0.2446025390625,1.2087939453125005,1.2341803150880637,-1.013671875,0.13623046875,3.67919921875,39.63588235294118,171.0011385072738
-0.0059599609375,-0.1674541015625,1.1760791015625005,1.1879555759356233,-1.48779296875,-0.08056640625,4.3447265625,39.82411764705883,171.0011385072738
-0.0459990234375,-0.1034892578125,1.1018603515625005,1.1076651890283555,-1.6748046875,0.07470703125,5.0185546875,39.63588235294118,171.0011385072738
-0.0542998046875,-0.0522197265625,0.9856494140625,0.9885242212880332,-1.68408203125,0.41943359375,5.3720703125,39.82411764705883,171.0011385072738
-0.0245146484375,-0.0038798828124999,0.8640673828125001,0.8644237754244711,-1.66162109375,0.44921875,5.337890625,39.68294117647059,171.05400999807523
0.0023408203125,0.0088154296875,0.7717822265625001,0.7718361202211781,-1.662109375,0.1962890625,5.02001953125,39.118235294117646,171.05400999807523
0.0169892578125,0.0215107421875,0.7224658203125001,0.7229856211781049,-1.5107421875,-0.15966796875,4.85009765625,40.24764705882353,171.05400999807523
0.0160126953125,0.0371357421875,0.7092822265625001,0.710434195880551,-1.28515625,-0.6025390625,5.01513671875,39.87117647058824,171.05400999807523
0.0057587890625,0.0678974609375,0.7127001953125001,0.7159502756837945,-0.8291015625,-0.845703125,5.43017578125,39.54176470588236,171.05400999807523
0.0150361328125,0.0771748046875,0.6956103515625001,0.7000398538436321,-0.44482421875,-0.91357421875,5.72705078125,39.73,171.00114990937965
0.0082001953125,0.0962177734375,0.6902392578125001,0.6969615026341012,-0.197265625,-0.79150390625,5.92822265625,39.63588235294118,171.00114990937965
-0.0059599609375,0.1064716796875,0.6472705078125001,0.6559960746785806,-0.0625,-0.5478515625,6.0029296875,40.1064705882353,171.00114990937965
-0.0206083984375,0.1074482421875,0.6140673828125001,0.6237375902328927,-0.00634765625,-0.3291015625,5.921875,40.15352941176471,171.00114990937965
-0.0362333984375,0.0947529296875,0.6013720703125001,0.6098683003720045,-0.01171875,-0.1826171875,5.77734375,40.15352941176471,170.98724102338895
-0.0489287109375,0.0747333984375,0.6184619140625001,0.6248793793540276,-0.052734375,-0.0546875,5.697265625,39.118235294117646,170.98724102338895
-0.0562529296875,0.0527607421875,0.6594775390625001,0.6639719215016053,-0.0888671875,0.11669921875,5.76123046875,40.24764705882353,170.98724102338895
-0.0484404296875,0.0444599609375,0.6897509765625001,0.6928777475311183,-0.1787109375,0.3037109375,5.89453125,40.15352941176471,170.98724102338895
-0.0386748046875,0.0512958984375,0.7273486328125001,0.7301801444632274,-0.2978515625,0.36376953125,6.0390625,39.49470588235295,170.98724102338895
-0.0313505859375,0.0669208984375,0.7786181640625001,0.7821173257858216,-0.38037109375,0.4326171875,6.19189453125,39.63588235294118,171.00951726238978
-0.0245146484375,0.0644794921875,0.8274462890625001,0.8303167673750028,-0.416015625,0.57421875,6.4033203125,39.73,171.00951726238978
-0.0025419921874999,0.0625263671875,0.8582080078125001,0.8604864862340649,-0.4287109375,0.83984375,6.63427734375,39.87117647058824,171.00951726238978
0.0287080078125,0.0713154296875,0.8826220703125001,0.885963746000252,-0.49853515625,1.0029296875,6.7841796875,39.73,171.00951726238978
0.0467744140625,0.0805927734375,0.9002001953125001,0.90501018368961,-0.5595703125,1.326171875,6.8291015625,39.87117647058824,171.2404812190287
0.0643525390625,0.0796162109375,0.9192431640625,0.924925934874502,-0.5810546875,1.208984375,6.81494140625,39.63588235294118,171.2404812190287
0.0736298828125,0.0737568359375,0.9236376953125,0.9294988018780233,-0.64306640625,0.87060546875,6.68994140625,39.07117647058824,171.2404812190287
0.0804658203125,0.0864521484375,0.9929736328125,0.9999726784612052,-0.66455078125,0.80078125,6.57958984375,39.68294117647059,171.2404812190287
0.0965791015625,0.1030537109375,1.0378955078125005,1.0474610614881954,-0.580078125,1.1845703125,6.64990234375,39.54176470588236,171.2404812190287
0.1078095703125,0.1167255859375,1.0198291015625005,1.0321333064373008,-0.4716796875,1.15966796875,6.681640625,39.63588235294118,170.95109316604515
0.0780244140625,0.1528583984375,1.0208056640625005,1.0351317321697544,-0.3662109375,0.53369140625,6.65283203125,39.73,170.95109316604515
0.0775361328125,0.1621357421875,1.0828173828125005,1.0976307827804035,-0.27001953125,0.42578125,6.4931640625,39.16529411764706,170.95109316604515
0.0433564453125,0.1338154296875,1.1492236328125005,1.157800202447446,-0.12353515625,0.38916015625,6.4990234375,39.73,170.95109316604515
-0.0025419921874999,0.0932880859375,1.2063525390625005,1.2099568493151749,0.2099609375,0.2158203125,6.59619140625,39.82411764705883,171.0874456701969
-0.0201201171875,0.0288349609375,1.2585986328125005,1.2590896682148578,0.63671875,-0.22998046875,6.49169921875,39.54176470588236,171.0874456701969
0.0135712890625,-0.0795634765625,1.2493212890625005,1.2519258005146778,0.796875,-0.80810546875,6.18408203125,39.63588235294118,171.0874456701969
0.0545869140625,-0.1557353515625,1.2385791015625005,1.2495244782478383,0.8623046875,-1.421875,5.71435546875,38.788823529411765,171.0874456701969
0.0931611328125,-0.1899150390625,1.2097705078125005,1.2281251566114644,0.62939453125,-1.79931640625,5.1328125,39.87117647058824,171.0874456701969
0.1161103515625,-0.1528056640625,1.2297900390625005,1.2446745457696542,0.318359375,-1.80029296875,4.4267578125,39.63588235294118,171.01509278347476
0.1117158203125,-0.1171611328125,1.2708056640625005,1.2810754042457202,-0.08447265625,-1.2568359375,3.6416015625,39.54176470588236,171.01509278347476
0.0809541015625,-0.0883525390625,1.2893603515625005,1.2949169293433291,-0.466796875,-0.35986328125,3.18505859375,39.63588235294118,171.01509278347476
0.0731416015625,-0.0624736328125,1.2981494140625005,1.3017083198269617,-0.73095703125,0.58251953125,3.26953125,39.63588235294118,171.01509278347476
0.1048798828125,-0.0478251953125,1.2761767578125005,1.281371982020158,-0.8193359375,1.29736328125,3.5361328125,39.68294117647059,171.3239923389206
0.1351533203125,-0.0541728515625,1.1975634765625005,1.206382774344183,-0.81298828125,1.27978515625,3.6005859375,39.82411764705883,171.3239923389206
0.1444306640625,-0.0771220703125,1.1145556640625005,1.126517802231559,-0.8330078125,0.564453125,3.3486328125,39.63588235294118,171.3239923389206
0.1161103515625,-0.1210673828125,1.0730517578125005,1.0860842508136892,-0.8642578125,-0.34033203125,2.9384765625,39.54176470588236,171.3239923389206
0.0540986328125,-0.1738017578125,1.0579150390625005,1.0734607319159413,-0.8798828125,-0.814453125,2.72216796875,39.82411764705883,171.3239923389206
0.0096650390625,-0.2328837890625,1.0549853515625005,1.080426936076493,-0.82275390625,-0.81103515625,2.91552734375,39.63588235294118,171.24328282738142
0.0018525390625,-0.2709697265625,1.0330126953125005,1.067962196564621,-0.79150390625,-0.533203125,3.35302734375,39.54176470588236,171.24328282738142
0.0067353515625,-0.2846416015625,0.9978564453125,1.0376818836967494,-0.70849609375,-0.267578125,3.7685546875,39.82411764705883,171.24328282738142
0.0160126953125,-0.2953837890625,0.9602587890625,1.0047909888249742,-0.69140625,-0.12890625,4.02734375,38.97705882352941,171.24328282738142
0.0189423828125,-0.2973369140625,0.9304736328125,0.9770103559789513,-0.7001953125,-0.0712890625,4.169921875,39.63588235294118,170.8537058089418
0.0077119140625,-0.3066142578125,0.9021533203125,0.9528653577831896,-0.794921875,-0.09375,4.3203125,39.54176470588236,170.8537058089418
-0.0030302734374999,-0.2944072265625,0.8689501953125001,0.9174743808646436,-0.94384765625,-0.17626953125,4.56298828125,39.63588235294118,170.8537058089418
0.0082001953125,-0.2699931640625,0.8557666015625001,0.8973851058455751,-1.03369140625,-0.39794921875,4.86474609375,39.54176470588236,170.8537058089418
0.0277314453125,-0.2260478515625,0.8860400390625001,0.9148407594095372,-1.15380859375,-0.40087890625,4.9384765625,39.73,170.8537058089418
0.0687470703125,-0.1161845703125,0.9758837890625,0.9851772347198418,-1.09033203125,-0.15234375,4.71142578125,39.68294117647059,171.20989494185503
0.1639619140625,0.0205341796875,1.0549853515625005,1.0678479544438568,-0.68701171875,-0.02197265625,4.04150390625,39.91823529411765,171.20989494185503
0.2274384765625,0.0117451171875,0.9895556640625,1.0154243549752953,-0.3896484375,0.1279296875,2.7373046875,39.54176470588236,171.20989494185503
0.2293916015625,-0.1171611328125,0.9065478515625,0.9424310293501068,-0.60302734375,0.91162109375,0.72216796875,38.788823529411765,171.20989494185503
0.2137666015625,-0.2421611328125,0.8728564453125001,0.9307075525170015,-0.93701171875,1.17724609375,-0.5283203125,39.73,171.3128631028191
0.1781220703125,-0.2719462890625,0.8523486328125001,0.9122392492787262,-1.21240234375,0.921875,-0.62060546875,39.73,171.3128631028191
0.1434541015625,-0.2250712890625,0.8552783203125001,0.895956008748159,-1.22607421875,0.55517578125,0.09716796875,39.07117647058824,171.3128631028191
0.1097626953125,-0.1908916015625,0.8523486328125001,0.8803326897751208,-1.09228515625,0.17919921875,0.41162109375,39.73,171.3128631028191
0.0707001953125,-0.1723369140625,0.8606494140625001,0.8805770514224953,-0.95166015625,-0.23046875,0.3759765625,39.63588235294118,171.3128631028191
0.1131806640625,-0.1801494140625,0.9080126953125,0.932604272429288,-0.837890625,-0.3603515625,0.27685546875,39.54176470588236,170.92050695641132
-0.0738310546875,-0.1767314453125,0.9656298828125,0.9844420241837488,-0.66796875,0.02783203125,0.33251953125,39.68294117647059,170.92050695641132
-0.0972685546875,-0.1650126953125,1.0046923828125005,1.02278890560406,-0.4677734375,0.66455078125,0.60546875,39.82411764705883,170.92050695641132
-0.0767607421875,-0.1459697265625,1.0178759765625005,1.0311502685239289,-0.29345703125,1.2890625,1.0400390625,39.73,170.92050695641132
-0.0171904296875,-0.1264384765625,0.9988330078125,1.0069506327144606,-0.140625,1.62646484375,1.4970703125,39.63588235294118,171.12363604681124
0.0501923828125,-0.1152080078125,0.9744189453125,0.9824889013828332,-0.0546875,1.45166015625,1.88916015625,39.73,171.12363604681124
0.1156220703125,-0.1000712890625,0.9563525390625,0.9685003381565076,-0.0224609375,0.9892578125,2.0625,39.63588235294118,171.12363604681124
0.1781220703125,-0.0883525390625,0.9480517578125,0.9686773346076458,0.02490234375,0.263671875,1.8876953125,39.82411764705883,171.12363604681124
0.1776337890625,-0.1127666015625,0.9812548828125,1.0035592730317575,0.197265625,-0.48779296875,1.46044921875,38.97705882352941,171.12363604681124
0.1366181640625,-0.1620830078125,1.0608447265625005,1.0818165084933864,0.20751953125,-0.69384765625,1.28857421875,39.54176470588236,171.27670143727403
0.0794892578125,-0.1923564453125,1.1375048828125005,1.1563895980953491,0.3525390625,-0.046875,1.6689453125,39.54176470588236,171.27670143727403
0.0384736328125,-0.2294658203125,1.1321337890625005,1.1557948344972362,0.46044921875,0.80322265625,2.189453125,39.63588235294118,171.27670143727403
0.0257783203125,-0.2509501953125,1.0740283203125005,1.103257610514791,0.611328125,0.89892578125,2.240234375,40.01235294117648,171.27670143727403
0.0599580078125,-0.2812236328125,1.0764697265625005,1.1142121730436478,0.53955078125,0.85693359375,1.92919921875,39.63588235294118,171.0178942744075
0.0555634765625,-0.3071025390625,1.0667041015625005,1.1114211216800798,0.5478515625,1.23583984375,2.03125,40.24764705882353,171.0178942744075
0.0453095703125,-0.3046611328125,1.0183642578125005,1.0639253378872522,0.55712890625,1.52490234375,2.5634765625,39.82411764705883,171.0178942744075
0.0501923828125,-0.2704814453125,0.9666064453125,1.004991297310779,0.5205078125,1.5078125,2.97998046875,39.73,171.0178942744075
0.0550751953125,-0.2421611328125,0.9202197265625,0.9531419813115491,0.42431640625,1.46044921875,3.05078125,38.97705882352941,171.0178942744075
0.0545869140625,-0.2133525390625,0.8894580078125001,0.9163157669564918,0.33740234375,1.28955078125,3.04052734375,39.73,171.00954054398957
0.0575166015625,-0.1884501953125,0.8630908203125001,0.8852950918627772,0.37353515625,1.0224609375,3.119140625,39.87117647058824,171.00954054398957
0.0721650390625,-0.1513408203125,0.8377001953125001,0.8543146106571943,0.18408203125,0.5859375,3.23291015625,39.68294117647059,171.00954054398957
0.0877900390625,-0.1269267578125,0.8328173828125001,0.8469960365444755,0.11767578125,0.1767578125,3.26220703125,39.73,171.00954054398957
0.0921845703125,-0.1000712890625,0.8313525390625001,0.8424127860520615,0.08203125,-0.228515625,3.2734375,38.88294117647059,171.1959908270443
0.0721650390625,-0.0903056640625,0.8381884765625001,0.8461222299802943,0.109375,-0.4853515625,3.35107421875,39.63588235294118,171.1959908270443
0.0609345703125,-0.0815166015625,0.8440478515625001,0.8501616045886455,0.166015625,-0.58251953125,3.46630859375,39.07117647058824,171.1959908270443
0.0765595703125,-0.0751689453125,0.8611376953125001,0.867795983186113,0.310546875,-0.470703125,3.4453125,39.63588235294118,171.1959908270443
0.0985322265625,-0.0619853515625,0.8684619140625001,0.8762287827141904,0.25048828125,-0.3916015625,3.2666015625,40.15352941176471,171.1959908270443
0.1141572265625,-0.0658916015625,0.8787158203125001,0.8885466045179528,0.4033203125,-0.4736328125,3.03857421875,39.73,171.03737749489244
0.1205048828125,-0.0824931640625,0.9060595703125,0.9177529590546516,0.34423828125,-0.6787109375,2.9970703125,38.93,171.03737749489244
0.1068330078125,-0.0932353515625,0.9290087890625,0.9397677651923488,0.3037109375,-0.8681640625,2.77099609375,39.82411764705883,171.03737749489244
0.0912080078125,-0.0820048828125,0.9553759765625,0.9632169839070364,0.30859375,-1.0791015625,2.81494140625,39.63588235294118,171.03737749489244
0.0623994140625,-0.0668681640625,0.9661181640625,0.970437708032787,0.2158203125,-1.32275390625,2.96044921875,39.63588235294118,170.90937782113753
0.0326142578125,-0.0448955078125,0.9685595703125,0.9701478947450936,0.1513671875,-1.58740234375,3.001953125,39.73,170.90937782113753
0.0091767578125,-0.0107158203124999,0.9905322265625,0.9906326935589108,0.0654296875,-1.92236328125,2.970703125,39.68294117647059,170.90937782113753
0.0038056640625,0.0063740234375,1.0139697265625005,1.013996902184109,0.03564453125,-2.1845703125,2.751953125,39.73,170.90937782113753
0.0018525390625,0.0166279296875,1.0339892578125005,1.034124608167853,-0.0283203125,-2.0576171875,2.4658203125,39.63588235294118,170.90937782113753
0.0082001953125,0.0234638671875,1.0344775390625005,1.0347760990143533,-0.11181640625,-1.7099609375,2.197265625,39.54176470588236,171.08747377597547
0.0321259765625,0.0400654296875,1.0159228515625005,1.0172200142314445,-0.2001953125,-1.43115234375,1.9599609375,39.73,171.08747377597547
0.0497041015625,0.0410419921875,1.0037158203125005,1.0057834711211204,-0.24365234375,-1.39892578125,1.7099609375,39.68294117647059,171.08747377597547
0.0492158203125,0.0449482421875,0.9832080078125,0.985464625479476,-0.25537109375,-1.41650390625,1.51904296875,40.15352941176471,171.08747377597547
0.0448212890625,0.0488544921875,0.9695361328125,0.9718004024433928,-0.23388671875,-1.3408203125,1.30908203125,40.1064705882353,170.72015532474714
0.0287080078125,0.0478779296875,0.9612353515625,0.9628550498165376,-0.24267578125,-1.42578125,1.06591796875,38.97705882352941,170.72015532474714
0.0023408203125,0.0556904296875,0.9802783203125,0.9818617462113544,-0.2646484375,-1.61865234375,0.84228515625,38.88294117647059,170.72015532474714
-0.0323271484375,0.0552021484375,1.0173876953125005,1.0193969022375422,-0.23583984375,-1.490234375,0.693359375,39.91823529411765,170.72015532474714
-0.0660185546875,0.0664326171875,1.0364306640625005,1.0406537673974197,-0.2431640625,-1.21435546875,0.69384765625,39.73,170.72015532474714
-0.0811552734375,0.0761982421875,1.0515673828125005,1.057443289786413,-0.1767578125,-1.01416015625,0.6796875,39.68294117647059,170.97337755938125
-0.0767607421875,0.0908466796875,1.0662158203125005,1.0728287404036476,-0.05859375,-0.9462890625,0.58056640625,39.63588235294118,170.97337755938125
-0.0621123046875,0.1059833984375,1.0774462890625005,1.084426541980833,0.037109375,-0.8544921875,0.376953125,39.63588235294118,170.97337755938125
-0.0699248046875,0.1172138671875,1.1116259765625005,1.1199736071623143,0.1220703125,-0.69189453125,0.09619140625,40.15352941176471,170.97337755938125
-0.0752958984375,0.1284443359375,1.1536181640625005,1.1631862654841096,0.1904296875,-0.40380859375,-0.1357421875,39.73,170.78693031412843
-0.0728544921875,0.1255146484375,1.1941455078125005,1.2029319173723263,0.23779296875,0.0966796875,-0.37353515625,39.82411764705883,170.78693031412843
-0.0606474609375,0.1206318359375,1.2058642578125005,1.2133996714312685,0.2275390625,0.677734375,-0.501953125,39.07117647058824,170.78693031412843
-0.0401396484375,0.1040302734375,1.2190478515625005,1.224136901480923,0.1455078125,1.1220703125,-0.92578125,39.63588235294118,170.78693031412843
-0.0157255859375,0.0849873046875,1.2366259765625005,1.2396426670296086,0.0908203125,1.294921875,-1.1865234375,39.54176470588236,170.78693031412843
0.1117158203125,0.0757099609375,1.2468798828125005,1.25416181765184,0.0625,1.455078125,-1.3134765625,39.54176470588236,170.96224841573013
-0.0049833984375,0.0654560546875,1.2483447265625005,1.250069552341646,0.14404296875,1.70751953125,-1.4619140625,39.73,170.96224841573013
0.0145478515625,0.0561787109375,1.2317431640625005,1.2331094476008135,0.14453125,1.75830078125,-1.59130859375,39.82411764705883,170.96224841573013
0.0301728515625,0.0664326171875,1.2532275390625005,1.2553497354372782,0.046875,1.9169921875,-1.53857421875,40.15352941176471,170.96224841573013
0.0296845703125,0.0576435546875,1.2180712890625005,1.219795728124193,-0.04248046875,2.416015625,-1.2568359375,39.63588235294118,170.8064127269934
0.0111298828125,0.0307880859375,1.1228564453125005,1.123333600186044,-0.21142578125,2.36962890625,-0.85498046875,39.91823529411765,170.8064127269934
-0.0206083984375,0.0405537109375,1.0584033203125005,1.0593804311981063,-0.04443359375,0.91064453125,-0.57275390625,38.788823529411765,170.8064127269934
-0.0542998046875,0.0483662109375,1.0691455078125005,1.0716155448784794,0.18359375,0.22900390625,-0.4990234375,39.73,170.8064127269934
-0.0850615234375,0.0166279296875,1.0813525390625005,1.0848203835437995,0.39892578125,0.70654296875,-0.42626953125,39.73,170.8064127269934
-0.1128935546875,0.0019794921875,1.0442431640625005,1.0503297857199718,0.29296875,1.091796875,-0.0302734375,39.54176470588236,170.5977103699517
-0.1270537109375,0.0195576171875,1.0076220703125005,1.0157890442576607,0.279296875,1.03857421875,0.380859375,39.63588235294118,170.5977103699517
-0.1158232421875,0.0552021484375,0.9602587890625,0.9687926726574262,0.2880859375,0.93603515625,0.5068359375,39.63588235294118,170.5977103699517
-0.1031279296875,-0.0326884765625,0.9260791015625,0.9323767525696972,0.32275390625,0.6875,0.3291015625,39.82411764705883,170.5977103699517
-0.1104521484375,0.1240498046875,0.8967822265625001,0.9120342060558154,0.314453125,0.4814453125,0.03173828125,39.63588235294118,170.6923200189188
-0.0899443359375,0.1216083984375,0.8997119140625001,0.9123377195116834,0.29931640625,0.17724609375,-0.4404296875,39.91823529411765,170.6923200189188
-0.1021513671875,0.1064716796875,0.9006884765625001,0.9126942818963152,0.27978515625,0.42578125,-0.75244140625,40.059411764705885,170.6923200189188
-0.0816435546875,0.0840107421875,0.8840869140625001,0.8918145246863048,0.12060546875,0.572265625,-0.96630859375,39.73,170.6923200189188
-0.0435576171875,0.0791279296875,0.8674853515625001,0.8721750572260119,0.0498046875,0.73486328125,-0.994140625,39.91823529411765,170.6923200189188
-0.0084013671875,0.0654560546875,0.8377001953125001,0.8402955999482997,0.0380859375,0.3779296875,-1.03564453125,39.82411764705883,170.8064127269934
0.0033173828125,0.0493427734375,0.8362353515625001,0.8376964113102593,0.07861328125,0.08056640625,-1.06640625,39.91823529411765,170.8064127269934
-0.0059599609375,0.0498310546875,0.8381884765625001,0.8396895720370772,0.0888671875,-0.24169921875,-1.05712890625,39.73,170.8064127269934
-0.0264677734375,0.0415302734375,0.8582080078125001,0.8596198527931009,0.1435546875,-0.3759765625,-0.9443359375,39.63588235294118,170.8064127269934
-0.0328154296875,0.0293232421875,0.8787158203125001,0.879817138856383,0.20751953125,-0.6015625,-0.7431640625,39.87117647058824,170.96224841573013
-0.0367216796875,0.0132099609375,0.8909228515625001,0.8917771651389702,0.31884765625,-0.6171875,-0.5517578125,39.68294117647059,170.96224841573013
-0.0167021484375,0.0039326171875,0.9197314453125,0.919891492914785,0.43017578125,-0.642578125,-0.474609375,40.24764705882353,170.96224841573013
0.0072236328125,-0.0082744140624999,0.9353564453125,0.935420935508033,0.4482421875,-0.640625,-0.48876953125,38.93,170.96224841573013
0.0301728515625,-0.0141337890624999,0.9485400390625,0.949125055337475,0.38525390625,-0.60400390625,-0.55126953125,39.63588235294118,170.96224841573013
0.0287080078125,-0.0136455078124999,0.9563525390625,0.9568806239899073,0.29248046875,-0.658203125,-0.45703125,39.73,170.98173180486788
0.0267548828125,0.0014912109375,0.9700244140625,0.9703944617224828,0.19580078125,-0.7880859375,-0.20263671875,39.63588235294118,170.98173180486788
0.0374970703125,0.0249287109375,0.9783251953125,0.9793608419240926,0.08740234375,-0.8037109375,-0.1240234375,39.68294117647059,170.98173180486788
0.0457978515625,0.0503193359375,0.9959033203125,0.998224875559808,-0.04248046875,-0.78955078125,0.01806640625,40.15352941176471,170.98173180486788
0.0448212890625,0.0732685546875,1.0154345703125005,1.0190606437523486,-0.10205078125,-0.7275390625,-0.01806640625,40.059411764705885,171.05408648011166
0.0350556640625,0.0903583984375,1.0330126953125005,1.0375494052949237,-0.138671875,-0.52734375,-0.04541015625,39.63588235294118,171.05408648011166
0.0326142578125,0.0908466796875,1.0403369140625005,1.0448051032532286,-0.166015625,-0.3046875,-0.01806640625,38.88294117647059,171.05408648011166
0.0374970703125,0.0927998046875,1.0491259765625005,1.053889533457031,-0.10546875,-0.1962890625,0.064453125,39.68294117647059,171.05408648011166
0.0389619140625,0.0859638671875,1.0364306640625005,1.040719144927333,-0.0185546875,-0.21533203125,0.1875,39.63588235294118,171.05408648011166
0.0389619140625,0.0727802734375,1.0203173828125005,1.0236515816518827,0.04638671875,-0.1455078125,0.2451171875,39.82411764705883,171.24331412499996
0.0365205078125,0.0644794921875,1.0066455078125005,1.0093693728277708,0.07275390625,-0.0712890625,0.2919921875,39.82411764705883,171.24331412499996
0.0365205078125,0.0503193359375,0.9832080078125,0.9851719492995622,0.07763671875,-0.06591796875,0.33544921875,39.63588235294118,171.24331412499996
0.0389619140625,0.0561787109375,0.9788134765625,0.9811981961919726,0.0712890625,-0.1689453125,0.3271484375,39.63588235294118,171.24331412499996
0.0291962890625,0.0547138671875,0.9895556640625,0.9914970715215492,0.06591796875,-0.2060546875,0.27734375,39.73,171.10695769018744
0.0208955078125,0.0473896484375,0.9910205078125,0.9923729379274294,0.0078125,-0.14453125,0.2744140625,39.82411764705883,171.10695769018744
0.0277314453125,0.0576435546875,1.0081103515625005,1.010137759606876,-0.02685546875,-0.1044921875,0.337890625,39.63588235294118,171.10695769018744
0.0360322265625,0.0718037109375,1.0105517578125005,1.0137400798396905,0.01904296875,-0.11669921875,0.45849609375,39.63588235294118,171.10695769018744
0.0360322265625,0.0893818359375,1.0168994140625005,1.0214557514974725,0.0361328125,-0.05908203125,0.48388671875,39.91823529411765,171.10695769018744
0.0414033203125,0.1084248046875,1.0227587890625005,1.0293229395136465,0.0556640625,-0.1044921875,0.404296875,39.91823529411765,170.97060270898658
0.0540986328125,0.1206318359375,1.0159228515625005,1.0244891127975522,0.0576171875,-0.07763671875,0.1279296875,39.73,170.97060270898658
0.0565400390625,0.1196552734375,1.0261767578125005,1.0346752624631397,0.0771484375,0.00732421875,-0.06591796875,39.73,170.97060270898658
0.0589814453125,0.1235615234375,1.0085986328125005,1.0178494304545205,0.12744140625,0.01123046875,-0.11328125,39.63588235294118,170.97060270898658
0.0716767578125,0.1079365234375,0.9924853515625,1.0009071004685826,0.16064453125,-0.07275390625,-0.3076171875,39.73,171.4047036842572
0.0638642578125,0.0849873046875,0.9636767578125,0.9695227583362854,0.07275390625,-0.18017578125,-0.60791015625,39.63588235294118,171.4047036842572
0.0414033203125,0.0747333984375,0.9509814453125,0.9548115128671046,-0.015625,-0.04443359375,-0.57763671875,39.54176470588236,171.4047036842572
0.0540986328125,0.0532490234375,0.9382861328125,0.9413516811465658,-0.03857421875,0.51904296875,-0.44677734375,39.54176470588236,171.4047036842572
0.0409150390625,0.0102802734375,0.8821337890625001,0.8831419740048589,-0.08837890625,0.80419921875,-0.33837890625,39.68294117647059,171.4047036842572
0.0570283203125,-0.0209697265625,0.8435595703125001,0.8457450605327712,-0.1748046875,0.04443359375,-0.4599609375,39.63588235294118,170.98450671708142
0.0829072265625,-0.0561259765625,0.8630908203125001,0.8688782984797607,-0.1650390625,-0.6962890625,-0.6201171875,38.88294117647059,170.98450671708142
0.0790009765625,-0.1073955078125,0.8894580078125001,0.8993945169156385,-0.26513671875,-0.5205078125,-0.4169921875,39.73,170.98450671708142
0.0511689453125,-0.1303447265625,0.9177783203125,0.9283991888959622,-0.3642578125,-0.193359375,0.18017578125,39.63588235294118,170.98450671708142
0.0374970703125,-0.1132548828125,0.9290087890625,0.9366376187823476,-0.39453125,0.0498046875,0.79541015625,39.49470588235295,170.5865811754268
0.0418916015625,-0.1083720703125,0.9280322265625,0.9352770848491052,-0.41748046875,0.26123046875,1.17919921875,39.82411764705883,170.5865811754268
0.0487275390625,-0.1039775390625,0.9207080078125,0.927841008655386,-0.46240234375,0.26513671875,1.416015625,38.88294117647059,170.5865811754268
0.0545869140625,-0.0951884765625,0.9187548828125,0.9252843411346412,-0.46337890625,0.01806640625,1.5625,39.07117647058824,170.5865811754268
0.0638642578125,-0.0829814453125,0.9373095703125,0.9431403894921988,-0.4794921875,-0.37158203125,1.58837890625,39.54176470588236,170.5865811754268
0.0575166015625,-0.0893291015625,0.9553759765625,0.9612653662927908,-0.484375,-0.6064453125,1.56103515625,38.93,171.1681843111194
0.0501923828125,-0.1030009765625,0.9827197265625,0.989376842987696,-0.509765625,-0.72216796875,1.615234375,39.63588235294118,171.1681843111194
0.0433564453125,-0.1132548828125,1.0081103515625005,1.015378220545663,-0.5400390625,-0.81787109375,1.78857421875,40.15352941176471,171.1681843111194
0.0428681640625,-0.1215556640625,1.0266650390625005,1.0347243890954585,-0.591796875,-0.96142578125,2.02099609375,40.15352941176471,171.1681843111194
0.0360322265625,-0.1318095703125,1.0335009765625005,1.0424952530983818,-0.61181640625,-1.091796875,2.3115234375,39.73,171.07634466331498
0.0243134765625,-0.1342509765625,1.0378955078125005,1.0468245101199665,-0.611328125,-1.2177734375,2.67333984375,39.87117647058824,171.07634466331498
0.0116181640625,-0.1366923828125,1.0476611328125005,1.0566047692780465,-0.58447265625,-1.36279296875,3.05419921875,39.73,171.07634466331498
0.0135712890625,-0.1376689453125,1.0525439453125005,1.061595815366789,-0.5419921875,-1.44091796875,3.34326171875,39.63588235294118,171.07634466331498
0.0233369140625,-0.1576884765625,1.0540087890625005,1.0659947441800832,-0.53173828125,-1.46630859375,3.57861328125,39.54176470588236,171.07634466331498
0.0140595703125,-0.1728251953125,1.0481494140625005,1.0623951307549082,-0.46484375,-1.4443359375,3.75048828125,39.07117647058824,171.29618598413205
0.0121064453125,-0.1987041015625,1.0501025390625005,1.0688055148348434,-0.44189453125,-1.26416015625,4.232421875,39.87117647058824,171.29618598413205
0.0111298828125,-0.2138408203125,1.0637744140625005,1.0851118719917126,-0.46484375,-0.96875,4.572265625,39.87117647058824,171.29618598413205
0.0155244140625,-0.2270244140625,1.0764697265625005,1.1002582261532745,-0.4521484375,-0.44287109375,4.8486328125,39.54176470588236,171.29618598413205
0.0204072265625,-0.2284892578125,1.0745166015625005,1.098730960183204,-0.43408203125,0.2216796875,5.04052734375,39.63588235294118,170.9288610689975
0.0282197265625,-0.2182353515625,1.0662158203125005,1.0886869141876965,-0.4462890625,0.73486328125,5.10595703125,39.73,170.9288610689975
0.0291962890625,-0.1957744140625,1.0691455078125005,1.087314196252484,-0.49609375,1.13427734375,5.10107421875,39.68294117647059,170.9288610689975
0.0277314453125,-0.1801494140625,1.0623095703125005,1.0778332281126386,-0.5341796875,1.59130859375,5.0595703125,39.73,170.9288610689975
0.0233369140625,-0.1562236328125,1.0754931640625005,1.0870308095690129,-0.58349609375,2.12451171875,5.01220703125,39.63588235294118,170.9288610689975
0.0272431640625,-0.1415751953125,1.0847705078125005,1.0943092709721958,-0.57568359375,2.6328125,5.00830078125,39.16529411764706,170.84537828016127
0.0355439453125,-0.1274150390625,1.0652392578125005,1.0734209987756913,-0.58349609375,3.19677734375,5.0244140625,39.82411764705883,170.84537828016127
0.0545869140625,-0.1010478515625,1.0383837890625005,1.0447158909866638,-0.5322265625,3.20947265625,5.03759765625,38.788823529411765,170.84537828016127
0.0702119140625,-0.0976298828125,1.0183642578125005,1.0254399389941409,-0.4228515625,2.822265625,5.009765625,39.73,170.84537828016127
0.0692353515625,-0.0990947265625,1.0110400390625005,1.0182412579177795,-0.30712890625,2.49169921875,5.0068359375,39.91823529411765,171.00676507459454
0.0550751953125,-0.1054423828125,1.0144580078125005,1.021409037969997,-0.1787109375,2.35986328125,5.09716796875,39.82411764705883,171.00676507459454
0.0414033203125,-0.1113017578125,1.0237353515625005,1.030600012742018,-0.10888671875,2.39111328125,5.14990234375,39.63588235294118,171.00676507459454
0.0340791015625,-0.1010478515625,1.0256884765625005,1.0312171955615397,-0.029296875,2.64404296875,5.14501953125,40.24764705882353,171.00676507459454
0.0233369140625,-0.0951884765625,1.0159228515625005,1.020639357439802,0.0146484375,3.04736328125,5.03662109375,38.788823529411765,171.00676507459454
0.0042939453125,-0.0859111328125,1.0095751953125005,1.0132330608985016,0.01904296875,3.49267578125,4.8662109375,39.68294117647059,170.78415440850873
-0.0054716796875,-0.0815166015625,0.9993212890625,1.0026554415064224,-0.01123046875,3.92724609375,4.61279296875,39.82411764705883,170.78415440850873
-0.0152373046875,-0.0702861328125,0.9734423828125,0.9760954812801635,-0.14697265625,4.04345703125,4.275390625,39.73,170.78415440850873
0.0130830078125,-0.0575908203125,0.9495166015625,0.951351483060014,-0.2666015625,3.6162109375,3.91015625,39.68294117647059,170.78415440850873
0.0199189453125,-0.0424541015625,0.9441455078125,0.9453093964646524,-0.33056640625,2.57763671875,3.91015625,39.82411764705883,170.7285088579714
0.0091767578125,-0.0326884765625,0.9592822265625,0.9598828780547312,-0.3330078125,1.556640625,4.2490234375,38.788823529411765,170.7285088579714
0.0028291015625,-0.0141337890624999,0.9729541015625,0.9730608673439736,-0.25732421875,0.865234375,4.591796875,39.54176470588236,170.7285088579714
-0.0142607421875,-0.0014384765624999,0.9685595703125,0.968665617861238,-0.1064453125,0.3525390625,4.6376953125,38.97705882352941,170.7285088579714
-0.0167021484375,0.0317646484375,0.9895556640625,0.9902062244456766,-0.107421875,0.0380859375,4.19384765625,38.97705882352941,170.7285088579714
-0.0518583984375,0.0478779296875,1.0335009765625005,1.03590822865508,-0.06005859375,0.1923828125,3.70263671875,39.73,170.8592828641795
-0.0792021484375,0.0600849609375,1.0720751953125005,1.076674698900421,0.0986328125,1.12109375,3.12548828125,40.1064705882353,170.8592828641795
-0.0987333984375,0.0576435546875,1.0271533203125005,1.0334964957816852,0.21337890625,1.51904296875,2.66748046875,39.91823529411765,170.8592828641795
-0.0596708984375,0.0888935546875,1.0115283203125005,1.0171785600274643,0.27978515625,1.25830078125,2.16552734375,39.87117647058824,170.8592828641795
-0.0489287109375,0.1054951171875,1.0457080078125005,1.052154207380077,0.40283203125,1.24462890625,1.60888671875,39.63588235294118,170.8759904995712
-0.0665068359375,0.1108662109375,1.0564501953125005,1.0643314761529303,0.42724609375,1.58984375,1.16650390625,39.63588235294118,170.8759904995712
-0.0875029296875,0.1152607421875,1.0344775390625005,1.0445504201417544,0.35888671875,1.77978515625,0.8994140625,39.82411764705883,170.8759904995712
-0.0889677734375,0.1172138671875,1.0300830078125005,1.0405408970124734,0.42138671875,1.826171875,0.6669921875,39.68294117647059,170.8759904995712
-0.0728544921875,0.1318623046875,1.0071337890625005,1.018338800940427,0.431640625,1.6396484375,0.369140625,39.73,170.8759904995712
-0.0499052734375,0.1323505859375,0.9924853515625,1.0025140333087663,0.54345703125,1.3740234375,-0.02734375,38.88294117647059,170.62554504594775
-0.0401396484375,0.1308857421875,0.9788134765625,0.9883410801869092,0.66064453125,0.8876953125,-0.515625,39.73,170.62554504594775
-0.0196318359375,0.1235615234375,0.9944384765625,1.00227777722766,0.6259765625,0.5205078125,-1.03662109375,39.63588235294118,170.62554504594775
-0.0303740234375,0.1181904296875,1.0291064453125005,1.0363163777308684,0.87255859375,0.599609375,-1.61279296875,39.73,170.62554504594775
-0.0279326171875,0.1142841796875,1.0271533203125005,1.0338689705464528,0.92578125,0.91162109375,-2.10986328125,40.059411764705885,171.0095702821808
-0.0347685546875,0.1220966796875,1.0525439453125005,1.060172254117119,1.07177734375,1.484375,-2.68798828125,39.63588235294118,171.0095702821808
-0.0289091796875,0.1299091796875,1.0325244140625005,1.0410661848664535,1.189453125,1.83251953125,-3.21728515625,40.15352941176471,171.0095702821808
-0.0245146484375,0.1318623046875,1.0081103515625005,1.016993174172266,1.275390625,2.10107421875,-3.7861328125,39.73,171.0095702821808
-0.0225615234375,0.1250263671875,0.9797900390625,0.9879924774399954,1.392578125,2.189453125,-4.31591796875,39.82411764705883,171.0095702821808
-0.0293974609375,0.1284443359375,0.9744189453125,0.9832875668531166,1.4794921875,2.00341796875,-4.8095703125,39.73,170.79250802685877
-0.0318388671875,0.1220966796875,0.9446337890625,0.953023771001055,1.544921875,1.5048828125,-5.1259765625,39.82411764705883,170.79250802685877
-0.0591826171875,0.1089130859375,0.9485400390625,0.9566048547703908,1.69091796875,1.42822265625,-5.67138671875,39.82411764705883,170.79250802685877
-0.0616240234375,0.1172138671875,0.9729541015625,0.981924790741616,1.724609375,1.232421875,-6.09326171875,39.73,170.79250802685877
-0.0816435546875,0.1054951171875,1.0110400390625005,1.0198023584792877,1.8974609375,1.5908203125,-6.595703125,39.73,170.94834455933182
-0.0884794921875,0.0805927734375,1.0095751953125005,1.016644426856499,1.9443359375,1.95068359375,-6.9111328125,39.63588235294118,170.94834455933182
-0.0816435546875,0.0747333984375,1.0046923828125005,1.0107707628070215,1.978515625,1.90283203125,-7.21240234375,39.73,170.94834455933182
-0.0777373046875,0.0429951171875,0.9895556640625,0.993535143273865,2.07373046875,1.75830078125,-7.45654296875,39.07117647058824,170.94834455933182
-0.0801787109375,0.0444599609375,0.9910205078125,0.995252209602726,2.11279296875,1.31396484375,-7.71337890625,38.88294117647059,170.94834455933182
-0.0860380859375,0.0234638671875,1.0012744140625005,1.005238060138684,2.13427734375,1.2001953125,-7.96728515625,40.1064705882353,170.78137893644265
-0.0821318359375,0.0122333984375,1.0042041015625005,1.007631466413561,2.13232421875,1.14794921875,-8.1689453125,39.87117647058824,170.78137893644265
-0.0850615234375,-0.0048564453124999,1.0042041015625005,1.0078119494357716,2.18408203125,1.15380859375,-8.3193359375,39.87117647058824,170.78137893644265
-0.0679716796875,-0.0199931640625,0.9856494140625,0.9881926144687178,2.18798828125,1.03173828125,-8.5068359375,39.54176470588236,170.78137893644265
-0.0606474609375,-0.0336650390625,0.9827197265625,0.9851647122934928,2.2021484375,1.0302734375,-8.75341796875,39.73,171.28228366358852
-0.0669951171875,-0.0512431640625,0.9763720703125,0.9800084832675792,2.22021484375,1.0498046875,-8.896484375,39.63588235294118,171.28228366358852
-0.0665068359375,-0.0649150390625,0.9724658203125,0.9768965621799306,2.19580078125,1.06640625,-8.96826171875,39.73,171.28228366358852
-0.0508818359375,-0.0732158203125,0.9651416015625,0.9692511690160764,2.15087890625,0.984375,-9.14990234375,39.87117647058824,171.28228366358852
-0.0435576171875,-0.0839580078125,0.9631884765625,0.9678213959577904,2.11572265625,0.8056640625,-9.33740234375,39.73,171.28228366358852
-0.0308623046875,-0.0839580078125,0.9368212890625,0.9410821199912324,2.05419921875,0.322265625,-9.458984375,38.788823529411765,170.834249181358
-0.0289091796875,-0.0805400390625,0.9392626953125,0.9431526119181856,2.0830078125,-0.19091796875,-9.50341796875,39.91823529411765,170.834249181358
-0.0445341796875,-0.0917705078125,0.9412158203125,0.9467271727753118,2.05810546875,-0.3759765625,-9.7919921875,39.87117647058824,170.834249181358
-0.0474638671875,-0.1000712890625,0.9456103515625,0.9520745866607184,2.02392578125,-0.68994140625,-9.984375,40.15352941176471,170.834249181358
-0.0499052734375,-0.1025126953125,0.9368212890625,0.9437338166336042,1.97998046875,-0.99365234375,-10.09765625,39.87117647058824,171.00121543649476
-0.0435576171875,-0.1093486328125,0.9470751953125,0.95436146982641,1.9150390625,-1.38037109375,-10.19287109375,39.82411764705883,171.00121543649476
-0.0513701171875,-0.1161845703125,0.9641650390625,0.9724977973594336,1.87548828125,-1.66455078125,-10.26513671875,39.87117647058824,171.00121543649476
-0.0640654296875,-0.1161845703125,0.9636767578125,0.9727672523310784,1.79638671875,-1.7978515625,-10.25830078125,39.07117647058824,171.00121543649476
-0.0684599609375,-0.0995830078125,0.9817431640625,0.9891527596281564,1.74755859375,-1.76416015625,-10.30029296875,38.88294117647059,171.00121543649476
-0.0464873046875,-0.0795634765625,0.9724658203125,0.976821983769757,1.625,-1.974609375,-10.3994140625,39.91823529411765,171.12644184687872
-0.0411162109375,-0.0610087890625,1.0032275390625005,1.0059215229222058,1.611328125,-2.06787109375,-10.6376953125,40.15352941176471,171.12644184687872
-0.0621123046875,-0.0409892578125,1.0623095703125005,1.0649129921393303,1.5390625,-1.68017578125,-10.6962890625,39.63588235294118,171.12644184687872
-0.0718779296875,-0.0346416015625,1.0740283203125005,1.0769880733639845,1.59228515625,-0.8642578125,-10.7265625,40.15352941176471,171.12644184687872
-0.1158232421875,-0.0546611328125,1.0056689453125005,1.0137913446252769,1.60888671875,-0.27978515625,-10.73095703125,40.15352941176471,171.15705527157212
-0.0733427734375,-0.0380595703125,0.9885791015625,0.9920263773478992,1.54833984375,-0.60693359375,-10.8115234375,39.16529411764706,171.15705527157212
-0.0372099609375,-0.0468486328125,1.0349658203125005,1.0366936021817137,1.62255859375,-0.65087890625,-10.86083984375,39.73,171.15705527157212
-0.0054716796875,-0.0771220703125,1.0291064453125005,1.0320066999741906,1.61376953125,-0.08984375,-10.8076171875,39.82411764705883,171.15705527157212
0.0492158203125,-0.0927470703125,1.0012744140625005,1.0067644552112411,1.46875,-0.06689453125,-10.5810546875,39.87117647058824,171.15705527157212
0.0545869140625,-0.1108134765625,0.9773486328125,0.9851242093437748,1.42578125,-0.2392578125,-10.2666015625,39.63588235294118,171.24054070252424
0.0594697265625,-0.1474345703125,0.9348681640625,0.9482890303479417,1.24755859375,-0.3798828125,-9.77490234375,39.73,171.24054070252424
0.0628876953125,-0.1562236328125,0.8914111328125001,0.9071794163079964,1.0439453125,-1.09912109375,-9.107421875,39.63588235294118,171.24054070252424
0.0687470703125,-0.1713603515625,0.8557666015625001,0.8754581692542517,0.9072265625,-2.0,-8.45654296875,39.73,171.24054070252424
0.0697236328125,-0.1698955078125,0.8738330078125001,0.8929221657513494,0.794921875,-2.9521484375,-7.9501953125,39.63588235294118,171.24054070252424
0.0843720703125,-0.1669658203125,0.9158251953125,0.9347363370334024,0.69775390625,-3.46630859375,-7.7412109375,39.68294117647059,171.24054070252424
0.0736298828125,-0.1391337890625,0.9514697265625,0.964403552184867,0.59912109375,-3.77880859375,-7.55517578125,38.97705882352941,171.24054070252424
0.0570283203125,-0.1279033203125,1.0090869140625005,1.018758012874896,0.5166015625,-3.787109375,-7.41064453125,39.68294117647059,171.24054070252424
0.0331025390625,-0.0937236328125,1.0295947265625005,1.0343815535890355,0.521484375,-3.2216796875,-7.314453125,39.73,171.24054070252424
0.0277314453125,-0.0468486328125,1.0422900390625005,1.0437108569831153,0.46435546875,-2.64404296875,-7.1689453125,39.73,170.98731226744337
0.0125947265625,-0.0112041015624999,1.0359423828125005,1.0360795237510718,0.45166015625,-2.27685546875,-7.0341796875,39.82411764705883,170.98731226744337
0.0091767578125,0.0185810546875,1.0188525390625005,1.0190632781291615,0.482421875,-2.14306640625,-6.93017578125,39.54176470588236,170.98731226744337
0.0003876953125,0.0342060546875,0.9949267578125,0.9955146698548608,0.4638671875,-2.3212890625,-6.7109375,39.68294117647059,170.98731226744337
-0.0001005859374999,0.0532490234375,1.0037158203125005,1.005127313607671,0.45654296875,-2.53955078125,-6.46044921875,39.73,170.90660290803854
-0.0181669921875,0.0586201171875,1.0154345703125005,1.0172874344697025,0.43603515625,-2.470703125,-6.1064453125,38.88294117647059,170.90660290803854
-0.0396513671875,0.0547138671875,1.0354541015625005,1.0376565109057303,0.44921875,-2.06884765625,-5.80322265625,39.82411764705883,170.90660290803854
-0.0523466796875,0.0381123046875,1.0437548828125005,1.045761434571879,0.4169921875,-1.46826171875,-5.55419921875,39.118235294117646,170.90660290803854
-0.0591826171875,0.0156513671875,1.0579150390625005,1.0596847537577443,0.40771484375,-0.81298828125,-5.39453125,39.91823529411765,170.90660290803854
-0.0621123046875,-0.0229228515625,1.0657275390625005,1.0677820859302531,0.33544921875,-0.26611328125,-5.27587890625,39.87117647058824,170.86486142045925
-0.0743193359375,-0.0610087890625,1.0627978515625005,1.0671385614450122,0.25927734375,0.033203125,-4.9619140625,40.15352941176471,170.86486142045925
-0.0816435546875,-0.0824931640625,1.0647509765625005,1.0710580909688563,0.1708984375,0.16015625,-4.41015625,39.73,170.86486142045925
-0.0865263671875,-0.0751689453125,1.0789111328125005,1.0849822187781752,0.14013671875,0.18017578125,-3.75341796875,40.24764705882353,170.86486142045925
-0.0811552734375,-0.0531962890625,1.0833056640625005,1.0876429493940698,0.07275390625,-0.01708984375,-3.2529296875,39.82411764705883,170.75912079772806
-0.0777373046875,-0.0287822265625,1.1047900390625005,1.1078955435950146,0.00439453125,-0.109375,-2.81689453125,39.73,170.75912079772806
-0.0801787109375,0.0053974609375,1.1116259765625005,1.1145268368418515,0.0048828125,-0.0634765625,-2.466796875,39.82411764705883,170.75912079772806
-0.0787138671875,0.0517841796875,1.0950244140625005,1.0990704897987391,-0.03515625,0.0380859375,-2.2080078125,39.63588235294118,170.75912079772806
-0.0606474609375,0.1059833984375,1.0745166015625005,1.0814326249452402,-0.052734375,0.10693359375,-2.181640625,39.63588235294118,170.75912079772806
-0.0601591796875,0.1504169921875,1.0530322265625005,1.065420700295702,-0.07080078125,0.17431640625,-2.29345703125,39.49470588235295,170.88434480323653
-0.0552763671875,0.1767841796875,1.0276416015625005,1.0442008351936758,-0.09375,0.2880859375,-2.4306640625,39.82411764705883,170.88434480323653
-0.0552763671875,0.1777607421875,1.0061572265625005,1.0232334644627494,-0.068359375,0.39697265625,-2.37451171875,40.24764705882353,170.88434480323653
-0.0362333984375,0.1645771484375,0.9700244140625,0.9845536353228532,-0.06884765625,0.37255859375,-2.4228515625,39.63588235294118,170.88434480323653
-0.0376982421875,0.1469990234375,0.9397509765625,0.951925295548857,-0.0458984375,0.31396484375,-2.54443359375,39.63588235294118,171.1960247299393
-0.0601591796875,0.1177021484375,0.9314501953125,0.940782859641464,-0.04638671875,0.24267578125,-2.56982421875,39.73,171.1960247299393
-0.0767607421875,0.0986591796875,0.9353564453125,0.943672361079534,-0.0693359375,0.26953125,-2.53662109375,39.82411764705883,171.1960247299393
-0.0875029296875,0.0888935546875,0.9475634765625,0.9557381277756406,-0.0966796875,0.22509765625,-2.46044921875,40.15352941176471,171.1960247299393
-0.0987333984375,0.0659443359375,0.9568408203125,0.9641790781932338,-0.17724609375,0.41552734375,-2.330078125,39.54176470588236,171.1960247299393
-0.0987333984375,0.0595966796875,0.9690478515625,0.9758861546382804,-0.2490234375,0.705078125,-2.1279296875,38.788823529411765,170.70625073603605
-0.0997099609375,0.0537373046875,0.9680712890625,0.9746752253609228,-0.3173828125,0.8828125,-1.8173828125,39.68294117647059,170.70625073603605
-0.1006865234375,0.0571552734375,0.9729541015625,0.9798184449330076,-0.283203125,0.998046875,-1.57666015625,39.73,170.70625073603605
-0.0816435546875,0.0498310546875,0.9885791015625,0.9931955719189444,-0.22314453125,1.1328125,-1.47509765625,39.54176470588236,170.70625073603605
-0.0621123046875,0.0454365234375,0.9963916015625,0.999359114492865,-0.234375,0.99267578125,-1.25244140625,39.63588235294118,170.6645098863466
-0.0484404296875,0.0732685546875,1.0232470703125005,1.027009894420409,-0.18310546875,1.1650390625,-0.9404296875,39.54176470588236,170.6645098863466
-0.0342802734375,0.0918232421875,1.0403369140625005,1.0449437973947977,-0.130859375,1.78759765625,-0.68994140625,39.73,170.6645098863466
-0.0284208984375,0.0805927734375,0.9910205078125,0.9946982404243452,-0.15625,1.89404296875,-0.6083984375,39.73,170.6645098863466
-0.0108427734375,0.0757099609375,0.9744189453125,0.9774159017045404,-0.15673828125,0.9443359375,-0.66845703125,39.07117647058824,170.6645098863466
-0.0181669921875,0.0732685546875,1.0354541015625005,1.038202059887063,0.0673828125,0.46337890625,-0.748046875,39.63588235294118,170.86486142045925
-0.0108427734375,0.0517841796875,1.0276416015625005,1.0290026376368842,0.01513671875,0.87646484375,-0.71923828125,39.82411764705883,170.86486142045925
0.0257783203125,0.0405537109375,1.0208056640625005,1.0219360689646972,-0.111328125,1.24169921875,-0.68359375,39.54176470588236,170.86486142045925
0.0394501953125,0.0386005859375,0.9983447265625,0.999869249552193,-0.0830078125,1.14892578125,-0.6806640625,39.82411764705883,170.86486142045925
0.0609345703125,0.0278583984375,0.9710009765625,0.9733098215409112,-0.12158203125,0.9912109375,-0.76318359375,39.54176470588236,170.9288610689975
0.0799775390625,0.0327412109375,0.9583056640625,0.9621944395091964,-0.1904296875,0.64208984375,-0.87060546875,39.63588235294118,170.9288610689975
0.0697236328125,0.0268818359375,0.9592822265625,0.9621883434518684,-0.19921875,0.109375,-0.8798828125,39.73,170.9288610689975
0.0497041015625,-0.0063212890624999,0.9568408203125,0.9581517686795996,-0.134765625,-0.33203125,-0.873046875,39.82411764705883,170.9288610689975
0.0394501953125,0.0908466796875,0.9519580078125,0.9570963826902604,-0.1787109375,-0.5625,-0.97900390625,38.97705882352941,170.9288610689975
0.0326142578125,-0.0541728515625,0.9558642578125,0.9579534785272792,-0.232421875,-0.62109375,-1.109375,39.87117647058824,170.6227692003662
0.0033173828125,-0.0741923828125,0.9617236328125,0.9645868859808294,-0.3115234375,-0.552734375,-1.23291015625,39.73,170.6227692003662
-0.0186552734375,-0.0868876953125,0.9675830078125,0.971655477950508,-0.39111328125,-0.3408203125,-1.2421875,39.63588235294118,170.6227692003662
-0.0337919921875,-0.0854228515625,0.9739306640625,0.9782534951158064,-0.4326171875,-0.08935546875,-1.11962890625,39.73,170.6227692003662
-0.0494169921875,-0.0727275390625,0.9690478515625,0.9730288138965074,-0.4033203125,0.10400390625,-0.92236328125,39.73,170.86486142045925
-0.0586943359375,-0.0463603515625,0.9719775390625,0.9748510879668424,-0.32275390625,0.17333984375,-0.69775390625,39.63588235294118,170.86486142045925
-0.0718779296875,-0.0278056640625,0.9773486328125,0.9803825486974872,-0.2822265625,0.22265625,-0.6083984375,39.87117647058824,170.86486142045925
-0.0835966796875,-0.0004619140624999,0.9983447265625,1.00183871520047,-0.2333984375,0.34619140625,-0.52294921875,39.91823529411765,170.86486142045925
-0.0884794921875,0.0097919921875,1.0344775390625005,1.0383006705543267,-0.1376953125,0.75634765625,-0.423828125,40.24764705882353,170.86486142045925
-0.0870146484375,0.0200458984375,1.0588916015625005,1.0626499004594434,-0.037109375,1.3505859375,-0.3779296875,39.63588235294118,170.9455702661088
-0.0728544921875,0.0166279296875,1.0613330078125005,1.0639605343009295,0.0283203125,1.88671875,-0.34326171875,39.73,170.9455702661088
-0.0523466796875,0.0273701171875,1.0662158203125005,1.067850866775797,0.04345703125,2.19140625,-0.30908203125,39.63588235294118,170.9455702661088
-0.0464873046875,0.0307880859375,1.0642626953125005,1.065722318602098,0.05615234375,2.337890625,-0.1884765625,39.63588235294118,170.9455702661088
-0.0596708984375,0.0317646484375,1.0569384765625005,1.0590979899182866,0.1064453125,2.31787109375,0.0830078125,40.15352941176471,170.88434480323653
-0.0821318359375,0.0293232421875,1.0491259765625005,1.0527444161357833,0.19775390625,2.24462890625,0.42822265625,39.54176470588236,170.88434480323653
-0.1006865234375,0.0293232421875,1.0515673828125005,1.0567836056305229,0.26904296875,2.25634765625,0.67578125,39.73,170.88434480323653
-0.1124052734375,0.0200458984375,1.0579150390625005,1.0640587452839891,0.330078125,2.37255859375,0.8515625,39.63588235294118,170.88434480323653
-0.1133818359375,0.0146748046875,1.0549853515625005,1.0611620435280498,0.3955078125,2.54736328125,0.98681640625,39.82411764705883,170.88434480323653
-0.0953154296875,0.0068623046875,1.0471728515625005,1.0515241810874705,0.34765625,2.6455078125,1.07861328125,38.788823529411765,171.00121543649476
-0.0845732421875,-0.0126689453124999,1.0330126953125005,1.03654636372245,0.3154296875,2.67138671875,1.19677734375,39.73,171.00121543649476
-0.0806669921875,-0.0238994140625,1.0149462890625005,1.018427373602482,0.263671875,2.67578125,1.3154296875,39.82411764705883,171.00121543649476
-0.0757841796875,-0.0234111328125,1.0203173828125005,1.0233957615213296,0.3291015625,2.74658203125,1.34423828125,39.91823529411765,171.00121543649476
-0.0743193359375,-0.0209697265625,1.0222705078125005,1.0251829516088942,0.31396484375,2.6337890625,1.357421875,39.54176470588236,170.9900863743391
-0.0718779296875,-0.0507548828125,0.9749072265625,0.9788700604826248,0.1923828125,2.32080078125,1.41748046875,39.63588235294118,170.9900863743391
-0.0860380859375,-0.0468486328125,0.9866259765625,0.9914777679081342,0.19287109375,2.22119140625,1.4873046875,39.82411764705883,170.9900863743391
-0.0840849609375,-0.0566142578125,0.9568408203125,0.9621953077519236,0.02978515625,1.81982421875,1.7099609375,39.82411764705883,170.9900863743391
-0.1011748046875,-0.0439189453125,0.9622119140625,0.9685127683333536,0.033203125,1.67333984375,1.76513671875,39.63588235294118,170.9900863743391
-0.1294951171875,-0.0405009765625,0.9753955078125,0.9847871400148996,-0.0361328125,1.71875,1.84814453125,40.24764705882353,171.13202399664152
-0.1421904296875,-0.0429423828125,0.9719775390625,0.983261157057638,-0.09912109375,1.82421875,2.0205078125,39.73,171.13202399664152
-0.1470732421875,-0.0390361328125,0.9788134765625,0.9905706335909954,-0.1201171875,1.94189453125,2.14404296875,40.24764705882353,171.13202399664152
-0.1539091796875,-0.0385478515625,0.9773486328125,0.9901435868158854,-0.16455078125,2.09521484375,2.22607421875,39.73,171.13202399664152
-0.1519560546875,-0.0419658203125,0.9583056640625,0.971185625102102,-0.22265625,2.0498046875,2.40673828125,39.63588235294118,171.2294116883204
-0.1631865234375,-0.0351298828125,0.9568408203125,0.9712920804342716,-0.14599609375,2.0625,2.51123046875,39.68294117647059,171.2294116883204
-0.1656279296875,-0.0287822265625,0.9504931640625,0.96524519298881,-0.09765625,2.02880859375,2.54296875,40.15352941176471,171.2294116883204
-0.1661162109375,-0.0190166015625,0.9617236328125,0.9761498719875404,-0.22412109375,1.916015625,2.5556640625,38.97705882352941,171.2294116883204
-0.1666044921875,0.0102802734375,1.0032275390625005,1.0170192898723234,-0.30615234375,2.078125,2.5986328125,39.68294117647059,171.2294116883204
-0.1661162109375,0.0083271484375,1.0208056640625005,1.0342669581493042,-0.19482421875,2.8515625,2.654296875,39.73,171.09028132911234
-0.1763701171875,0.0014912109375,0.9670947265625,0.9830467191806244,-0.1044921875,3.396484375,2.71142578125,39.63588235294118,171.09028132911234
-0.1500029296875,0.0063740234375,0.9387744140625,0.950704427037134,-0.177734375,2.9140625,2.75732421875,39.82411764705883,171.09028132911234
-0.1197294921875,0.0044208984375,0.9334033203125,0.9410613444472528,-0.18359375,2.587890625,2.60400390625,39.63588235294118,171.09028132911234
-0.1441435546875,-0.0224345703125,0.9246142578125,0.9360513875066984,-0.30224609375,2.59130859375,2.55615234375,39.68294117647059,171.27115465503675
-0.1768583984375,-0.0131572265624999,0.9470751953125,0.9635369382047086,-0.39208984375,2.3115234375,2.70361328125,39.82411764705883,171.27115465503675
-0.1959013671875,-0.0331767578125,0.9094775390625,0.9309282662934144,-0.61181640625,1.66552734375,3.16357421875,39.87117647058824,171.27115465503675
-0.2198271484375,-0.0170634765625,0.9246142578125,0.9505401954534706,-0.64501953125,1.25146484375,3.5107421875,39.73,171.27115465503675
-0.2251982421875,-0.0116923828124999,0.9417041015625,0.9683272045129216,-0.65478515625,0.91162109375,3.6552734375,39.16529411764706,171.27115465503675
-0.2320341796875,-0.0151103515624999,0.9661181640625,0.9937064406549296,-0.64892578125,0.73779296875,3.7490234375,39.73,171.13202399664152
-0.2295927734375,-0.0268291015625,0.9836962890625,1.010490490514734,-0.6611328125,0.72314453125,3.50537109375,40.1064705882353,171.13202399664152
-0.2305693359375,-0.0453837890625,0.9963916015625,1.0237275666155587,-0.6591796875,0.97119140625,3.5146484375,39.68294117647059,171.13202399664152
-0.2212919921875,-0.0483134765625,0.9841845703125,1.0099126725935603,-0.654296875,1.29931640625,3.50048828125,40.15352941176471,171.13202399664152
-0.2071318359375,-0.0429423828125,0.9583056640625,0.9813752551775106,-0.681640625,1.4423828125,3.76220703125,40.24764705882353,171.09863723189756
-0.1939482421875,-0.0258525390625,0.9319384765625,0.9522571073618892,-0.6962890625,1.3662109375,3.79931640625,39.63588235294118,171.09863723189756
-0.1919951171875,-0.0097392578124999,0.9172900390625,0.937218221082936,-0.7314453125,1.26171875,3.69140625,39.91823529411765,171.09863723189756
-0.2081083984375,-0.0004619140624999,0.9153369140625,0.9386964286233772,-0.7880859375,1.140625,3.6826171875,39.73,171.09863723189756
-0.2139677734375,0.0024677734375,0.9172900390625,0.9419178911873493,-0.80712890625,1.0244140625,3.66650390625,39.73,171.09863723189756
-0.2183623046875,0.0132099609375,0.9143603515625,0.9401656511944614,-0.82177734375,0.96142578125,3.61376953125,39.82411764705883,170.96505430887274
-0.2081083984375,0.0244404296875,0.9197314453125,0.943298665110977,-0.84716796875,0.8994140625,3.5224609375,39.63588235294118,170.96505430887274
-0.1993193359375,0.0278583984375,0.9251025390625,0.9467412507237408,-0.85302734375,0.7705078125,3.46728515625,39.63588235294118,170.96505430887274
-0.2066435546875,0.0224873046875,0.9226611328125,0.9457858127339616,-0.8408203125,0.6865234375,3.40625,39.82411764705883,170.96505430887274
-0.2042021484375,0.0102802734375,0.9304736328125,0.952672757460678,-0.79931640625,0.6220703125,3.43505859375,39.91823529411765,171.01792545184156
-0.2120146484375,0.0122333984375,0.9392626953125,0.9629715873249376,-0.7802734375,0.552734375,3.39892578125,39.63588235294118,171.01792545184156
-0.2056669921875,0.0200458984375,0.9358447265625,0.9583872400832872,-0.7763671875,0.435546875,3.31982421875,39.73,171.01792545184156
-0.2066435546875,0.0210224609375,0.9431689453125,0.9657697251206668,-0.74951171875,0.28955078125,3.302734375,39.87117647058824,171.01792545184156
-0.1959013671875,0.0190693359375,0.9382861328125,0.9587084292251036,-0.75634765625,0.08837890625,3.30322265625,39.87117647058824,171.01792545184156
-0.1880888671875,0.0307880859375,0.9480517578125,0.96701988794799,-0.71826171875,-0.09375,3.380859375,39.63588235294118,170.95669927211244
-0.1758818359375,0.0473896484375,0.9500048828125,0.967310434327764,-0.6884765625,-0.279296875,3.38671875,39.63588235294118,170.95669927211244
-0.1778349609375,0.0483662109375,0.9534228515625,0.971071417339457,-0.6279296875,-0.451171875,3.279296875,39.63588235294118,170.95669927211244
-0.1836943359375,0.0571552734375,0.9617236328125,0.9807765699930372,-0.6123046875,-0.49755859375,3.05322265625,39.73,170.95669927211244
-0.1856474609375,0.0605732421875,0.9675830078125,0.9870921813230672,-0.62939453125,-0.501953125,2.80126953125,39.73,170.90660290803854
-0.1959013671875,0.0595966796875,0.9724658203125,0.9937901597277816,-0.62646484375,-0.44677734375,2.62890625,39.73,170.90660290803854
-0.2061552734375,0.0732685546875,0.9856494140625,1.0096400573045006,-0.6015625,-0.3173828125,2.466796875,39.68294117647059,170.90660290803854
-0.2007841796875,0.0752216796875,0.9832080078125,1.0063153454729867,-0.57666015625,-0.1767578125,2.291015625,39.73,170.90660290803854
-0.1954130859375,0.0722919921875,0.9729541015625,0.995013612990971,-0.60595703125,-0.1650390625,2.12548828125,39.54176470588236,170.90660290803854
-0.1968779296875,0.0801044921875,0.9763720703125,0.999239745282868,-0.59619140625,-0.26416015625,1.9912109375,39.63588235294118,170.85373235538654
-0.2110380859375,0.0844990234375,0.9876025390625,1.0134278138282724,-0.37646484375,-0.1279296875,1.82666015625,39.73,170.85373235538654
-0.1963896484375,0.0693623046875,0.9631884765625,0.9854501837778288,-0.548828125,-0.13818359375,1.6982421875,39.16529411764706,170.85373235538654
-0.1949248046875,0.0683857421875,0.9695361328125,0.9912984424712938,-0.478515625,-0.046875,1.46826171875,40.1064705882353,170.85373235538654
-0.1963896484375,0.0556904296875,0.9622119140625,0.9836270052901168,-0.490234375,-0.0400390625,1.38525390625,39.87117647058824,170.81757082578196
-0.1876005859375,0.0576435546875,0.9656298828125,0.9853719246160744,-0.4931640625,-0.021484375,1.27685546875,39.68294117647059,170.81757082578196
-0.1954130859375,0.0566669921875,0.9710009765625,0.9920888663040844,-0.47998046875,0.03125,1.18505859375,40.1064705882353,170.81757082578196
-0.1968779296875,0.0527607421875,0.9744189453125,0.9955083606369848,-0.416015625,0.2177734375,1.037109375,39.82411764705883,170.81757082578196
-0.1832060546875,0.0488544921875,0.9612353515625,0.9797574296602914,-0.3095703125,0.15234375,0.892578125,39.63588235294118,170.81757082578196
-0.1807646484375,0.0405537109375,0.9592822265625,0.977007088917088,-0.44580078125,-0.07275390625,0.794921875,39.73,170.80921623549293
-0.1973662109375,0.0654560546875,1.0144580078125005,1.035549596074464,-0.48828125,0.0498046875,0.77783203125,39.63588235294118,170.80921623549293
-0.2056669921875,0.0644794921875,1.0393603515625005,1.0614737194054007,-0.36962890625,0.7060546875,0.8173828125,39.87117647058824,170.80921623549293
-0.2369169921875,0.0566669921875,1.0188525390625005,1.04756923663539,-0.06640625,1.537109375,0.728515625,38.788823529411765,170.80921623549293
-0.1895537109375,0.0527607421875,0.9485400390625,0.9687324248475644,-0.19921875,0.9755859375,0.52587890625,39.73,170.78973292654214
-0.1553740234375,0.0659443359375,0.9377978515625,0.952866492745251,-0.2744140625,0.1201171875,0.27734375,39.82411764705883,170.78973292654214
-0.2032255859375,0.0415302734375,0.9944384765625,1.0158411716697546,-0.142578125,0.69677734375,0.08837890625,39.54176470588236,170.78973292654214
-0.1714873046875,0.0346943359375,0.9475634765625,0.9635808916382368,-0.3251953125,0.6083984375,0.265625,39.63588235294118,170.78973292654214
-0.1778349609375,0.0415302734375,0.9490283203125,0.9664392322844728,-0.22705078125,0.34375,0.31396484375,39.54176470588236,170.78973292654214
-0.1934599609375,0.0332294921875,0.9236376953125,0.9442656129708232,-0.21142578125,0.05712890625,0.30126953125,39.82411764705883,170.71183002113105
-0.2051787109375,0.0400654296875,0.9285205078125,0.951763560715791,-0.177734375,-0.11865234375,0.29541015625,39.73,170.71183002113105
-0.2027373046875,0.0425068359375,0.9285205078125,0.9513461931609084,-0.11474609375,-0.3271484375,0.24462890625,39.73,170.71183002113105
-0.1949248046875,0.0337177734375,0.9382861328125,0.9589126314509988,-0.1025390625,-0.8466796875,0.34619140625,40.1064705882353,170.71183002113105
-0.1880888671875,0.0425068359375,0.9656298828125,0.9846955487061864,-0.08203125,-1.01318359375,0.1767578125,39.82411764705883,170.64225180925902
-0.1792998046875,0.0278583984375,0.9724658203125,0.9892493527925816,-0.10888671875,-1.19873046875,0.10400390625,39.91823529411765,170.64225180925902
-0.1983427734375,0.0283466796875,1.0149462890625005,1.0345334019285823,0.005859375,-0.88232421875,-0.03759765625,39.73,170.64225180925902
-0.1792998046875,0.0322529296875,1.0276416015625005,1.043664664869106,-0.03515625,-0.8017578125,-0.13525390625,39.82411764705883,170.64225180925902
-0.1695341796875,0.0161396484375,1.0261767578125005,1.040212028679045,-0.04833984375,-0.56494140625,-0.2177734375,39.49470588235295,170.64225180925902
-0.1543974609375,0.0322529296875,1.0188525390625005,1.0309894877114305,0.01220703125,-0.626953125,-0.25390625,39.91823529411765,171.06802346061122
-0.1456083984375,0.0283466796875,0.9939501953125,1.0049588701566827,0.00830078125,-0.6357421875,-0.40478515625,39.73,171.06802346061122
-0.1490263671875,0.0229755859375,0.9929736328125,1.0043571929981527,-0.04150390625,-0.94775390625,-0.45458984375,39.63588235294118,171.06802346061122
-0.1583037109375,0.0263935546875,1.0012744140625005,1.0140547997430065,-0.0205078125,-0.8828125,-0.56201171875,39.63588235294118,171.06802346061122
-0.1690458984375,0.0356708984375,1.0159228515625005,1.030508694335357,0.02490234375,-0.71728515625,-0.658203125,39.82411764705883,170.9956675326585
-0.1763701171875,0.0102802734375,1.0100634765625005,1.025397644304007,0.01318359375,-0.51708984375,-0.751953125,39.73,170.9956675326585
-0.1646513671875,0.0024677734375,0.9910205078125,1.0046082866109542,0.0166015625,-0.525390625,-0.806640625,39.73,170.9956675326585
-0.1583037109375,0.0010029296875,0.9944384765625,1.00696025464389,0.046875,-0.4619140625,-0.8564453125,40.24764705882353,170.9956675326585
-0.1612333984375,-0.0038798828124999,0.9924853515625,1.0055040702694762,0.04345703125,-0.349609375,-0.80224609375,39.82411764705883,170.9956675326585
-0.1617216796875,-0.0033916015624999,0.9822314453125,0.9954617103649884,0.07080078125,-0.296875,-0.87353515625,38.93,171.13202399664152
-0.1680693359375,-0.0029033203124999,0.9846728515625,0.9989175919742,0.076171875,-0.375,-0.65673828125,39.07117647058824,171.13202399664152
-0.1763701171875,-0.0043681640624999,0.9973681640625,1.0128517926031484,0.13818359375,-0.126953125,-0.650390625,39.73,171.13202399664152
-0.1734404296875,-0.0082744140624999,1.0017626953125005,1.016699830971771,0.15771484375,0.0498046875,-0.62060546875,39.63588235294118,171.13202399664152
-0.1612333984375,-0.0092509765624999,0.9993212890625,1.012286929735143,0.15380859375,0.03369140625,-0.59716796875,39.73,171.25725298157204
-0.1524443359375,-0.0063212890624999,0.9919970703125,1.0036620057386951,0.1494140625,-0.119140625,-0.5859375,39.73,171.25725298157204
-0.1519560546875,-0.0009501953124999,0.9934619140625,1.0050164775365868,0.16455078125,-0.1923828125,-0.60302734375,39.63588235294118,171.25725298157204
-0.1548857421875,-0.0048564453124999,1.0022509765625005,1.0141598484531575,0.13818359375,-0.23681640625,-0.58837890625,39.82411764705883,171.25725298157204
-0.1592802734375,2.6367187500001e-05,1.0037158203125005,1.0162753830272329,0.13623046875,-0.1181640625,-0.65478515625,40.24764705882353,171.25725298157204
-0.1656279296875,0.0024677734375,1.0042041015625005,1.0177743259648746,0.12744140625,0.0634765625,-0.73779296875,40.24764705882353,171.11253925377534
-0.1558623046875,0.0063740234375,0.9822314453125,0.994541250204316,0.11767578125,0.1796875,-0.837890625,40.15352941176471,171.11253925377534
-0.1568388671875,-0.0024150390624999,0.9749072265625,0.9874453721994536,0.095703125,0.1943359375,-0.89892578125,39.87117647058824,171.11253925377534
-0.1661162109375,-0.0019267578124999,0.9710009765625,0.985109742321752,0.09521484375,0.15869140625,-0.9716796875,38.88294117647059,171.11253925377534
-0.1680693359375,-0.0033916015624999,0.9631884765625,0.9777478437851044,0.0537109375,0.11572265625,-0.96923828125,39.82411764705883,171.21550982286644
-0.1666044921875,0.0049091796875,0.9670947265625,0.9813528249346692,0.0673828125,0.24951171875,-0.9873046875,39.87117647058824,171.21550982286644
-0.1641630859375,0.0117451171875,0.9680712890625,0.9819620599948868,0.0859375,0.1728515625,-0.9853515625,39.73,171.21550982286644
-0.1670927734375,0.0127216796875,0.9753955078125,0.9896859263068823,0.1025390625,0.26611328125,-0.984375,39.63588235294118,171.21550982286644
-0.1622099609375,0.0093037109375,0.9788134765625,0.992206859664315,0.14453125,0.310546875,-1.021484375,39.54176470588236,171.21550982286644
-0.1656279296875,0.0083271484375,0.9793017578125,0.9932441217285508,0.1650390625,0.3447265625,-1.037109375,39.68294117647059,171.05966778627098
-0.1661162109375,0.0097919921875,0.9827197265625,0.9967088539901244,0.240234375,0.4091796875,-1.0771484375,39.82411764705883,171.05966778627098
-0.1626982421875,-0.0004619140624999,0.9773486328125,0.9907983051236848,0.23779296875,0.40576171875,-1.1875,39.87117647058824,171.05966778627098
-0.1729521484375,0.0053974609375,0.9968798828125,1.0117860836115422,0.0888671875,0.37255859375,-1.14697265625,39.82411764705883,171.05966778627098
-0.1802763671875,0.0205341796875,1.0335009765625005,1.0493071474346312,0.15478515625,0.7119140625,-1.0078125,39.73,171.2294116883204
-0.1651396484375,0.0127216796875,1.0300830078125005,1.0433139257213908,0.31640625,1.33349609375,-0.96435546875,39.63588235294118,171.2294116883204
-0.1607451171875,0.0097919921875,0.9646533203125,0.9780035297485148,0.3232421875,1.3154296875,-1.103515625,39.73,171.2294116883204
-0.1480498046875,0.0195576171875,0.8464892578125001,0.8595611139703895,0.21728515625,0.44873046875,-1.28955078125,39.54176470588236,171.2294116883204
-0.1792998046875,0.0171162109375,1.0193408203125005,1.035131437351409,0.23486328125,0.38916015625,-1.38232421875,39.63588235294118,171.2294116883204
-0.1890654296875,0.0039326171875,1.0305712890625005,1.0477778314226762,0.26025390625,0.9345703125,-1.337890625,39.63588235294118,170.94279640645902
-0.1895537109375,-0.0038798828124999,1.0154345703125005,1.0329825891110402,0.2919921875,1.20068359375,-1.19677734375,39.73,170.94279640645902
-0.2027373046875,-0.0033916015624999,0.9983447265625,1.018727692137729,0.29931640625,1.36669921875,-1.07666015625,39.91823529411765,170.94279640645902
-0.1929716796875,-0.0107158203124999,0.9597705078125,0.9790364271226322,0.2880859375,1.34521484375,-0.9619140625,40.01235294117648,170.94279640645902
-0.1851591796875,0.0073505859375,0.9407275390625,0.958804597239062,0.33837890625,1.07470703125,-0.9052734375,39.82411764705883,171.0235078920748
-0.1714873046875,0.0083271484375,0.9334033203125,0.949062166267565,0.37353515625,0.6142578125,-0.86962890625,39.82411764705883,171.0235078920748
-0.1602568359375,0.0039326171875,0.9504931640625,0.9639164766058234,0.37841796875,0.37109375,-0.9453125,39.73,171.0235078920748
-0.1573271484375,-0.0009501953124999,0.9793017578125,0.99185919734671,0.35009765625,0.18017578125,-1.1064453125,39.63588235294118,171.0235078920748
-0.1583037109375,-0.0068095703124999,0.9978564453125,1.0103583129742255,0.31591796875,0.43212890625,-1.279296875,39.63588235294118,171.0235078920748
-0.1534208984375,-0.0043681640624999,0.9949267578125,1.0066957367278058,0.26953125,0.7158203125,-1.4345703125,39.63588235294118,171.1431529462964
-0.1529326171875,-0.0077861328124999,0.9880908203125,0.9998862327534176,0.26416015625,0.751953125,-1.4892578125,39.73,171.1431529462964
-0.1553740234375,-0.0009501953124999,0.9915087890625,1.003609320810879,0.2890625,0.99755859375,-1.50927734375,39.73,171.1431529462964
-0.1592802734375,0.0005146484375,0.9890673828125,1.0018107396673823,0.33642578125,1.11279296875,-1.501953125,39.82411764705883,171.1431529462964
-0.1631865234375,0.0034443359375,0.9744189453125,0.9879949321052174,0.36328125,1.123046875,-1.55712890625,39.07117647058824,171.11253925377534
-0.1763701171875,0.0068623046875,0.9778369140625,0.9936390390708436,0.2509765625,1.072265625,-1.58837890625,39.73,171.11253925377534
-0.1861357421875,0.0107685546875,0.9856494140625,1.0031287273981833,0.4150390625,1.05419921875,-1.62060546875,39.87117647058824,171.11253925377534
-0.1993193359375,0.0088154296875,0.9836962890625,1.0037252106998582,0.44775390625,1.13623046875,-1.64208984375,39.54176470588236,171.11253925377534
-0.2085966796875,0.0014912109375,0.9822314453125,1.0041381432090868,0.4921875,1.2373046875,-1.63134765625,39.54176470588236,171.11253925377534
-0.2027373046875,0.0044208984375,0.9729541015625,0.993861983779558,0.453125,1.2001953125,-1.68115234375,39.73,170.92053856020223
-0.1993193359375,0.0024677734375,0.9753955078125,0.9955554651776614,0.478515625,1.212890625,-1.7177734375,39.54176470588236,170.92053856020223
-0.2081083984375,0.0102802734375,0.9802783203125,1.002177815957262,0.4853515625,1.212890625,-1.72998046875,39.49470588235295,170.92053856020223
-0.2100615234375,0.0068623046875,0.9846728515625,1.0068532958970402,0.51318359375,1.36962890625,-1.72802734375,40.15352941176471,170.92053856020223
-0.2266630859375,0.0107685546875,0.9949267578125,1.0204760505313497,0.58251953125,1.568359375,-1.67529296875,39.54176470588236,170.7201846696037
-0.2227568359375,0.0161396484375,1.0032275390625005,1.0277872305793514,0.642578125,1.78564453125,-1.67578125,39.82411764705883,170.7201846696037
-0.2002958984375,0.0107685546875,0.9753955078125,0.9958066104228008,0.6201171875,1.66552734375,-1.64990234375,39.118235294117646,170.7201846696037
-0.1792998046875,0.0063740234375,0.9490283203125,0.965838392740174,0.6240234375,1.505859375,-1.6767578125,39.87117647058824,170.7201846696037
-0.1851591796875,0.0093037109375,0.9573291015625,0.9751151160546224,0.67333984375,1.34423828125,-1.77978515625,39.68294117647059,170.7201846696037
-0.1885771484375,0.0078388671875,0.9514697265625,0.970008984142168,0.63720703125,1.16943359375,-1.814453125,39.87117647058824,170.594960968723
-0.1959013671875,0.0068623046875,0.9578173828125,0.9776699727972334,0.64111328125,1.04541015625,-1.75048828125,39.07117647058824,170.594960968723
-0.2159208984375,0.0049091796875,0.9617236328125,0.985676559697619,0.66162109375,1.04345703125,-1.8603515625,39.63588235294118,170.594960968723
-0.2168974609375,-0.0029033203124999,0.9636767578125,0.9877883535342898,0.64990234375,1.05322265625,-1.818359375,39.82411764705883,170.594960968723
-0.2110380859375,-0.0029033203124999,0.9475634765625,0.970784242301147,0.60400390625,0.9326171875,-1.82421875,39.73,170.8871518961138
-0.2110380859375,0.0024677734375,0.9470751953125,0.9703064408722188,0.57861328125,0.75048828125,-1.87353515625,39.68294117647059,170.8871518961138
-0.2286162109375,-0.0029033203124999,0.9558642578125,0.9828276962599792,0.58544921875,0.7177734375,-1.89404296875,39.07117647058824,170.8871518961138
-0.2325224609375,-0.0131572265624999,0.9685595703125,0.9961663760111474,0.61474609375,0.7548828125,-1.81884765625,39.63588235294118,170.8871518961138
-0.2369169921875,-0.0121806640624999,0.9841845703125,1.0123721144941598,0.662109375,0.8798828125,-1.759765625,39.73,170.8871518961138
-0.2154326171875,-0.0092509765624999,0.9651416015625,0.9889363499145148,0.623046875,0.85205078125,-1.73681640625,39.68294117647059,171.17653987951115
-0.2178740234375,-0.0048564453124999,0.9607470703125,0.9851535962802804,0.6015625,0.73291015625,-1.74609375,39.87117647058824,171.17653987951115
-0.2281279296875,-0.0063212890624999,0.9636767578125,0.9903308561016002,0.74365234375,0.7490234375,-1.66943359375,39.68294117647059,171.17653987951115
-0.2364287109375,-0.0058330078124999,0.9690478515625,0.9974899989241024,0.6923828125,0.82421875,-1.7490234375,39.63588235294118,171.17653987951115
-0.2271513671875,-0.0155986328124999,0.9612353515625,0.9878332157071116,0.7900390625,0.802734375,-1.6162109375,39.87117647058824,171.09028132911234
-0.2266630859375,-0.0185283203125,0.9627001953125,0.9891972094759665,0.6484375,0.74951171875,-1.6337890625,39.73,171.09028132911234
-0.2305693359375,-0.0053447265624999,0.9978564453125,1.0241622284718306,0.54052734375,0.52001953125,-1.501953125,39.63588235294118,171.09028132911234
-0.2344755859375,-0.0165751953125,1.0164111328125005,1.0432378100920094,0.7099609375,1.03564453125,-1.3369140625,39.54176470588236,171.09028132911234
-0.2481474609375,-0.0292705078125,0.9568408203125,0.9889278438863108,0.751953125,1.37744140625,-1.212890625,39.82411764705883,171.09028132911234
-0.2017607421875,-0.0380595703125,0.9002001953125001,0.9233181031589744,0.669921875,0.822265625,-1.3212890625,39.91823529411765,171.19325198827295
-0.1959013671875,-0.0385478515625,0.9114306640625,0.933042945377878,0.6796875,0.40966796875,-1.41455078125,39.73,171.19325198827295
-0.2027373046875,-0.0497783203125,0.9241259765625,0.9474117987668724,0.6123046875,0.25439453125,-1.36328125,39.54176470588236,171.19325198827295
-0.2198271484375,-0.0375712890625,0.9226611328125,0.9492308164797572,0.55322265625,0.134765625,-1.20556640625,39.54176470588236,171.19325198827295
-0.2593779296875,-0.0273173828125,0.9285205078125,0.9644550187754124,0.5146484375,0.02490234375,-0.986328125,39.68294117647059,171.1487364875617
-0.2613310546875,-0.0204814453125,0.9338916015625,0.96998295511578,0.52294921875,-0.05517578125,-0.77783203125,39.63588235294118,171.1487364875617
-0.2564482421875,-0.0263408203125,0.9343798828125,0.9692911353873488,0.56396484375,-0.146484375,-0.59619140625,39.63588235294118,171.1487364875617
-0.2339873046875,-0.0195048828125,0.9358447265625,0.96485017046342,0.56298828125,-0.25390625,-0.59619140625,39.68294117647059,171.1487364875617
-0.2266630859375,-0.0224345703125,0.9451220703125,0.9721806376716228,0.54150390625,-0.41845703125,-0.6640625,39.68294117647059,171.1487364875617
-0.2286162109375,-0.0146220703124999,0.9651416015625,0.991956394157662,0.56201171875,-0.39599609375,-0.75927734375,39.82411764705883,171.06802346061122
-0.2422880859375,-0.0253642578125,0.9763720703125,1.0063047658875288,0.556640625,-0.21435546875,-0.7724609375,39.73,171.06802346061122
-0.2461943359375,-0.0199931640625,0.9778369140625,1.0085516388168776,0.60009765625,-0.0634765625,-0.7158203125,39.82411764705883,171.06802346061122
-0.2476591796875,-0.0185283203125,0.9651416015625,0.996582499848214,0.5830078125,-0.03271484375,-0.6484375,39.73,171.06802346061122
-0.2540068359375,-0.0107158203124999,0.9563525390625,0.9895678251030804,0.59814453125,-0.08056640625,-0.5849609375,39.07117647058824,170.97340966962253
-0.2584013671875,-0.0053447265624999,0.9534228515625,0.9878334710607684,0.58935546875,-0.16455078125,-0.54833984375,39.73,170.97340966962253
-0.2593779296875,-0.0024150390624999,0.9417041015625,0.9767749780385871,0.59375,-0.28662109375,-0.52587890625,39.82411764705883,170.97340966962253
-0.2554716796875,-0.0024150390624999,0.9475634765625,0.9814011176125884,0.5888671875,-0.4365234375,-0.52978515625,39.87117647058824,170.97340966962253
-0.2647490234375,0.0019794921875,0.9685595703125,1.0040934244602766,0.59326171875,-0.37841796875,-0.54345703125,39.54176470588236,170.97340966962253
-0.2740263671875,-0.0019267578124999,0.9807666015625,1.0183306383734618,0.5751953125,-0.18798828125,-0.47412109375,39.82411764705883,170.9372499878497
-0.2696318359375,-0.0053447265624999,0.9890673828125,1.0251751951723294,0.59326171875,0.0498046875,-0.41015625,39.82411764705883,170.9372499878497
-0.2461943359375,-0.0068095703124999,0.9822314453125,1.012638451499957,0.6142578125,0.20654296875,-0.466796875,39.82411764705883,170.9372499878497
-0.2491240234375,-0.0097392578124999,0.9719775390625,1.003443056998463,0.74853515625,0.26318359375,-0.3984375,39.73,170.9372499878497
-0.2422880859375,-0.0097392578124999,0.9636767578125,0.9937158865983816,0.61669921875,0.21875,-0.26904296875,39.73,170.91218333235784
-0.2300810546875,-0.0029033203124999,0.8391650390625001,0.8701400368789592,0.61572265625,0.16650390625,-0.18115234375,39.73,170.91218333235784
-0.2237333984375,0.0044208984375,0.9661181640625,0.99169576224308,0.5927734375,0.13916015625,-0.1669921875,39.54176470588236,170.91218333235784
-0.2208037109375,0.0107685546875,0.9553759765625,0.9806189357373124,0.59619140625,0.0771484375,-0.16552734375,40.1064705882353,170.91218333235784
-0.2222685546875,0.0112568359375,0.9607470703125,0.9861870815784628,0.576171875,0.037109375,-0.19677734375,39.63588235294118,170.91218333235784
-0.2291044921875,0.0161396484375,0.9568408203125,0.9840191624193486,0.54150390625,0.02685546875,-0.21435546875,39.73,171.12089506102097
-0.2217802734375,0.0112568359375,0.9480517578125,0.9737121451089676,0.52685546875,0.033203125,-0.2412109375,39.68294117647059,171.12089506102097
-0.2271513671875,0.0176044921875,0.9553759765625,0.9821664412680168,0.48583984375,-0.017578125,-0.259765625,39.63588235294118,171.12089506102097
-0.2315458984375,0.0210224609375,0.9631884765625,0.9908519003008912,0.4609375,-0.0390625,-0.28173828125,39.73,171.12089506102097
-0.2325224609375,0.0171162109375,0.9641650390625,0.9919545766151192,0.4794921875,-0.04833984375,-0.23291015625,39.73,171.34909677706983
-0.2276396484375,0.0180927734375,0.9675830078125,0.994164993851068,0.4560546875,-0.068359375,-0.173828125,39.68294117647059,171.34909677706983
-0.2300810546875,0.0151630859375,0.9719775390625,0.998953225803518,0.416015625,-0.08544921875,-0.18896484375,39.68294117647059,171.34909677706983
-0.2330107421875,0.0146748046875,0.9734423828125,1.0010491638890988,0.373046875,-0.0654296875,-0.20361328125,39.63588235294118,171.34909677706983
-0.2525419921875,0.0044208984375,0.9797900390625,1.011822871261132,0.33740234375,-0.01025390625,-0.1328125,39.82411764705883,171.34909677706983
-0.2554716796875,0.0058857421875,0.9822314453125,1.0149280926470274,0.423828125,0.02880859375,-0.00146484375,39.82411764705883,170.95950764302728
-0.2432646484375,0.0097919921875,0.9822314453125,1.011954635569749,0.458984375,-0.0302734375,0.01806640625,38.93,170.95950764302728
-0.2466826171875,0.0180927734375,0.9739306640625,1.0048485460378385,0.5048828125,-0.0146484375,-0.0205078125,39.63588235294118,170.95950764302728
-0.2374052734375,0.0263935546875,0.9817431640625,1.0103848394391244,0.623046875,0.0810546875,-0.14208984375,39.54176470588236,170.95950764302728
-0.2193388671875,0.0356708984375,0.9841845703125,1.008960465080587,0.43896484375,0.21875,-0.369140625,39.82411764705883,171.0568945474121
-0.2105498046875,0.0571552734375,1.0002978515625005,1.0238133313139723,0.47216796875,0.35546875,-0.67138671875,39.82411764705883,171.0568945474121
-0.2095732421875,0.0586201171875,0.9910205078125,1.0146324008649643,0.53662109375,0.3232421875,-0.939453125,40.24764705882353,171.0568945474121
-0.2046904296875,0.0678974609375,1.0051806640625005,1.0280546700504511,0.44091796875,0.23681640625,-1.04736328125,39.353529411764704,171.0568945474121
-0.1939482421875,0.0971943359375,1.0447314453125005,1.0670175501887016,0.443359375,0.5361328125,-1.13720703125,38.97705882352941,171.0568945474121
-0.1822294921875,0.0776630859375,1.0056689453125005,1.0249922781690632,0.5546875,1.27392578125,-1.1630859375,39.91823529411765,171.07079676127418
-0.1392607421875,0.0747333984375,0.9299853515625,0.943319346392015,0.59619140625,1.3603515625,-1.3544921875,39.54176470588236,171.07079676127418
-0.1094755859375,0.0986591796875,0.8757861328125001,0.8880990305588917,0.51318359375,0.2890625,-1.61181640625,39.118235294117646,171.07079676127418
-0.1260771484375,0.1181904296875,0.9133837890625,0.9295882804500156,0.48681640625,-0.7919921875,-1.8857421875,39.54176470588236,171.07079676127418
-0.1597685546875,0.1045185546875,0.9753955078125,0.993904681547331,0.5263671875,-0.78173828125,-2.0126953125,39.63588235294118,171.1487364875617
-0.1719755859375,0.0947529296875,0.9714892578125,0.9911332392206372,0.55224609375,-0.40673828125,-2.00634765625,39.118235294117646,171.1487364875617
-0.1758818359375,0.0844990234375,0.9265673828125,0.946890500568383,0.4931640625,-0.3369140625,-1.98095703125,40.24764705882353,171.1487364875617
-0.1919951171875,0.1025654296875,0.9441455078125,0.9689130674695986,0.44921875,-0.63427734375,-1.99755859375,39.73,171.1487364875617
-0.2139677734375,0.0937763671875,0.9548876953125,0.9830497066638616,0.458984375,-0.6748046875,-2.10009765625,39.73,171.1487364875617
-0.2417998046875,0.0776630859375,0.9587939453125,0.9918591281185842,0.435546875,-0.63720703125,-2.064453125,38.788823529411765,171.20996539301248
-0.2388701171875,0.0630146484375,0.9553759765625,0.9867993896408846,0.41455078125,-0.93994140625,-1.93896484375,39.87117647058824,171.20996539301248
-0.2349638671875,0.0390888671875,0.8396533203125001,0.8727850002913163,0.36572265625,-1.1884765625,-1.86279296875,39.73,171.20996539301248
-0.2447294921875,0.0302998046875,0.9998095703125,1.029771712273608,0.33642578125,-1.14013671875,-1.8046875,39.63588235294118,171.20996539301248
-0.2510771484375,0.0283466796875,1.0159228515625005,1.0468727281975083,0.2763671875,-0.908203125,-1.79052734375,39.73,171.25448073620294
-0.2422880859375,0.0244404296875,0.9954150390625,1.0247692184986654,0.17724609375,-0.5478515625,-1.73046875,39.73,171.25448073620294
-0.2408232421875,0.0395771484375,1.0144580078125005,1.04340176071878,0.2109375,-0.16552734375,-1.70361328125,40.1064705882353,171.25448073620294
-0.2149443359375,0.0249287109375,0.9773486328125,1.0010159130808467,0.103515625,-0.17724609375,-1.61962890625,39.54176470588236,171.25448073620294
-0.2090849609375,0.0166279296875,0.9607470703125,0.9833757888264184,0.06689453125,-0.12060546875,-1.60888671875,39.91823529411765,171.25448073620294
-0.2090849609375,0.0014912109375,0.9519580078125,0.9746500875897154,-0.05810546875,-0.265625,-1.4619140625,40.24764705882353,171.27396655660738
-0.2247099609375,-0.0077861328124999,0.9597705078125,0.9857558612939468,-0.060546875,-0.20458984375,-1.32666015625,39.63588235294118,171.27396655660738
-0.2320341796875,-0.0160869140625,0.9695361328125,0.9970451154167111,-0.06787109375,-0.14990234375,-1.1005859375,39.73,171.27396655660738
-0.2403349609375,-0.0312236328125,0.9690478515625,0.998894162217768,-0.03759765625,0.1005859375,-0.880859375,38.97705882352941,171.27396655660738
-0.2393583984375,-0.0370830078125,0.9627001953125,0.9927030061532568,-0.04931640625,0.20166015625,-0.59912109375,39.68294117647059,171.045765648267
-0.2515654296875,-0.0488017578125,0.9563525390625,0.990089367658666,-0.037109375,0.2978515625,-0.2578125,39.73,171.045765648267
-0.2447294921875,-0.0546611328125,0.9407275390625,0.973575198193383,-0.06884765625,0.2001953125,0.05419921875,39.63588235294118,171.045765648267
-0.2281279296875,-0.0517314453125,0.9324267578125,0.9613210459687004,-0.13818359375,-0.01025390625,0.2685546875,39.73,171.045765648267
-0.2349638671875,-0.0556376953125,0.9490283203125,0.9792641751736644,-0.18359375,-0.06494140625,0.40869140625,39.91823529411765,171.045765648267
-0.2417998046875,-0.0571025390625,0.9617236328125,0.9932976348629698,-0.2392578125,-0.22314453125,0.72705078125,39.63588235294118,171.24335187934278
-0.2413115234375,-0.0463603515625,0.9724658203125,1.0030305604600438,-0.2314453125,-0.21044921875,0.9345703125,39.82411764705883,171.24335187934278
-0.2413115234375,-0.0400126953125,0.9778369140625,1.0079669129654858,-0.19189453125,-0.00537109375,1.04443359375,39.91823529411765,171.24335187934278
-0.2417998046875,-0.0405009765625,0.9915087890625,1.0213702332835115,-0.13427734375,0.1962890625,1.22509765625,39.54176470588236,171.24335187934278
-0.2408232421875,-0.0400126953125,0.9680712890625,0.998378119988114,-0.25,0.2216796875,1.4609375,39.82411764705883,171.17099420984133
-0.2227568359375,-0.0287822265625,0.9627001953125,0.9885548495543922,-0.04150390625,0.2109375,1.591796875,39.73,171.17099420984133
-0.2061552734375,-0.0024150390624999,0.9636767578125,0.9854840042982816,-0.009765625,0.1865234375,1.52734375,39.73,171.17099420984133
-0.1993193359375,-0.0087626953124999,0.9548876953125,0.9755078129707232,-0.02001953125,0.23681640625,1.47900390625,39.82411764705883,171.17099420984133
-0.1959013671875,0.0029560546875,0.9553759765625,0.975258601868242,0.02001953125,0.23388671875,1.4169921875,39.73,171.17099420984133
-0.1988310546875,0.0102802734375,0.9578173828125,0.9782911689000778,-0.0087890625,0.3583984375,1.404296875,39.73,171.1682220253614
-0.1827177734375,0.0249287109375,0.9675830078125,0.9849995443483452,0.0,0.3974609375,1.322265625,39.63588235294118,171.1682220253614
-0.1807646484375,0.0268818359375,0.9568408203125,0.9741369752988548,-0.02294921875,0.32958984375,1.2216796875,39.82411764705883,171.1682220253614
-0.1949248046875,0.0312763671875,0.9631884765625,0.983212048344454,-0.03173828125,0.2861328125,1.15869140625,39.68294117647059,171.1682220253614
-0.2056669921875,0.0288349609375,0.9607470703125,0.9829370782312428,0.0,0.3154296875,1.0576171875,39.73,171.0040231218533
-0.2085966796875,0.0234638671875,0.9719775390625,0.994385973494214,0.00146484375,0.318359375,1.01953125,39.87117647058824,171.0040231218533
-0.1939482421875,0.0229755859375,0.9700244140625,0.9894903547150368,0.03955078125,0.30517578125,1.03564453125,39.68294117647059,171.0040231218533
-0.1929716796875,0.0210224609375,0.9617236328125,0.9811179128603026,0.09326171875,0.27587890625,1.0263671875,39.82411764705883,171.0040231218533
-0.1934599609375,0.0215107421875,0.9587939453125,0.9783533605417348,0.255859375,0.24267578125,0.99658203125,39.73,171.0040231218533
-0.1749052734375,0.0176044921875,0.9490283203125,0.965171759624468,0.15869140625,-0.0263671875,0.9736328125,39.82411764705883,170.88437877906273
-0.1954130859375,0.0376240234375,0.9822314453125,1.0021878334204248,0.07421875,-0.15283203125,1.111328125,39.54176470588236,170.88437877906273
-0.2154326171875,0.0483662109375,1.0110400390625005,1.034868331478072,0.2939453125,0.49462890625,1.353515625,39.68294117647059,170.88437877906273
-0.2090849609375,0.0459248046875,0.9944384765625,1.017218507619561,0.5546875,1.205078125,1.427734375,38.97705882352941,170.88437877906273
-0.1797880859375,0.0478779296875,0.9348681640625,0.953202253550536,0.52880859375,0.79150390625,1.32275390625,40.24764705882353,171.1431529462964
-0.1719755859375,0.0556904296875,0.9075244140625,0.9253526831629164,0.38623046875,-0.240234375,1.2451171875,38.97705882352941,171.1431529462964
-0.1998076171875,0.0600849609375,0.9543994140625,0.976939879409092,0.466796875,-0.3740234375,1.0625,39.63588235294118,171.1431529462964
-0.1949248046875,0.0537373046875,1.0066455078125005,1.0267514576549788,0.55810546875,-0.119140625,1.09619140625,40.24764705882353,171.1431529462964
-0.1856474609375,0.0400654296875,0.9802783203125,0.9985067869991074,0.5419921875,0.51220703125,1.1337890625,39.54176470588236,171.1431529462964
-0.1602568359375,0.0429951171875,0.9348681640625,0.949478445118295,0.466796875,0.17578125,1.26171875,39.82411764705883,170.95950764302728
-0.1631865234375,0.0674091796875,0.9412158203125,0.957633050465726,0.51708984375,0.06298828125,1.20263671875,39.54176470588236,170.95950764302728
-0.1797880859375,0.0649677734375,0.9309619140625,0.9503865807477556,0.47607421875,-0.01953125,1.23974609375,39.82411764705883,170.95950764302728
-0.1876005859375,0.0820576171875,0.9529345703125,0.974685450634846,0.5263671875,-0.10205078125,1.2236328125,39.73,170.95950764302728
-0.1783232421875,0.0576435546875,0.9402392578125,0.9587344888096356,0.419921875,-0.42919921875,1.2919921875,39.63588235294118,171.02628094550167
-0.1895537109375,0.0591083984375,0.9636767578125,0.9839193593196728,0.46044921875,-0.46875,1.23876953125,39.63588235294118,171.02628094550167
-0.1954130859375,0.0630146484375,0.9973681640625,1.0182830523772457,0.41259765625,-0.35595703125,1.05224609375,39.68294117647059,171.02628094550167
-0.2027373046875,0.0503193359375,1.0056689453125005,1.0271341089882566,0.3212890625,-0.2509765625,0.98583984375,40.24764705882353,171.02628094550167
-0.2212919921875,0.0512958984375,1.0227587890625005,1.047681705293843,0.30859375,0.03076171875,1.0322265625,39.87117647058824,171.02628094550167
-0.2081083984375,0.0571552734375,1.0095751953125005,1.0323845726143963,0.2685546875,0.18408203125,1.08740234375,39.68294117647059,171.07360696359575
-0.1817412109375,0.0678974609375,0.9919970703125,1.0107908391271516,0.2412109375,0.16748046875,1.03955078125,39.73,171.07360696359575
-0.1783232421875,0.0664326171875,0.9793017578125,0.9976193683892144,0.12841796875,0.08935546875,0.93798828125,39.87117647058824,171.07360696359575
-0.1890654296875,0.0615498046875,0.9783251953125,0.9983257499149412,0.029296875,0.03125,0.81640625,39.82411764705883,171.07360696359575
-0.1988310546875,0.0552021484375,0.9802783203125,1.0017617734646076,-0.0556640625,0.03857421875,0.7548828125,39.63588235294118,170.70905578704102
-0.2007841796875,0.0615498046875,0.9778369140625,1.0001338389301329,-0.11962890625,0.0751953125,0.77880859375,39.63588235294118,170.70905578704102
-0.1939482421875,0.0625263671875,0.9587939453125,0.9802098228487596,-0.20166015625,0.037109375,0.79345703125,38.88294117647059,170.70905578704102
-0.1880888671875,0.0698505859375,0.9519580078125,0.9728723322995844,-0.298828125,-0.18701171875,0.74560546875,39.63588235294118,170.70905578704102
-0.1924833984375,0.0698505859375,0.9558642578125,0.9775507364803644,-0.40673828125,-0.43896484375,0.65576171875,39.87117647058824,170.70905578704102
-0.1963896484375,0.0639912109375,0.9714892578125,0.9932044840493496,-0.47509765625,-0.61083984375,0.45849609375,39.91823529411765,170.9622807591683
-0.1993193359375,0.0332294921875,0.9832080078125,1.0037581299577256,-0.587890625,-0.568359375,0.20654296875,38.97705882352941,170.9622807591683
-0.2012724609375,0.0180927734375,0.9939501953125,1.0142854345519583,-0.705078125,-0.26025390625,0.02783203125,39.68294117647059,170.9622807591683
-0.1558623046875,0.0415302734375,1.0022509765625005,1.015147694503011,-0.86572265625,0.28515625,-0.15380859375,38.97705882352941,170.9622807591683
-0.0191435546875,0.0932880859375,1.0066455078125005,1.0111401095115564,-0.9794921875,0.87548828125,-0.734375,39.63588235294118,170.6283477515005
0.0643525390625,0.0918232421875,0.9534228515625,0.9599936931934416,-1.173828125,1.462890625,-1.619140625,39.82411764705883,170.6283477515005
0.0623994140625,0.0869404296875,0.8870166015625001,0.8934488103059276,-1.48681640625,1.28515625,-1.91064453125,39.82411764705883,170.6283477515005
0.0492158203125,0.1137958984375,0.8855517578125001,0.8941888051385115,-1.46142578125,0.01220703125,-1.46435546875,39.73,170.6283477515005
0.0101533203125,0.1196552734375,0.9075244140625,0.9154348892708072,-1.14111328125,-0.49560546875,-0.751953125,40.24764705882353,170.6283477515005
-0.0079130859375,0.1220966796875,0.8855517578125001,0.8939642788638565,-0.7958984375,-0.80419921875,-0.23681640625,39.63588235294118,170.92889411203615
-0.0318388671875,0.1279560546875,0.8743212890625001,0.8842082231595031,-0.62353515625,-1.6953125,-0.046875,39.63588235294118,170.92889411203615
-0.1006865234375,0.1084248046875,0.8967822265625001,0.9089070778423106,-0.20458984375,-2.73486328125,-0.14990234375,38.93,170.92889411203615
-0.1988310546875,0.0786396484375,0.8958056640625001,0.920970016005393,-0.18212890625,-3.2919921875,-0.07958984375,39.73,170.92889411203615
-0.2764677734375,0.0752216796875,0.9358447265625,0.9787226793527052,-0.126953125,-3.17236328125,0.23486328125,39.82411764705883,171.41032691945384
-0.2886748046875,0.0913349609375,0.9773486328125,1.0231742608232892,-0.154296875,-2.57275390625,0.6416015625,39.63588235294118,171.41032691945384
-0.2466826171875,0.1225849609375,1.0100634765625005,1.0469515809988768,-0.1474609375,-1.83203125,0.58984375,39.16529411764706,171.41032691945384
-0.2081083984375,0.1557880859375,1.0427783203125005,1.074693285795557,-0.13427734375,-0.9619140625,0.0107421875,39.73,171.41032691945384
-0.1836943359375,0.1616474609375,1.0662158203125005,1.0939331269175998,-0.13623046875,-0.09375,-0.501953125,38.88294117647059,171.41032691945384
-0.1421904296875,0.1484638671875,1.0681689453125005,1.0877704417224263,-0.21484375,0.58251953125,-1.11865234375,39.73,171.25170892439726
-0.1128935546875,0.1352802734375,1.0671923828125005,1.0816400921768416,-0.23388671875,0.99951171875,-1.53369140625,38.788823529411765,171.25170892439726
-0.0733427734375,0.0727802734375,0.9929736328125,0.9983349969213716,-0.43115234375,1.06591796875,-1.900390625,39.68294117647059,171.25170892439726
-0.0792021484375,0.0371357421875,0.9836962890625,0.9875780641449392,-0.74267578125,0.779296875,-1.9765625,39.54176470588236,171.25170892439726
-0.0870146484375,0.0283466796875,1.0154345703125005,1.0195501213171128,-0.9736328125,0.47021484375,-1.62744140625,40.15352941176471,171.0151520266554
-0.0875029296875,0.0058857421875,1.0193408203125005,1.0231065988548576,-0.7998046875,0.61181640625,-1.2412109375,39.82411764705883,171.0151520266554
-0.0977568359375,-0.0317119140625,0.9368212890625,0.9424416014304244,-0.779296875,0.12548828125,-1.02880859375,39.63588235294118,171.0151520266554
-0.1041044921875,-0.0155986328124999,0.9387744140625,0.9446578550658576,-0.8515625,-1.02978515625,-0.89453125,39.68294117647059,171.0151520266554
-0.1514677734375,0.0053974609375,1.0173876953125005,1.0286152543823013,-0.7919921875,-1.55078125,-0.52978515625,39.73,171.0151520266554
-0.1890654296875,0.0127216796875,1.0623095703125005,1.079077940194553,-0.6650390625,-1.24365234375,-0.0322265625,40.24764705882353,170.89828077010242
-0.2066435546875,0.0224873046875,1.0374072265625005,1.05802693315912,-0.60302734375,-0.8564453125,0.47119140625,39.68294117647059,170.89828077010242
-0.2237333984375,0.0405537109375,1.0129931640625005,1.0381986262197378,-0.58740234375,-0.69091796875,0.72607421875,38.88294117647059,170.89828077010242
-0.2227568359375,0.0508076171875,0.9861376953125,1.012259638648804,-0.6669921875,-0.64599609375,0.86865234375,39.63588235294118,170.89828077010242
-0.2305693359375,0.0595966796875,0.9695361328125,0.9983557961635982,-0.72216796875,-0.4873046875,0.9716796875,39.49470588235295,171.22109420775493
-0.2276396484375,0.0605732421875,0.9592822265625,0.987781006806955,-0.7607421875,-0.4853515625,1.16162109375,39.73,171.22109420775493
-0.2081083984375,0.0522724609375,0.9597705078125,0.983463747852125,-0.8388671875,-0.54345703125,1.3564453125,39.63588235294118,171.22109420775493
-0.1846708984375,0.0351826171875,0.9627001953125,0.9808836951120156,-0.904296875,-0.40869140625,1.4794921875,39.54176470588236,171.22109420775493
-0.1524443359375,0.0156513671875,0.9739306640625,0.985913373099019,-0.98828125,-0.28076171875,1.60498046875,39.87117647058824,171.22109420775493
-0.1304716796875,0.0068623046875,0.9817431640625,0.9903987028513066,-1.04150390625,-0.15185546875,1.765625,39.82411764705883,171.21273739115531
-0.1036162109375,0.0034443359375,0.9988330078125,1.0041989644063871,-1.09521484375,-0.103515625,1.89306640625,39.73,171.21273739115531
-0.0826201171875,-0.0009501953124999,1.0090869140625005,1.0124640175173576,-1.099609375,-0.275390625,2.10205078125,39.73,171.21273739115531
-0.0679716796875,-0.0038798828124999,1.0247119140625005,1.0269711337480776,-1.103515625,-0.42529296875,2.2998046875,39.63588235294118,171.21273739115531
-0.0704130859375,0.0151630859375,1.0530322265625005,1.0554926773907845,-1.10498046875,-0.50439453125,2.55615234375,39.68294117647059,171.39919809924623
-0.0669951171875,0.0307880859375,1.0652392578125005,1.067787866735518,-1.12890625,-0.34765625,2.75732421875,39.73,171.39919809924623
-0.0660185546875,0.0434833984375,1.0623095703125005,1.06524686278826,-1.1611328125,-0.173828125,2.78369140625,39.87117647058824,171.39919809924623
-0.0767607421875,0.0517841796875,1.0505908203125005,1.05466339868793,-1.16064453125,-0.0234375,2.7666015625,40.24764705882353,171.39919809924623
-0.0918974609375,0.0517841796875,1.0198291015625005,1.0252697893659226,-1.1630859375,0.05419921875,2.76708984375,39.07117647058824,171.39919809924623
-0.1080107421875,0.0732685546875,0.9993212890625,1.007808335105156,-1.14990234375,-0.05126953125,2.84130859375,39.73,170.99289423108547
-0.1241240234375,0.0942646484375,0.9700244140625,0.9824662645692498,-1.24951171875,-0.29345703125,2.94775390625,39.91823529411765,170.99289423108547
-0.1480498046875,0.1089130859375,0.9612353515625,0.9786491741425624,-1.09375,-0.48486328125,3.0244140625,39.82411764705883,170.99289423108547
-0.1607451171875,0.1343037109375,0.9793017578125,1.0014531503399744,-0.9833984375,-0.51611328125,3.0517578125,39.87117647058824,170.99289423108547
-0.1631865234375,0.1455341796875,0.9919970703125,1.0158091486088885,-0.875,-0.31640625,2.94580078125,40.24764705882353,170.867667617231
-0.1622099609375,0.1494404296875,1.0149462890625005,1.0386339505014606,-0.76708984375,-0.021484375,2.77490234375,39.82411764705883,170.867667617231
-0.1592802734375,0.1377216796875,1.0208056640625005,1.0422963447812494,-0.6787109375,0.31982421875,2.66259765625,38.97705882352941,170.867667617231
-0.1431669921875,0.1260029296875,1.0261767578125005,1.0437491385464344,-0.5615234375,0.611328125,2.62744140625,38.97705882352941,170.867667617231
-0.1128935546875,0.1201435546875,1.0173876953125005,1.030658600602648,-0.62353515625,0.8525390625,2.66015625,39.68294117647059,170.867667617231
-0.0850615234375,0.1206318359375,1.0129931640625005,1.0236907018472503,-0.4189453125,0.83251953125,2.662109375,40.15352941176471,171.23499515828766
-0.0626005859375,0.1147724609375,0.9998095703125,1.008320746606869,-0.3447265625,0.56494140625,2.57373046875,39.82411764705883,171.23499515828766
-0.0499052734375,0.1142841796875,1.0032275390625005,1.0109485175700674,-0.25537109375,0.30859375,2.42529296875,39.82411764705883,171.23499515828766
-0.0376982421875,0.0952412109375,1.0081103515625005,1.013300807584962,-0.171875,0.15576171875,2.28173828125,39.73,171.23499515828766
-0.0362333984375,0.0869404296875,0.9959033203125,1.000347400099605,-0.09130859375,0.05859375,2.15771484375,39.82411764705883,170.90940965813024
-0.0313505859375,0.0849873046875,0.9836962890625,0.9878583351432552,-0.052734375,-0.1220703125,1.98974609375,39.68294117647059,170.90940965813024
-0.0259794921875,0.0830341796875,0.9812548828125,0.985104438145555,-0.0166015625,-0.29736328125,1.83447265625,39.82411764705883,170.90940965813024
-0.0274443359375,0.0786396484375,0.9690478515625,0.9726207506008296,0.0830078125,-0.32080078125,1.70751953125,38.93,170.90940965813024
-0.0196318359375,0.0683857421875,0.9822314453125,0.9848048694424164,0.15576171875,-0.29736328125,1.60888671875,39.82411764705883,170.90940965813024
-0.0176787109375,0.0503193359375,0.9944384765625,0.9958676900359548,0.27099609375,-0.1962890625,1.52880859375,39.54176470588236,171.1988365923142
-0.0123076171875,0.0410419921875,1.0017626953125005,1.0026786226320568,0.35595703125,-0.03857421875,1.54345703125,39.87117647058824,171.1988365923142
-0.0049833984375,0.0337177734375,1.0115283203125005,1.0121023986236757,0.4228515625,0.09423828125,1.57177734375,39.07117647058824,171.1988365923142
0.0028291015625,0.0376240234375,1.0046923828125005,1.0054005943089233,0.5400390625,0.01904296875,1.5419921875,39.73,171.1988365923142
0.0013642578125,0.0132099609375,0.9871142578125,0.9872035870295812,0.6162109375,-0.20751953125,1.439453125,40.1064705882353,171.1682220253614
-0.0084013671875,-0.0068095703124999,0.9802783203125,0.9803379715654986,0.50927734375,-0.43701171875,1.4716796875,39.82411764705883,171.1682220253614
-0.0084013671875,-0.0087626953124999,0.9959033203125,0.9959773045653304,0.44921875,-0.40869140625,1.60791015625,39.73,171.1682220253614
-0.0010771484374999,-0.0209697265625,0.9807666015625,0.980991343703561,0.6513671875,0.0244140625,1.6552734375,39.73,171.1682220253614
0.0252900390625,-0.0541728515625,0.9163134765625,0.9182617661931975,0.65478515625,-0.16357421875,1.3203125,39.63588235294118,171.1682220253614
0.0653291015625,-0.0688212890625,0.9016650390625,0.9066444198288364,0.38330078125,-1.03857421875,0.79150390625,39.91823529411765,170.9372499878497
0.0428681640625,-0.0702861328125,0.9343798828125,0.9379997789768008,0.13525390625,-1.263671875,0.5205078125,39.73,170.9372499878497
0.0106416015625,-0.0751689453125,0.9377978515625,0.9408657844870592,-0.00927734375,-0.76708984375,0.58203125,39.54176470588236,170.9372499878497
0.0101533203125,-0.0824931640625,0.9265673828125,0.9302877656523366,-0.0859375,-0.5634765625,0.67041015625,39.63588235294118,170.9372499878497
0.0169892578125,-0.1078837890625,0.9094775390625,0.9160114305414988,-0.17236328125,-0.74951171875,0.6044921875,39.73,171.2934526195108
-0.0005888671874999,-0.1337626953125,0.9187548828125,0.9284413498512656,-0.2822265625,-0.98046875,0.50390625,39.91823529411765,171.2934526195108
-0.0220732421875,-0.1645244140625,0.9353564453125,0.9499722051886113,-0.37890625,-1.11962890625,0.56494140625,39.73,171.2934526195108
-0.0489287109375,-0.1889384765625,0.9519580078125,0.971759134414546,-0.39599609375,-1.27197265625,0.828125,40.24764705882353,171.2934526195108
-0.0630888671875,-0.2026103515625,0.9724658203125,0.9953496528352966,-0.38720703125,-1.50927734375,1.23046875,39.63588235294118,171.2934526195108
-0.0674833984375,-0.2094462890625,1.0061572265625005,1.0299388921827688,-0.3291015625,-1.69580078125,1.73876953125,39.82411764705883,171.21832258137636
-0.0660185546875,-0.1996806640625,1.0295947265625005,1.050854946283633,-0.22021484375,-1.626953125,2.109375,39.73,171.21832258137636
-0.0582060546875,-0.1801494140625,1.0413134765625005,1.0583834431150303,-0.1416015625,-1.3681640625,2.35693359375,39.63588235294118,171.21832258137636
-0.0479521484375,-0.1576884765625,1.0515673828125005,1.0644054794933675,-0.1123046875,-1.1708984375,2.50927734375,40.15352941176471,171.21832258137636
-0.0313505859375,-0.1313212890625,1.0510791015625005,1.0597147814110617,-0.056640625,-0.962890625,2.42041015625,39.73,170.94560618765277
-0.0220732421875,-0.1293681640625,1.0515673828125005,1.0597251108135075,-0.0830078125,-0.6806640625,2.3603515625,38.88294117647059,170.94560618765277
-0.0127958984375,-0.1381572265625,1.0676806640625005,1.076658327735037,-0.14501953125,-0.49658203125,2.45947265625,39.73,170.94560618765277
-0.0069365234375,-0.1479228515625,1.0681689453125005,1.0783849874241571,-0.15771484375,-0.05078125,2.50048828125,39.87117647058824,170.94560618765277
0.0028291015625,-0.1469462890625,1.0706103515625005,1.080651535212749,-0.1318359375,0.177734375,2.74365234375,39.82411764705883,170.94560618765277
0.0130830078125,-0.1479228515625,1.0554736328125005,1.0658690935899304,-0.25,0.1259765625,2.66015625,40.15352941176471,171.0541217421314
0.0042939453125,-0.1552470703125,1.0588916015625005,1.0702203112754671,-0.1318359375,0.27197265625,2.45458984375,39.63588235294118,171.0541217421314
-0.0152373046875,-0.1689189453125,1.0569384765625005,1.0704600547324905,-0.1494140625,0.3623046875,2.26171875,39.87117647058824,171.0541217421314
-0.0284208984375,-0.1728251953125,1.0603564453125005,1.0747241909990488,-0.21435546875,0.58935546875,2.134765625,39.73,171.0541217421314
-0.0538115234375,-0.1689189453125,1.0466845703125005,1.0615921438435834,-0.2939453125,0.75,2.087890625,39.63588235294118,170.98734892865426
-0.0684599609375,-0.1630595703125,1.0413134765625005,1.0562239091181105,-0.3544921875,1.18408203125,2.087890625,39.63588235294118,170.98734892865426
-0.0792021484375,-0.1542705078125,1.0310595703125005,1.0455411074801604,-0.37744140625,1.40478515625,2.09423828125,39.63588235294118,170.98734892865426
-0.0918974609375,-0.1488994140625,1.0193408203125005,1.0342494316122568,-0.36083984375,1.63037109375,2.18798828125,39.87117647058824,170.98734892865426
-0.0982451171875,-0.1528056640625,1.0144580078125005,1.030595324866009,-0.3017578125,1.88671875,2.275390625,39.63588235294118,170.98734892865426
-0.0997099609375,-0.1518291015625,1.0178759765625005,1.0339563124496591,-0.26708984375,2.13818359375,2.34326171875,39.82411764705883,171.50217355113267
-0.0992216796875,-0.1664775390625,1.0295947265625005,1.0476760060713546,-0.1962890625,2.35693359375,2.38623046875,39.63588235294118,171.50217355113267
-0.0943388671875,-0.1767314453125,1.0335009765625005,1.0527383787912872,-0.14453125,2.5859375,2.42041015625,39.87117647058824,171.50217355113267
-0.0914091796875,-0.1943095703125,1.0330126953125005,1.0550957662330784,-0.103515625,2.78662109375,2.36962890625,39.73,171.50217355113267
-0.0850615234375,-0.2050517578125,1.0437548828125005,1.067101654738873,-0.14697265625,2.92578125,2.28759765625,39.91823529411765,171.04022059487232
-0.0855498046875,-0.2055400390625,1.0432666015625005,1.0667570851302803,-0.203125,2.99267578125,2.2626953125,39.82411764705883,171.04022059487232
-0.0743193359375,-0.1908916015625,1.0413134765625005,1.0612712771539463,-0.25439453125,2.927734375,2.21484375,40.24764705882353,171.04022059487232
-0.0782255859375,-0.1864970703125,1.0325244140625005,1.0521440325190845,-0.26611328125,2.7900390625,2.1572265625,39.68294117647059,171.04022059487232
-0.0699248046875,-0.1542705078125,1.0256884765625005,1.0395795875470115,-0.26123046875,2.56591796875,2.06396484375,39.63588235294118,171.04022059487232
-0.0933623046875,-0.1366923828125,1.0208056640625005,1.0341399959568351,-0.22314453125,2.38134765625,2.02587890625,39.73,170.72576615146494
-0.1187529296875,-0.1088603515625,1.0344775390625005,1.0469463277916793,-0.13671875,2.330078125,1.9462890625,39.54176470588236,170.72576615146494
-0.1285185546875,-0.0961650390625,1.0403369140625005,1.052646962850291,-0.15673828125,2.2685546875,1.93115234375,40.1064705882353,170.72576615146494
-0.1446318359375,-0.0732158203125,1.0442431640625005,1.0567510160874918,-0.14404296875,2.4501953125,1.78369140625,39.49470588235295,170.72576615146494
-0.1666044921875,-0.0839580078125,1.0349658203125005,1.051646448721254,-0.14794921875,2.6865234375,1.60693359375,39.73,171.36581172285386
-0.1700224609375,-0.0795634765625,1.0188525390625005,1.0360011970939311,-0.05517578125,2.85107421875,1.43505859375,39.73,171.36581172285386
-0.1690458984375,-0.0824931640625,0.9910205078125,1.008713678305459,-0.06591796875,2.70361328125,1.27392578125,39.73,171.36581172285386
-0.1846708984375,-0.0737041015625,1.0037158203125005,1.0232209357037434,-0.1279296875,2.50439453125,1.43310546875,39.73,171.36581172285386
-0.1993193359375,-0.0663798828125,1.0217822265625005,1.0431555037671938,-0.0419921875,2.435546875,1.67529296875,39.87117647058824,171.36581172285386
-0.2002958984375,-0.0654033203125,1.0085986328125005,1.0303723809138274,0.26318359375,2.77734375,1.79052734375,39.82411764705883,171.0429929047855
-0.1919951171875,-0.0907939453125,0.9583056640625,0.9815576454307308,0.42041015625,2.888671875,1.7314453125,39.82411764705883,171.0429929047855
-0.1509794921875,-0.1000712890625,0.9475634765625,0.964720483907664,0.36181640625,2.47900390625,1.6767578125,39.73,171.0429929047855
-0.1641630859375,-0.1093486328125,0.9597705078125,0.9798296127129196,0.40625,2.451171875,1.5888671875,39.91823529411765,171.0429929047855
-0.1817412109375,-0.1332744140625,0.9343798828125,0.961175167491042,0.3017578125,2.46044921875,1.701171875,39.54176470588236,171.00960647698315
-0.1871123046875,-0.1415751953125,0.9192431640625,0.9487162616762068,0.26513671875,2.1611328125,1.93701171875,39.73,171.00960647698315
-0.2095732421875,-0.1391337890625,0.8958056640625001,0.9304552342086778,0.21875,1.76220703125,2.14453125,38.97705882352941,171.00960647698315
-0.2168974609375,-0.1181376953125,0.9021533203125,0.9353510768506934,0.1865234375,1.3662109375,2.1220703125,39.16529411764706,171.00960647698315
-0.2295927734375,-0.1059306640625,0.9026416015625,0.9373878642668468,0.17041015625,1.2138671875,1.93798828125,39.63588235294118,171.00960647698315
-0.2334990234375,-0.0863994140625,0.9246142578125,0.957548003207552,0.1025390625,1.05908203125,1.7626953125,39.82411764705883,170.90663641747096
-0.2354521484375,-0.0732158203125,0.9539111328125,0.98526378186326,0.109375,1.2666015625,1.58203125,39.63588235294118,170.90663641747096
-0.2515654296875,-0.0517314453125,0.9900439453125,1.0228139232030025,0.22314453125,1.80126953125,1.3974609375,39.73,170.90663641747096
-0.2476591796875,-0.0566142578125,0.9876025390625,1.0197543913285407,0.27001953125,2.44580078125,1.33349609375,39.91823529411765,170.90663641747096
-0.2134794921875,-0.0414775390625,0.9661181640625,0.990291970462656,0.27294921875,2.84326171875,1.18603515625,39.82411764705883,170.94837880841644
-0.1978544921875,-0.0375712890625,0.9451220703125,0.9663403798001912,0.3017578125,3.1103515625,0.9150390625,39.82411764705883,170.94837880841644
-0.2144560546875,-0.0414775390625,0.9221728515625,0.9476890596591911,0.31201171875,3.18994140625,0.7578125,39.73,170.94837880841644
-0.2222685546875,-0.0566142578125,0.8953173828125001,0.9242303287367036,0.28759765625,3.01025390625,0.84228515625,39.63588235294118,170.94837880841644
-0.2095732421875,-0.0531962890625,0.8918994140625001,0.917733814249008,0.26513671875,2.619140625,0.8759765625,39.73,170.94837880841644
-0.2095732421875,-0.0483134765625,0.9270556640625,0.9516760689062738,0.29638671875,2.1669921875,1.09130859375,39.63588235294118,171.1042212114782
-0.2193388671875,-0.0473369140625,0.9460986328125,0.9723440466736752,0.318359375,1.99365234375,1.13623046875,39.54176470588236,171.1042212114782
-0.2149443359375,-0.0365947265625,0.9710009765625,0.9951799525960748,0.345703125,1.9287109375,1.1953125,38.88294117647059,171.1042212114782
-0.2154326171875,-0.1567119140625,0.9802783203125,1.015832378806703,0.38427734375,1.76416015625,1.33935546875,39.63588235294118,171.1042212114782
-0.2227568359375,-0.0160869140625,0.9939501953125,1.0187327360611798,0.40771484375,1.546875,1.44677734375,39.82411764705883,170.8509924267594
-0.2188505859375,-0.0155986328124999,1.0071337890625005,1.0307557253695927,0.431640625,1.31005859375,1.4453125,40.24764705882353,170.8509924267594
-0.2261748046875,-0.0126689453124999,1.0090869140625005,1.0342011141856982,0.4775390625,1.06591796875,1.40283203125,39.87117647058824,170.8509924267594
-0.2212919921875,-0.0180400390625,1.0105517578125005,1.0346547462963789,0.44384765625,0.82568359375,1.34716796875,39.73,170.8509924267594
-0.2295927734375,-0.0258525390625,1.0159228515625005,1.0418639238007923,0.396484375,0.6318359375,1.3076171875,39.82411764705883,170.8509924267594
-0.2217802734375,-0.0322001953125,1.0100634765625005,1.0346262943448228,0.3271484375,0.51171875,1.20458984375,39.82411764705883,170.7897656562855
-0.2276396484375,-0.0527080078125,0.9802783203125,1.0077417967430982,0.24169921875,0.47216796875,1.291015625,39.63588235294118,170.7897656562855
-0.2383818359375,-0.0546611328125,0.9548876953125,0.985710023183541,0.193359375,0.47802734375,1.26953125,39.63588235294118,170.7897656562855
-0.2486357421875,-0.0536845703125,0.9343798828125,0.9683839790018566,0.24853515625,0.51953125,1.1005859375,39.63588235294118,170.7897656562855
-0.2754912109375,-0.0590556640625,0.9099658203125,0.9525863598113686,0.03857421875,0.5126953125,1.04541015625,39.63588235294118,170.9984776957991
-0.2994169921875,-0.0722392578125,0.9036181640625,0.9546700121003034,-0.0419921875,0.40234375,1.0927734375,39.73,170.9984776957991
-0.3121123046875,-0.0771220703125,0.9050830078125,0.9604879777995928,-0.107421875,0.36181640625,1.07958984375,39.82411764705883,170.9984776957991
-0.3218779296875,-0.0688212890625,0.9075244140625,0.9653716038747046,-0.18603515625,0.34765625,1.05810546875,39.63588235294118,170.9984776957991
-0.3399443359375,-0.0658916015625,0.9207080078125,0.9836702142194416,-0.23681640625,0.3505859375,1.0,39.07117647058824,170.9984776957991
-0.3423857421875,-0.0492900390625,0.9397509765625,1.0013937299355535,-0.2626953125,0.43212890625,1.205078125,40.15352941176471,170.8203789469913
-0.3438505859375,-0.0380595703125,0.9543994140625,1.0151650101854268,-0.22705078125,0.65283203125,1.15673828125,39.40058823529412,170.8203789469913
-0.3296904296875,-0.0287822265625,0.9592822265625,1.0147643008069072,-0.236328125,0.8876953125,1.10546875,39.82411764705883,170.8203789469913
-0.3272490234375,-0.0199931640625,0.9641650390625,1.0183839514153885,-0.220703125,1.02490234375,1.0390625,38.97705882352941,170.8203789469913
-0.3057646484375,-0.0112041015624999,0.9631884765625,1.0106184213187095,-0.2275390625,1.0,1.00048828125,39.87117647058824,170.72576615146494
-0.2974638671875,2.6367187500001e-05,0.9675830078125,1.012275471393462,-0.22802734375,1.1240234375,0.9658203125,38.88294117647059,170.72576615146494
-0.2754912109375,0.0097919921875,0.9602587890625,0.999043658899144,-0.13720703125,1.1669921875,0.759765625,39.07117647058824,170.72576615146494
-0.2623076171875,-0.0033916015624999,0.9509814453125,0.9865001258613172,-0.125,1.02734375,0.6328125,39.68294117647059,170.72576615146494
-0.2671904296875,0.0112568359375,0.9690478515625,1.005271694961025,-0.20849609375,0.90087890625,0.68701171875,39.54176470588236,170.72576615146494
-0.2745146484375,0.0215107421875,0.9841845703125,1.0219786067611307,-0.1904296875,0.94970703125,0.77099609375,39.63588235294118,170.9984776957991
-0.2745146484375,0.0219990234375,0.9680712890625,1.0064811324342342,0.052734375,1.28759765625,0.74560546875,39.68294117647059,170.9984776957991
-0.2632841796875,-0.0102275390624999,0.8835986328125001,0.9220464769940364,0.1455078125,1.26220703125,0.423828125,39.87117647058824,170.9984776957991
-0.2608427734375,0.0073505859375,0.8943408203125001,0.9316321626293432,0.013671875,0.5615234375,0.44873046875,39.63588235294118,170.9984776957991
-0.2647490234375,0.0224873046875,0.9348681640625,0.9718931054703536,-0.0263671875,0.56884765625,0.4306640625,39.73,170.90386361038003
-0.2618193359375,0.0146748046875,0.9387744140625,0.9747112983144086,-0.0166015625,1.0029296875,0.48046875,39.68294117647059,170.90386361038003
-0.2608427734375,0.0039326171875,0.9045947265625,0.9414595250233516,0.0078125,1.001953125,0.65966796875,39.73,170.90386361038003
-0.2730498046875,-0.0048564453124999,0.8684619140625001,0.9103877619333732,0.0126953125,0.64501953125,0.8662109375,39.63588235294118,170.90386361038003
-0.2808623046875,0.0010029296875,0.8855517578125001,0.9290245184208762,0.04345703125,0.30126953125,0.93994140625,39.68294117647059,170.90386361038003
-0.2837919921875,0.0044208984375,0.8899462890625001,0.934110184394143,-0.0107421875,-0.099609375,0.87841796875,39.82411764705883,171.0346772757559
-0.2969755859375,0.0044208984375,0.9133837890625,0.960460300641357,-0.00244140625,-0.3720703125,0.83251953125,39.63588235294118,171.0346772757559
-0.2935576171875,0.0093037109375,0.9480517578125,0.9925042917475888,-0.00439453125,-0.39013671875,0.7705078125,39.68294117647059,171.0346772757559
-0.2920927734375,0.0097919921875,0.9656298828125,1.0088880720802944,-0.00439453125,-0.25244140625,0.7177734375,39.82411764705883,171.0346772757559
-0.2920927734375,0.0107685546875,0.9910205078125,1.0332259176818075,0.06591796875,0.17626953125,0.60400390625,38.88294117647059,171.36581172285386
-0.2774443359375,0.0102802734375,0.9763720703125,1.0150780577138232,0.03955078125,0.4638671875,0.52099609375,39.16529411764706,171.36581172285386
-0.2554716796875,0.0127216796875,0.9617236328125,0.9951582618691844,0.05615234375,0.5419921875,0.39990234375,39.63588235294118,171.36581172285386
-0.2613310546875,0.0146748046875,0.9460986328125,0.9816373531230254,0.0615234375,0.71728515625,0.29052734375,39.63588235294118,171.36581172285386
