AccX,AccY,AccZ,Magnitude,GyroX,GyroY,GyroZ,Temperature,Altitude
-0.2916044921875,-0.0048564453124999,0.9627001953125,1.0059067705208713,0.03857421875,0.259765625,0.083984375,38.60058823529412,451.25196077477534
-0.2906279296875,0.0005146484375,0.9685595703125,1.0112232689279808,0.04833984375,0.2470703125,0.1142578125,38.45941176470589,451.25196077477534
-0.2891630859375,0.0005146484375,0.9646533203125,1.007060863861685,0.0556640625,0.2548828125,0.0927734375,38.45941176470589,451.25196077477534
-0.2818388671875,-0.0072978515624999,0.9592822265625,0.999854387345312,0.06103515625,0.263671875,0.08837890625,38.64764705882353,451.25196077477534
-0.2754912109375,-0.0024150390624999,0.9587939453125,0.997590632115896,0.05126953125,0.2900390625,0.10888671875,38.08294117647059,451.19799114091927
-0.2720732421875,0.0014912109375,0.9666064453125,1.004168358864262,0.05419921875,0.2822265625,0.0869140625,38.69470588235294,451.19799114091927
-0.2706083984375,0.0029560546875,0.9553759765625,0.992965709456764,0.04931640625,0.27685546875,0.1064453125,39.40058823529412,451.19799114091927
-0.2754912109375,0.0014912109375,0.9592822265625,0.998058125167356,0.05712890625,0.25634765625,0.1103515625,38.60058823529412,451.19799114091927
-0.2764677734375,0.0044208984375,0.9597705078125,0.9988059880473024,0.064453125,0.26416015625,0.10009765625,38.45941176470589,451.19799114091927
-0.2808623046875,-0.0029033203124999,0.9612353515625,1.0014317073853285,0.03955078125,0.255859375,0.1025390625,39.118235294117646,451.43725286722633
-0.2823271484375,0.0034443359375,0.9612353515625,1.001845239190357,0.033203125,0.271484375,0.111328125,38.64764705882353,451.43725286722633
-0.2813505859375,0.0034443359375,0.9607470703125,1.001101867329932,0.0400390625,0.26171875,0.11181640625,38.36529411764706,451.43725286722633
-0.2828154296875,-0.0004619140624999,0.9627001953125,1.0033825026821288,0.02490234375,0.2880859375,0.08935546875,38.64764705882353,451.43725286722633
-0.2828154296875,-0.0014384765624999,0.8381884765625001,0.8846166168043141,0.04150390625,0.29443359375,0.107421875,38.45941176470589,451.5467127681907
-0.2881865234375,-0.0038798828124999,0.9646533203125,1.0067882370049634,0.05322265625,0.2900390625,0.11328125,38.31823529411765,451.5467127681907
-0.2798857421875,-0.0009501953124999,0.9607470703125,1.0006856972421618,0.072265625,0.28369140625,0.1083984375,38.45941176470589,451.5467127681907
-0.2833037109375,-0.0033916015624999,0.9612353515625,1.0021206996592775,0.05126953125,0.27197265625,0.0927734375,38.36529411764706,451.5467127681907
-0.2808623046875,-0.0043681640624999,0.9617236328125,1.0019057146067805,0.05712890625,0.28076171875,0.10498046875,38.64764705882353,451.5467127681907
-0.2754912109375,-0.0063212890624999,0.9636767578125,1.0023014813653792,0.06298828125,0.27490234375,0.24951171875,38.506470588235295,451.1259646080212
-0.2779326171875,-0.0004619140624999,0.9646533203125,1.0038938098480463,0.05859375,0.271484375,0.11669921875,38.64764705882353,451.1259646080212
-0.2706083984375,-0.0087626953124999,0.9553759765625,0.9929999731756286,0.037109375,0.26318359375,0.1220703125,38.45941176470589,451.1259646080212
-0.2706083984375,-0.0082744140624999,0.9534228515625,0.9911167969086973,0.05615234375,0.267578125,0.1201171875,38.64764705882353,451.1259646080212
-0.2657255859375,-0.0087626953124999,0.9568408203125,0.9930917516862504,0.05126953125,0.28076171875,0.115234375,38.31823529411765,450.89102986918
-0.2681669921875,-0.0068095703124999,0.9641650390625,1.000786754757038,0.07373046875,0.25390625,0.1064453125,38.45941176470589,450.89102986918
-0.2657255859375,-0.0082744140624999,0.9622119140625,0.9982636528060738,0.07177734375,0.2177734375,0.099609375,38.506470588235295,450.89102986918
-0.2720732421875,-0.0058330078124999,0.9646533203125,1.0023042958525568,0.08154296875,0.2236328125,0.07568359375,38.36529411764706,450.89102986918
-0.2725615234375,-0.0014384765624999,0.9651416015625,1.002890903508462,0.05859375,0.2373046875,0.07275390625,38.36529411764706,450.89102986918
-0.2720732421875,0.0019794921875,0.9680712890625,1.0055793296457862,0.06005859375,0.20703125,0.0849609375,38.64764705882353,451.2466274261831
-0.2662138671875,0.0019794921875,0.9636767578125,0.9997732918118268,0.0341796875,0.19091796875,0.11083984375,39.118235294117646,451.2466274261831
-0.2681669921875,-0.0029033203124999,0.9670947265625,1.0035906412042337,0.03076171875,0.2119140625,0.10009765625,38.36529411764706,451.2466274261831
-0.2715849609375,2.6367187500001e-05,0.9641650390625,1.0016848877032358,0.05517578125,0.22119140625,0.11767578125,38.36529411764706,451.2466274261831
-0.2671904296875,-0.0033916015624999,0.9719775390625,1.008038970040218,0.0390625,0.2197265625,0.10595703125,38.60058823529412,451.30924789686304
-0.2637724609375,-0.0082744140624999,0.9636767578125,0.9991582810671764,0.03173828125,0.2158203125,0.10205078125,38.31823529411765,451.30924789686304
-0.2691435546875,-0.0009501953124999,0.9714892578125,1.0080826027394965,0.0546875,0.22412109375,0.0869140625,38.64764705882353,451.30924789686304
-0.2652373046875,-0.0063212890624999,0.9690478515625,1.0047111650176874,0.07080078125,0.2294921875,0.07958984375,38.36529411764706,451.30924789686304
-0.2608427734375,-0.0033916015624999,0.9578173828125,0.992705693664297,0.037109375,0.2421875,0.099609375,38.506470588235295,451.30924789686304
-0.2598662109375,-0.0004619140624999,0.9656298828125,0.9999858656661588,0.0693359375,0.24658203125,0.087890625,38.64764705882353,451.07201986620856
-0.2574248046875,0.0005146484375,0.9685595703125,1.0021853302535149,0.07080078125,0.24462890625,0.099609375,38.69470588235294,451.07201986620856
-0.2637724609375,-0.0048564453124999,0.9685595703125,1.0038461722066947,0.06298828125,0.2392578125,0.10888671875,38.45941176470589,451.07201986620856
-0.2618193359375,2.6367187500001e-05,0.9670947265625,1.0019089656805047,0.09375,0.2578125,0.1064453125,39.44764705882353,451.07201986620856
-0.2584013671875,-0.0004619140624999,0.9710009765625,1.004795688891179,0.08447265625,0.2158203125,0.11669921875,38.27117647058824,451.4881999026516
-0.2691435546875,-0.0024150390624999,0.9714892578125,1.0080850477457637,0.0888671875,0.22607421875,0.10791015625,38.36529411764706,451.4881999026516
-0.2613310546875,-0.0019267578124999,0.9700244140625,1.0046118635657484,0.091796875,0.22412109375,0.123046875,38.64764705882353,451.4881999026516
-0.2686552734375,0.0005146484375,0.9729541015625,1.0093639604008475,0.076171875,0.22412109375,0.10400390625,38.69470588235294,451.4881999026516
-0.2642607421875,-0.0043681640624999,0.9651416015625,1.0006753378520892,0.10400390625,0.25048828125,0.10546875,38.506470588235295,451.4881999026516
-0.2627958984375,-0.0053447265624999,0.9646533203125,0.9998231237211568,0.08154296875,0.25634765625,0.099609375,38.64764705882353,451.22194374654055
-0.2642607421875,0.0014912109375,0.9617236328125,0.9973706981266398,0.05029296875,0.27197265625,0.109375,38.36529411764706,451.22194374654055
-0.2593779296875,-0.0068095703124999,0.9670947265625,1.001296904420368,0.060546875,0.27490234375,0.0986328125,38.60058823529412,451.22194374654055
-0.2637724609375,2.6367187500001e-05,0.9592822265625,0.99488607490655,0.0419921875,0.25634765625,0.11669921875,38.506470588235295,451.22194374654055
-0.2574248046875,-0.0068095703124999,0.9646533203125,0.9984337377643892,0.05517578125,0.279296875,0.103515625,38.506470588235295,451.0921311171613
-0.2618193359375,-0.0068095703124999,0.9675830078125,1.002403417754588,0.0517578125,0.271484375,0.10693359375,38.31823529411765,451.0921311171613
-0.2627958984375,-0.0068095703124999,0.9656298828125,1.0007742627905138,0.0537109375,0.2734375,0.08984375,38.64764705882353,451.0921311171613
-0.2647490234375,-0.0029033203124999,0.9646533203125,1.000328197678081,0.06689453125,0.287109375,0.09375,38.506470588235295,451.0921311171613
-0.2613310546875,-0.0033916015624999,0.9685595703125,1.0032014076690556,0.04248046875,0.2724609375,0.09765625,38.64764705882353,451.0921311171613
-0.2657255859375,2.6367187500001e-05,0.9666064453125,1.0024660133075451,0.03759765625,0.27685546875,0.08544921875,38.64764705882353,451.3337034711776
-0.2598662109375,-0.0019267578124999,0.9636767578125,0.9981017250414376,0.03369140625,0.26953125,0.1044921875,38.45941176470589,451.3337034711776
-0.2579130859375,-0.0038798828124999,0.9607470703125,0.9947709015157684,0.02734375,0.28271484375,0.0859375,38.31823529411765,451.3337034711776
-0.2608427734375,-0.0024150390624999,0.9602587890625,0.99505865497468,0.02783203125,0.2705078125,0.09130859375,38.31823529411765,451.3337034711776
-0.2637724609375,-0.0048564453124999,0.9710009765625,1.0062019641679434,0.0478515625,0.26220703125,0.1123046875,38.45941176470589,451.1748635638953
-0.2642607421875,-0.0063212890624999,0.9710009765625,1.006338211061385,0.06298828125,0.27587890625,0.12060546875,38.31823529411765,451.1748635638953
-0.2515654296875,-0.0068095703124999,0.9734423828125,1.0054459748377211,0.0595703125,0.29736328125,0.09912109375,38.506470588235295,451.1748635638953
-0.2618193359375,-0.0033916015624999,0.9631884765625,0.9981447335004588,0.05224609375,0.30322265625,0.09033203125,38.36529411764706,451.1748635638953
-0.2608427734375,-0.0068095703124999,0.9666064453125,1.001205944260258,0.05517578125,0.3271484375,0.08251953125,38.36529411764706,451.1748635638953
-0.2564482421875,-0.0038798828124999,0.9714892578125,1.0047746675035054,0.03466796875,0.3154296875,0.06787109375,38.506470588235295,451.1188706884113
-0.2535185546875,-0.0033916015624999,0.9744189453125,1.006864162395267,0.025390625,0.30908203125,0.0771484375,38.60058823529412,451.1188706884113
-0.2559599609375,-0.0019267578124999,0.9724658203125,1.0055888750751265,0.029296875,0.31201171875,0.0751953125,38.69470588235294,451.1188706884113
-0.2569365234375,-0.0068095703124999,0.9651416015625,0.9987797847326594,0.025390625,0.3056640625,0.0810546875,38.45941176470589,451.1188706884113
-0.2549833984375,-0.0009501953124999,0.9719775390625,1.0048670423453356,0.05126953125,0.31494140625,0.0732421875,38.506470588235295,451.3179372666956
-0.2588896484375,-0.0024150390624999,0.9583056640625,0.9926627968530074,0.0419921875,0.2958984375,0.07373046875,39.40058823529412,451.3179372666956
-0.2554716796875,-0.0033916015624999,0.9592822265625,0.9927233614064992,0.0390625,0.31591796875,0.076171875,38.506470588235295,451.3179372666956
-0.2579130859375,-0.0004619140624999,0.9607470703125,0.9947634424205876,0.03857421875,0.30615234375,0.08203125,38.64764705882353,451.3179372666956
-0.2476591796875,-0.0038798828124999,0.9607470703125,0.9921618093275794,0.01220703125,0.30126953125,0.07177734375,38.64764705882353,451.3179372666956
-0.2520537109375,-0.0038798828124999,0.9524462890625,0.9852411178168168,0.00830078125,0.298828125,0.07373046875,38.506470588235295,451.1255002917145
-0.2574248046875,-0.0072978515624999,0.9548876953125,0.9890052069453648,0.01123046875,0.28369140625,0.06591796875,38.03588235294118,451.1255002917145
-0.2554716796875,-0.0092509765624999,0.9607470703125,0.994176188008828,0.04638671875,0.27001953125,0.05126953125,39.21235294117647,451.1255002917145
-0.2588896484375,-0.0068095703124999,0.8381884765625001,0.8772856675895816,0.03564453125,0.25732421875,0.04150390625,38.506470588235295,451.1255002917145
-0.2574248046875,-0.0072978515624999,0.8377001953125001,0.876391696635943,0.05029296875,0.23388671875,0.04833984375,38.60058823529412,451.2777107808304
-0.2613310546875,-0.0077861328124999,0.9651416015625,0.9999264248307884,0.00048828125,0.22998046875,0.02294921875,38.36529411764706,451.2777107808304
-0.2632841796875,-0.0048564453124999,0.9631884765625,0.9985360212418892,0.01611328125,0.23828125,0.048828125,38.506470588235295,451.2777107808304
-0.2623076171875,-0.0048564453124999,0.9622119140625,0.9973367729405536,0.0068359375,0.22509765625,0.04931640625,38.93,451.2777107808304
-0.2710966796875,-0.0077861328124999,0.9636767578125,1.0011128443635977,0.0009765625,0.22119140625,0.05322265625,38.64764705882353,451.2777107808304
-0.2706083984375,-0.0063212890624999,0.9705126953125,1.0075533513234194,0.01220703125,0.208984375,0.06689453125,38.506470588235295,451.1344148577776
-0.2808623046875,-0.0053447265624999,0.9871142578125,1.026307341040258,0.01220703125,0.1953125,0.0712890625,38.36529411764706,451.1344148577776
-0.2862333984375,-0.0087626953124999,0.9797900390625,1.0207814966271265,0.037109375,0.2265625,0.06689453125,38.36529411764706,451.1344148577776
-0.2745146484375,-0.0087626953124999,0.9827197265625,1.0203789188389667,0.05126953125,0.2373046875,0.06298828125,38.506470588235295,451.1344148577776
-0.2642607421875,-0.0058330078124999,0.9832080078125,1.0181187310271107,0.04931640625,0.26904296875,0.0830078125,38.60058823529412,450.9330660190104
-0.1412138671875,-0.0033916015624999,0.9817431640625,0.9918530634275708,0.05712890625,0.2646484375,0.08056640625,38.36529411764706,450.9330660190104
-0.2686552734375,-0.0004619140624999,0.9651416015625,1.0018354058312209,0.04638671875,0.271484375,0.10302734375,39.25941176470588,450.9330660190104
-0.1368193359375,-0.0014384765624999,0.9627001953125,0.972375064445775,0.04248046875,0.2763671875,0.09716796875,38.64764705882353,450.9330660190104
-0.2603544921875,-0.0038798828124999,0.9617236328125,0.996349266574188,0.03759765625,0.27587890625,0.10400390625,38.60058823529412,450.9330660190104
-0.2535185546875,-0.0068095703124999,0.9587939453125,0.9917680461612932,0.04443359375,0.27978515625,0.09521484375,38.506470588235295,451.1344148577776
-0.2574248046875,-0.0043681640624999,0.9592822265625,0.9932315949084494,0.0546875,0.27685546875,0.0947265625,38.60058823529412,451.1344148577776
-0.2510771484375,-0.0107158203124999,0.9641650390625,0.996377832864054,0.076171875,0.26806640625,0.0859375,38.45941176470589,451.1344148577776
-0.2613310546875,-0.0009501953124999,0.9666064453125,1.0013105627800398,0.0908203125,0.259765625,0.078125,39.21235294117647,451.1344148577776
-0.2637724609375,0.0024677734375,0.9739306640625,1.0090207824698092,0.07373046875,0.24072265625,0.087890625,38.17705882352941,451.1456132471797
-0.2662138671875,0.0014912109375,0.9714892578125,1.0073050306823976,0.0771484375,0.2421875,0.07275390625,38.31823529411765,451.1456132471797
-0.2740263671875,-0.0029033203124999,0.9758837890625,1.0136311207425497,0.05322265625,0.25830078125,0.07861328125,38.506470588235295,451.1456132471797
-0.2784208984375,-0.0029033203124999,0.9778369140625,1.0167062783610883,0.0498046875,0.12548828125,0.0791015625,38.506470588235295,451.1456132471797
-0.2764677734375,-0.0077861328124999,0.9763720703125,1.0147893738603988,0.0673828125,0.2646484375,0.083984375,38.45941176470589,451.1456132471797
-0.2730498046875,-0.0068095703124999,0.9700244140625,1.0077449726815904,0.0322265625,0.298828125,0.08984375,38.45941176470589,451.1522449857549
-0.2706083984375,-0.0107158203124999,0.9690478515625,1.0061796423739529,0.060546875,0.29345703125,0.095703125,38.64764705882353,451.1522449857549
-0.2632841796875,-0.0068095703124999,0.9592822265625,0.9947800358472564,0.0458984375,0.3046875,0.095703125,38.506470588235295,451.1522449857549
-0.2681669921875,-0.0053447265624999,0.9631884765625,0.999837058316858,0.06103515625,0.2822265625,0.10546875,38.64764705882353,451.1522449857549
-0.2725615234375,-0.0082744140624999,0.9612353515625,0.9991654773260192,0.068359375,0.2958984375,0.11669921875,38.506470588235295,451.12984844048697
-0.2681669921875,-0.0068095703124999,0.9617236328125,0.9984349011612144,0.0595703125,0.29541015625,0.1259765625,38.64764705882353,451.12984844048697
-0.2676787109375,-0.0063212890624999,0.9666064453125,1.0030054192795972,0.0478515625,0.2548828125,0.12890625,38.36529411764706,451.12984844048697
-0.2647490234375,-0.0053447265624999,0.9651416015625,1.0008091339410154,0.05419921875,0.2646484375,0.11328125,38.36529411764706,451.12984844048697
-0.2608427734375,-0.0068095703124999,0.9666064453125,1.001205944260258,0.06982421875,0.2587890625,0.109375,38.69470588235294,451.12984844048697
-0.2623076171875,-0.0072978515624999,0.9597705078125,0.9949964685056308,0.06005859375,0.2568359375,0.10205078125,38.64764705882353,451.0158003231488
-0.2632841796875,-0.0048564453124999,0.9617236328125,0.9971231068653787,0.07421875,0.26171875,0.095703125,38.03588235294118,451.0158003231488
-0.2652373046875,-0.0077861328124999,0.9607470703125,0.9967178059892958,0.05908203125,0.27734375,0.08837890625,38.36529411764706,451.0158003231488
-0.2710966796875,-0.0072978515624999,0.9651416015625,1.0025193162436536,0.04931640625,0.28466796875,0.07958984375,38.506470588235295,451.0158003231488
-0.2691435546875,-0.0063212890624999,0.9617236328125,0.9986944265566456,0.05908203125,0.28662109375,0.087890625,38.64764705882353,451.3849131256555
-0.2735380859375,-0.0072978515624999,0.9646533203125,1.0027125068960248,0.0576171875,0.27734375,0.0771484375,38.64764705882353,451.3849131256555
-0.2735380859375,-0.0077861328124999,0.9534228515625,0.991916751650104,0.0283203125,0.28564453125,0.06103515625,38.64764705882353,451.3849131256555
-0.2715849609375,-0.0112041015624999,0.9661181640625,1.0036275354088,0.05419921875,0.26025390625,0.09326171875,38.60058823529412,451.3849131256555
-0.2779326171875,-0.0092509765624999,0.9636767578125,1.002998012865462,0.05322265625,0.287109375,0.09521484375,38.45941176470589,451.3849131256555
-0.2706083984375,-0.0092509765624999,0.9558642578125,0.9934741895166228,0.056640625,0.29638671875,0.1005859375,38.60058823529412,451.24846412212713
-0.2701201171875,-0.0126689453124999,0.9592822265625,0.996668335046031,0.05517578125,0.283203125,0.10693359375,38.36529411764706,451.24846412212713
-0.2667021484375,-0.0068095703124999,0.9514697265625,0.9881654956503682,0.04931640625,0.26171875,0.12646484375,38.60058823529412,451.24846412212713
-0.2715849609375,-0.0053447265624999,0.9524462890625,0.9904246011980814,0.04345703125,0.21923828125,0.1416015625,39.25941176470588,451.24846412212713
-0.2691435546875,-0.0038798828124999,0.9587939453125,0.9958610023935928,0.0322265625,0.1767578125,0.15478515625,38.60058823529412,450.92621395817
-0.2701201171875,-0.0014384765624999,0.9651416015625,1.0022301422282396,0.041015625,0.1083984375,0.1630859375,38.64764705882353,450.92621395817
-0.2730498046875,-0.0058330078124999,0.9656298828125,1.0035094869509231,0.05029296875,0.052734375,0.19091796875,39.118235294117646,450.92621395817
-0.2706083984375,-0.0058330078124999,0.9651416015625,1.002377793225527,0.0615234375,-0.03955078125,0.19287109375,38.69470588235294,450.92621395817
-0.2598662109375,2.6367187500001e-05,0.9719775390625,1.0061166854417214,0.02099609375,-0.177734375,0.20849609375,38.506470588235295,450.92621395817
-0.2476591796875,-0.0038798828124999,0.9695361328125,1.0006749899958238,0.12451171875,-0.35791015625,0.2431640625,38.27117647058824,451.0626591415658
-0.2408232421875,0.0005146484375,0.9729541015625,1.0023152111925695,-0.0478515625,-0.478515625,0.2841796875,38.36529411764706,451.0626591415658
-0.2374052734375,-0.0053447265624999,0.9871142578125,1.0152755231633848,-0.05517578125,-0.544921875,0.29541015625,38.64764705882353,451.0626591415658
-0.2549833984375,-0.0038798828124999,0.9763720703125,1.0091253671648994,-0.09326171875,-0.5859375,0.2822265625,38.60058823529412,451.0626591415658
-0.2574248046875,-0.0009501953124999,0.9783251953125,1.011626720051804,-0.08349609375,-0.57080078125,0.2841796875,38.64764705882353,451.7339272517685
-0.2623076171875,-0.0019267578124999,0.9773486328125,1.0119384114118384,-0.0869140625,-0.5224609375,0.27685546875,38.45941176470589,451.7339272517685
-0.2637724609375,2.6367187500001e-05,0.9763720703125,1.0113744764085018,-0.08984375,-0.46630859375,0.25732421875,39.25941176470588,451.7339272517685
-0.2681669921875,-0.0063212890624999,0.9817431640625,1.0177294014509708,-0.08544921875,-0.32861328125,0.2314453125,38.36529411764706,451.7339272517685
-0.2603544921875,-0.0033916015624999,0.9710009765625,1.0053053571172783,-0.09033203125,-0.2197265625,0.248046875,39.118235294117646,451.7339272517685
-0.2491240234375,-0.0033916015624999,0.9587939453125,0.9906362155618762,-0.072265625,-0.14111328125,0.2646484375,38.64764705882353,451.7494861490977
-0.2452177734375,-0.0058330078124999,0.9592822265625,0.9901455300048037,-0.0859375,-0.072265625,0.26953125,38.64764705882353,451.7494861490977
-0.2471708984375,-0.0121806640624999,0.9617236328125,0.9930529530299363,-0.04638671875,-0.0302734375,0.28564453125,38.36529411764706,451.7494861490977
-0.2476591796875,-0.0102275390624999,0.9636767578125,0.9950440017339798,-0.03125,-0.0166015625,0.2607421875,38.36529411764706,451.7494861490977
-0.2486357421875,-0.0053447265624999,0.9666064453125,0.9980863281875092,-0.00732421875,-0.0009765625,0.25537109375,38.69470588235294,451.42058226909927
-0.2520537109375,-0.0053447265624999,0.9797900390625,1.0117055697906818,0.005859375,0.0283203125,0.2265625,38.60058823529412,451.42058226909927
-0.2515654296875,-0.0063212890624999,0.9797900390625,1.0115896622422371,-0.0087890625,0.05322265625,0.193359375,38.506470588235295,451.42058226909927
-0.2544951171875,-0.0112041015624999,0.9719775390625,1.0048052711874556,0.01123046875,0.10302734375,0.14794921875,38.36529411764706,451.42058226909927
-0.2549833984375,-0.0087626953124999,0.9749072265625,1.0077387651130931,0.0166015625,0.1474609375,0.1328125,38.31823529411765,451.42058226909927
-0.2481474609375,-0.0082744140624999,0.9714892578125,1.0027148180529135,-0.00341796875,0.185546875,0.10888671875,38.31823529411765,451.2528165272274
-0.2398466796875,-0.0116923828124999,0.9627001953125,0.9921969600979827,-0.01025390625,0.21484375,0.0947265625,38.45941176470589,451.2528165272274
-0.2422880859375,-0.0131572265624999,0.9710009765625,1.0008593935630534,0.015625,0.22900390625,0.10986328125,38.64764705882353,451.2528165272274
-0.2501005859375,-0.0102275390624999,0.9617236328125,0.9937641830694184,0.03515625,0.25927734375,0.0986328125,38.45941176470589,451.2528165272274
-0.2437529296875,-0.0131572265624999,0.9651416015625,0.9955334823142232,0.0419921875,0.24658203125,0.10400390625,38.03588235294118,451.36023544796734
-0.2422880859375,-0.0136455078124999,0.9710009765625,1.000865931559291,0.0517578125,0.23486328125,0.09765625,38.36529411764706,451.36023544796734
-0.2452177734375,-0.0131572265624999,0.9685595703125,0.9992059398664506,0.04541015625,0.255859375,0.10302734375,38.31823529411765,451.36023544796734
-0.2422880859375,-0.0102275390624999,0.9724658203125,1.002246422202941,0.03515625,0.27197265625,0.09912109375,38.27117647058824,451.36023544796734
-0.2422880859375,-0.0131572265624999,0.9690478515625,0.9989646479310323,0.048828125,0.2666015625,0.11279296875,38.08294117647059,451.36023544796734
-0.2417998046875,-0.0146220703124999,0.9758837890625,1.0054999354759395,0.05615234375,0.27099609375,0.08349609375,38.03588235294118,451.4630944025184
-0.2432646484375,-0.0146220703124999,0.9680712890625,0.998275270066716,0.05029296875,0.24072265625,0.06396484375,39.25941176470588,451.4630944025184
-0.2471708984375,-0.0126689453124999,0.9749072265625,1.0058320215689684,0.04541015625,0.24609375,0.07861328125,38.60058823529412,451.4630944025184
-0.2457060546875,-0.0204814453125,0.9700244140625,1.000868782003656,0.05712890625,0.22119140625,0.06298828125,38.45941176470589,451.4630944025184
-0.2442412109375,-0.0131572265624999,0.9714892578125,1.0018074963665002,0.06591796875,0.21826171875,0.09521484375,38.506470588235295,451.0133031437937
-0.2437529296875,-0.0116923828124999,0.9656298828125,0.9959885908621424,0.0751953125,0.23974609375,0.07763671875,38.506470588235295,451.0133031437937
-0.2374052734375,-0.0082744140624999,0.9631884765625,0.9920492785979946,0.080078125,0.21875,0.09130859375,38.506470588235295,451.0133031437937
-0.2398466796875,-0.0102275390624999,0.9675830078125,0.9969192090234182,0.0908203125,0.20849609375,0.087890625,38.36529411764706,451.0133031437937
-0.2442412109375,-0.0102275390624999,0.9739306640625,1.0041410807634124,0.1240234375,0.22021484375,0.10888671875,38.36529411764706,451.0133031437937
-0.2432646484375,-0.0072978515624999,0.9680712890625,0.998194854987732,0.10693359375,0.2138671875,0.1015625,38.45941176470589,451.1856280744923
-0.2359404296875,-0.0058330078124999,0.9661181640625,0.994528137999503,0.130859375,0.2080078125,0.1064453125,38.64764705882353,451.1856280744923
-0.2364287109375,-0.0087626953124999,0.9719775390625,1.000357764315698,0.10107421875,0.212890625,0.10498046875,38.64764705882353,451.1856280744923
-0.2383818359375,-0.0068095703124999,0.9729541015625,1.0017544378239938,0.09619140625,0.19482421875,0.109375,38.64764705882353,451.1856280744923
-0.2408232421875,-0.0058330078124999,0.9729541015625,1.002332051620186,0.0869140625,0.17236328125,0.12451171875,38.08294117647059,451.0178665563686
-0.2432646484375,-0.0077861328124999,0.9788134765625,1.0086199159960914,0.08154296875,0.15966796875,0.134765625,38.64764705882353,451.0178665563686
-0.2442412109375,-0.0112041015624999,0.9705126953125,1.0008367463151884,0.064453125,0.140625,0.12841796875,38.60058823529412,451.0178665563686
-0.2432646484375,-0.0058330078124999,0.9758837890625,1.005763830585761,0.0732421875,0.16455078125,0.12646484375,38.31823529411765,451.0178665563686
-0.2325224609375,-0.0048564453124999,0.9758837890625,1.0032145581362375,0.08251953125,0.1787109375,0.10498046875,38.506470588235295,451.0178665563686
-0.2291044921875,-0.0048564453124999,0.9680712890625,0.994823840742016,0.0859375,0.19921875,0.12255859375,38.69470588235294,451.44733761230685
-0.2447294921875,-0.0014384765624999,0.9670947265625,0.9975804748019926,0.07666015625,0.22314453125,0.0,38.64764705882353,451.44733761230685
-0.2330107421875,-0.0053447265624999,0.9636767578125,0.9914612779250682,0.0771484375,0.23291015625,0.11767578125,38.45941176470589,451.44733761230685
-0.2374052734375,-0.0053447265624999,0.9700244140625,0.9986677094185326,0.0625,0.23681640625,0.138671875,38.60058823529412,451.44733761230685
-0.2471708984375,-0.0063212890624999,0.9710009765625,1.0019861816487996,0.05810546875,0.26025390625,0.11669921875,38.64764705882353,451.0580952338349
-0.2403349609375,-0.0087626953124999,0.9763720703125,1.0055546220689788,0.06494140625,0.27587890625,0.1220703125,38.64764705882353,451.0580952338349
-0.2457060546875,-0.0058330078124999,0.9768603515625,1.007304142622797,0.080078125,0.26806640625,0.123046875,38.60058823529412,451.0580952338349
-0.2496123046875,-0.0033916015624999,0.9739306640625,1.0054147124514274,0.09326171875,0.287109375,0.12060546875,38.69470588235294,451.0580952338349
-0.2422880859375,-0.0077861328124999,0.9788134765625,1.0083848285014003,0.068359375,0.30322265625,0.13525390625,38.03588235294118,451.0580952338349
-0.2457060546875,-0.0063212890624999,0.9807666015625,1.0110957178951774,0.10595703125,0.30859375,0.1328125,38.64764705882353,450.93719857881536
-0.2574248046875,-0.0029033203124999,0.9705126953125,1.0040771141202094,0.0791015625,0.31689453125,0.11181640625,38.64764705882353,450.93719857881536
-0.2501005859375,-0.0019267578124999,0.9710009765625,1.0026948249429024,0.10546875,0.36083984375,0.1220703125,38.506470588235295,450.93719857881536
-0.2427763671875,-0.0019267578124999,0.9690478515625,0.9989984061440365,0.10791015625,0.25048828125,0.1201171875,38.45941176470589,450.93719857881536
-0.2476591796875,0.0014912109375,0.9783251953125,1.0091865440922143,0.0927734375,0.390625,0.10986328125,38.45941176470589,451.0334179932127
-0.2476591796875,-0.0038798828124999,0.9758837890625,1.0068263467595124,0.09619140625,0.41357421875,0.1201171875,38.69470588235294,451.0334179932127
-0.2496123046875,-0.0063212890624999,0.9758837890625,1.007320917633402,0.09765625,0.42529296875,0.0986328125,38.506470588235295,451.0334179932127
-0.2422880859375,-0.0072978515624999,0.9734423828125,1.0031684045464968,0.09375,0.43505859375,0.083984375,38.36529411764706,451.0334179932127
-0.2466826171875,-0.0102275390624999,0.9710009765625,1.001898104930376,0.1015625,0.4541015625,0.0693359375,38.69470588235294,451.0334179932127
-0.2486357421875,-0.0097392578124999,0.9763720703125,1.0075797760585437,0.111328125,0.47216796875,0.05615234375,38.36529411764706,450.8834901483122
-0.2530302734375,-0.0136455078124999,0.9783251953125,1.0106090772116378,0.140625,0.48876953125,0.056640625,38.69470588235294,450.8834901483122
-0.1353544921875,-0.0112041015624999,0.9783251953125,0.9877077291539236,0.1572265625,0.49169921875,0.03369140625,38.69470588235294,450.8834901483122
-0.2593779296875,-0.0097392578124999,0.9841845703125,1.0178364465831002,0.1484375,0.48779296875,0.04150390625,38.506470588235295,450.8834901483122
-0.2662138671875,-0.0155986328124999,0.9827197265625,1.018258906861913,0.16357421875,0.5,0.052734375,38.506470588235295,450.4359987795997
-0.2637724609375,-0.0136455078124999,0.9876025390625,1.0223115406739685,0.1904296875,0.51220703125,0.0546875,38.506470588235295,450.4359987795997
-0.2676787109375,-0.0121806640624999,0.9929736328125,1.0284925358635415,0.2509765625,0.55810546875,0.033203125,38.03588235294118,450.4359987795997
-0.2715849609375,-0.0063212890624999,0.9866259765625,1.0233421555524536,0.248046875,0.57177734375,0.01806640625,38.506470588235295,450.4359987795997
-0.2623076171875,-0.0063212890624999,0.9822314453125,1.016672935063523,0.2421875,0.57275390625,0.01123046875,38.36529411764706,450.4359987795997
-0.2632841796875,-0.0058330078124999,0.9822314453125,1.0169224136651445,0.24853515625,0.6201171875,0.02734375,38.31823529411765,450.1786655287239
-0.2530302734375,-0.0043681640624999,0.9793017578125,1.0114718646545664,0.2373046875,0.62451171875,0.001953125,38.64764705882353,450.1786655287239
-0.2549833984375,-0.0048564453124999,0.9724658203125,1.0053506304846451,0.19970703125,0.63525390625,0.01025390625,38.08294117647059,450.1786655287239
-0.2501005859375,-0.0014384765624999,0.9749072265625,1.006477258910944,0.16796875,0.64892578125,0.03662109375,38.45941176470589,450.1786655287239
-0.2461943359375,0.0010029296875,0.9700244140625,1.0007797064254258,0.1162109375,0.64794921875,0.064453125,38.31823529411765,449.9437324271162
-0.2447294921875,0.0093037109375,0.9710009765625,1.0014099958902394,0.0908203125,0.6630859375,0.056640625,38.69470588235294,449.9437324271162
-0.2437529296875,0.0049091796875,0.9670947265625,0.9973523955560744,0.0693359375,0.638671875,0.06298828125,38.45941176470589,449.9437324271162
-0.2520537109375,0.0053974609375,0.9651416015625,0.9975261985775432,0.02734375,0.65625,0.04931640625,38.64764705882353,449.9437324271162
-0.2466826171875,0.0112568359375,0.9641650390625,0.9952855130705917,0.05126953125,0.66162109375,0.04638671875,38.60058823529412,449.9437324271162
-0.2501005859375,0.0088154296875,0.9622119140625,0.9942232055482692,0.04638671875,0.6298828125,0.048828125,38.36529411764706,450.20997553679456
-0.2618193359375,0.0078388671875,0.9646533203125,0.9995833336443078,0.0078125,0.64111328125,0.03173828125,39.118235294117646,450.20997553679456
-0.2525419921875,0.0112568359375,0.9685595703125,1.0010054022917607,-0.01708984375,0.66650390625,0.05078125,38.13,450.20997553679456
-0.2530302734375,0.0078388671875,0.9670947265625,0.9996789370891216,-0.01806640625,0.6328125,0.048828125,38.36529411764706,450.20997553679456
-0.2559599609375,0.0049091796875,0.9670947265625,1.0004058235502866,-0.0439453125,0.642578125,0.0830078125,38.03588235294118,450.5388474405049
-0.2598662109375,0.0014912109375,0.9617236328125,0.9962153468036646,-0.04248046875,0.638671875,0.0986328125,38.506470588235295,450.5388474405049
-0.2681669921875,-0.0004619140624999,0.9631884765625,0.9998228795373116,-0.0322265625,0.61083984375,0.12158203125,38.45941176470589,450.5388474405049
-0.2710966796875,0.0005146484375,0.9651416015625,1.0024928855943211,-0.02099609375,0.6064453125,0.16259765625,38.36529411764706,450.5388474405049
-0.2750029296875,-0.0029033203124999,0.9636767578125,1.0021516522730265,0.0029296875,0.59814453125,0.16455078125,38.45941176470589,450.5388474405049
-0.2725615234375,0.0010029296875,0.9675830078125,1.0052401041214052,0.12158203125,0.57861328125,0.1640625,38.64764705882353,450.36881115721593
-0.2706083984375,-0.0029033203124999,0.9710009765625,1.00800805108842,-0.0126953125,0.564453125,0.17431640625,38.45941176470589,450.36881115721593
-0.2715849609375,-0.0058330078124999,0.9690478515625,1.006402580285574,-0.00537109375,0.54443359375,0.17138671875,38.69470588235294,450.36881115721593
-0.2662138671875,-0.0038798828124999,0.9729541015625,1.0087242241172036,-0.00390625,0.52001953125,0.16357421875,38.69470588235294,450.36881115721593
-0.2637724609375,-0.0058330078124999,0.9685595703125,1.0038513716547388,0.00634765625,0.48779296875,0.1630859375,39.25941176470588,450.556679698717
-0.2754912109375,-0.0121806640624999,0.9670947265625,1.0056420764992933,0.0185546875,0.4931640625,0.18115234375,39.21235294117647,450.556679698717
-0.2652373046875,-0.0048564453124999,0.9714892578125,1.0070579878557366,0.03564453125,0.48046875,0.1689453125,38.69470588235294,450.556679698717
-0.2735380859375,-0.0082744140624999,0.9739306640625,1.0116484017620209,0.0400390625,0.46484375,0.16552734375,38.506470588235295,450.556679698717
-0.2784208984375,-0.0043681640624999,0.9719775390625,1.011077452021365,0.0654296875,0.4658203125,0.15625,38.506470588235295,450.556679698717
-0.2764677734375,-0.0063212890624999,0.9719775390625,1.0105516933274092,0.07080078125,0.474609375,0.13916015625,38.45941176470589,450.5365655865497
-0.2808623046875,-0.0068095703124999,0.9705126953125,1.0103587957774942,0.064453125,0.458984375,0.13720703125,38.788823529411765,450.5365655865497
-0.2774443359375,-0.0092509765624999,0.9719775390625,1.0108418652554685,0.07470703125,0.46435546875,0.1279296875,38.36529411764706,450.5365655865497
-0.2745146484375,-0.0092509765624999,0.9670947265625,1.005343763555094,0.09375,0.47265625,0.138671875,38.45941176470589,450.5365655865497
-0.2774443359375,-0.0063212890624999,0.9710009765625,1.009880297225637,0.1279296875,0.47900390625,0.17236328125,38.45941176470589,450.7827091687635
-0.2745146484375,-0.0053447265624999,0.9719775390625,1.0100134626581896,0.12548828125,0.44287109375,0.1953125,38.03588235294118,450.7827091687635
-0.2681669921875,-0.0053447265624999,0.9680712890625,1.0045417475187624,0.16015625,0.423828125,0.23486328125,38.08294117647059,450.7827091687635
-0.2657255859375,-0.0024150390624999,0.9631884765625,0.9991736389728718,0.16796875,0.38525390625,0.2275390625,38.64764705882353,450.7827091687635
-0.2667021484375,-0.0063212890624999,0.9587939453125,0.9952164710476308,0.1708984375,0.37109375,0.2431640625,38.69470588235294,450.7827091687635
-0.2632841796875,-0.0058330078124999,0.9617236328125,0.9971283413703238,0.1865234375,0.36328125,0.2412109375,38.506470588235295,451.0690887046332
-0.2657255859375,-0.0024150390624999,0.9553759765625,0.9916446823475896,0.19580078125,0.3505859375,0.24560546875,38.60058823529412,451.0690887046332
-0.2750029296875,-0.0038798828124999,0.9514697265625,0.990422286397204,0.1904296875,0.33349609375,0.236328125,38.03588235294118,451.0690887046332
-0.2784208984375,-0.0043681640624999,0.9573291015625,0.9970036540767968,0.21533203125,0.34423828125,0.23291015625,38.64764705882353,451.0690887046332
-0.2730498046875,-0.0024150390624999,0.9592822265625,0.9973888000435251,0.19970703125,0.34716796875,0.2333984375,38.60058823529412,451.3554767211544
-0.2789091796875,-0.0009501953124999,0.9543994140625,0.9943185983113912,0.19873046875,0.3564453125,0.212890625,38.64764705882353,451.3554767211544
-0.2793974609375,-0.0014384765624999,0.9587939453125,0.9986745415604886,0.18994140625,0.365234375,0.185546875,38.69470588235294,451.3554767211544
-0.2750029296875,-0.0004619140624999,0.9583056640625,0.9969837363144788,0.16015625,0.37353515625,0.18017578125,38.60058823529412,451.3554767211544
-0.2793974609375,-0.0033916015624999,0.9587939453125,0.998679264682806,0.15771484375,0.3662109375,0.181640625,38.506470588235295,451.3554767211544
-0.2784208984375,-0.0033916015624999,0.9583056640625,0.9979375959558656,0.15478515625,0.3720703125,0.18359375,38.64764705882353,450.8094615882589
-0.2779326171875,-0.0019267578124999,0.9573291015625,0.9968596996522756,0.15576171875,0.35498046875,0.19482421875,38.506470588235295,450.8094615882589
-0.2847685546875,-0.0043681640624999,0.9548876953125,0.996455077389494,0.166015625,0.3525390625,0.1953125,38.69470588235294,450.8094615882589
-0.2769560546875,-0.0004619140624999,0.9587939453125,0.9979933362305462,0.14599609375,0.34912109375,0.1884765625,38.64764705882353,450.8094615882589
-0.2740263671875,-0.0004619140624999,0.9568408203125,0.9953064948521524,0.12353515625,0.3310546875,0.17578125,38.506470588235295,451.2078221817424
-0.2769560546875,-0.0004619140624999,0.9519580078125,0.991427717098433,0.13916015625,0.32373046875,0.15478515625,38.45941176470589,451.2078221817424
-0.2696318359375,-0.0004619140624999,0.9548876953125,0.9922258064447054,0.2490234375,0.30712890625,0.15380859375,38.36529411764706,451.2078221817424
-0.2715849609375,0.0019794921875,0.9446337890625,0.9829014725980014,0.12548828125,0.29150390625,0.14697265625,38.64764705882353,451.2078221817424
-0.2696318359375,-0.0009501953124999,0.9485400390625,0.9861188749470562,0.11572265625,0.28759765625,0.24951171875,38.506470588235295,451.2078221817424
-0.2696318359375,0.0039326171875,0.9485400390625,0.9861262587182532,0.0986328125,0.28564453125,0.11181640625,38.36529411764706,451.0869260520725
-0.2676787109375,0.0063740234375,0.9456103515625,0.982787595285013,0.08251953125,0.2958984375,0.11572265625,38.64764705882353,451.0869260520725
-0.2691435546875,0.0049091796875,0.9421923828125,0.9798922590289834,0.064453125,0.28369140625,0.11083984375,38.506470588235295,451.0869260520725
-0.2691435546875,0.0014912109375,0.9480517578125,0.9855164190571636,0.056640625,0.27294921875,0.091796875,38.60058823529412,451.0869260520725
-0.2686552734375,0.0073505859375,0.9470751953125,0.9844699653293708,0.06982421875,0.26806640625,0.0888671875,38.64764705882353,450.8318569760918
-0.2715849609375,0.0039326171875,0.9426806640625,0.9810304230158629,0.07177734375,0.28515625,0.06591796875,38.506470588235295,450.8318569760918
-0.2745146484375,0.0049091796875,0.9529345703125,0.9916988895570256,0.06201171875,0.28271484375,0.06640625,38.03588235294118,450.8318569760918
-0.2774443359375,0.0063740234375,0.9529345703125,0.992522182631326,0.0966796875,0.29833984375,0.05078125,38.13,450.8318569760918
-0.2779326171875,0.0044208984375,0.9543994140625,0.9940544882462587,0.07421875,0.30615234375,0.05126953125,38.69470588235294,450.8318569760918
-0.2774443359375,0.0058857421875,0.9578173828125,0.9972081730123784,0.0634765625,0.31005859375,0.0576171875,38.36529411764706,450.9257977349507
-0.2808623046875,0.0053974609375,0.9587939453125,0.9990988921757722,0.07177734375,0.2978515625,0.068359375,38.64764705882353,450.9257977349507
-0.2813505859375,0.0088154296875,0.9607470703125,1.001134754726856,0.05810546875,0.30322265625,0.0751953125,38.31823529411765,450.9257977349507
-0.2793974609375,0.0034443359375,1.0862353515625005,1.121597986630005,0.05224609375,0.30322265625,0.07861328125,38.45941176470589,450.9257977349507
-0.2808623046875,0.0010029296875,0.9646533203125,1.004709245728466,0.0546875,0.29296875,0.076171875,38.64764705882353,451.12715991094086
-0.2803740234375,0.0005146484375,0.9592822265625,0.999415953484961,0.056640625,0.30029296875,0.060546875,38.506470588235295,451.12715991094086
-0.2789091796875,-0.0024150390624999,0.9631884765625,1.002760292547734,0.04248046875,0.29736328125,0.0546875,38.64764705882353,451.12715991094086
-0.2803740234375,0.0024677734375,0.9602587890625,1.000356248991353,0.03125,0.31494140625,0.0537109375,38.64764705882353,451.12715991094086
-0.2725615234375,-0.0004619140624999,0.9651416015625,1.0028899782577347,0.04931640625,0.3369140625,0.03759765625,38.60058823529412,451.12715991094086
-0.2793974609375,-0.0014384765624999,0.9612353515625,1.0010186868818314,0.041015625,0.35205078125,0.03662109375,38.36529411764706,451.0398572710953
-0.2764677734375,0.0019794921875,0.9539111328125,0.993169067904572,0.0498046875,0.3212890625,0.02197265625,38.64764705882353,451.0398572710953
-0.2798857421875,-0.0004619140624999,0.9592822265625,0.9992790562416268,0.06005859375,0.31591796875,0.0234375,38.64764705882353,451.0398572710953
-0.2847685546875,0.0019794921875,0.9534228515625,0.9950438090906838,0.03466796875,0.306640625,0.01025390625,38.64764705882353,451.0398572710953
-0.2789091796875,0.0014912109375,0.9597705078125,0.9994758535806048,0.033203125,0.2939453125,0.013671875,38.45941176470589,451.0309378601536
-0.2725615234375,-0.0014384765624999,0.9583056640625,0.9963140062488638,0.0166015625,0.28515625,0.01904296875,38.45941176470589,451.0309378601536
-0.2745146484375,-0.0033916015624999,0.9597705078125,0.9982631030117196,0.02490234375,0.3134765625,0.0224609375,38.69470588235294,451.0309378601536
-0.2779326171875,0.0019794921875,0.9548876953125,0.9945154441964348,0.0068359375,0.31787109375,0.01611328125,38.506470588235295,451.0309378601536
-0.2823271484375,-0.0009501953124999,0.9548876953125,0.9957509890907466,0.0400390625,0.3203125,0.0234375,38.03588235294118,451.0309378601536
-0.2803740234375,-0.0004619140624999,0.9558642578125,0.9961356763747468,0.029296875,0.3154296875,0.0283203125,39.40058823529412,451.0174621882935
-0.2793974609375,0.0049091796875,0.9602587890625,1.0000919873668146,0.02685546875,0.32421875,0.02490234375,38.64764705882353,451.0174621882935
-0.2828154296875,0.0019794921875,0.9583056640625,0.9991687702450046,0.05029296875,0.31787109375,0.033203125,38.45941176470589,451.0174621882935
-0.2818388671875,0.0019794921875,0.9578173828125,0.9984243608128964,0.03271484375,0.30908203125,0.0283203125,38.506470588235295,451.0174621882935
-0.2784208984375,-0.0004619140624999,0.9680712890625,1.0073134719433054,0.0283203125,0.30615234375,0.02685546875,38.36529411764706,450.77358930951857
-0.2828154296875,-0.0014384765624999,0.9656298828125,1.006194666585263,0.056640625,0.279296875,0.03125,38.506470588235295,450.77358930951857
-0.2813505859375,0.0053974609375,0.9661181640625,1.0062661634594707,0.05078125,0.2783203125,0.033203125,39.25941176470588,450.77358930951857
-0.2813505859375,0.0044208984375,0.9666064453125,1.0067302104685427,0.0322265625,0.26513671875,0.0546875,38.31823529411765,450.77358930951857
-0.2808623046875,0.0063740234375,0.9622119140625,1.0023851704474562,0.025390625,0.265625,0.0634765625,38.64764705882353,450.77358930951857
-0.2813505859375,0.0039326171875,0.9587939453125,0.9992294267350352,0.00732421875,0.2939453125,0.05712890625,38.506470588235295,451.0487770139857
-0.2808623046875,0.0024677734375,0.9641650390625,1.0042429719198962,0.02294921875,0.29638671875,0.0703125,38.83588235294118,451.0487770139857
-0.2842802734375,0.0088154296875,0.9539111328125,0.9954091796692968,0.0283203125,0.30908203125,0.06982421875,39.353529411764704,451.0487770139857
-0.2808623046875,0.0044208984375,0.9666064453125,1.0065938598347577,0.01806640625,0.29541015625,0.06689453125,38.506470588235295,451.0487770139857
-0.2803740234375,0.0019794921875,0.9636767578125,1.0036365900842117,0.03173828125,0.31396484375,0.0791015625,38.506470588235295,451.0108211370479
-0.2818388671875,0.0053974609375,0.9719775390625,1.0120289601014878,0.02490234375,0.30810546875,0.0693359375,38.60058823529412,451.0108211370479
-0.2847685546875,0.0024677734375,0.9617236328125,1.0030012789396725,0.03125,0.31982421875,0.05712890625,38.506470588235295,451.0108211370479
-0.2774443359375,0.0044208984375,0.9685595703125,1.0075229749890222,0.0361328125,0.32080078125,0.046875,38.03588235294118,451.0108211370479
-0.2833037109375,0.0019794921875,0.9670947265625,1.0077386174823686,0.01611328125,0.318359375,0.0546875,39.25941176470588,451.0108211370479
-0.2857451171875,0.0058857421875,0.9636767578125,1.005165562236196,0.05224609375,0.314453125,0.08056640625,38.36529411764706,451.10476472734086
-0.2759794921875,0.0044208984375,0.9612353515625,1.0000788096667923,0.037109375,0.29931640625,0.08154296875,38.60058823529412,451.10476472734086
-0.2798857421875,0.0010029296875,0.9612353515625,1.001154551326262,0.04541015625,0.3046875,0.10546875,38.506470588235295,451.10476472734086
-0.2774443359375,-0.0029033203124999,0.9612353515625,1.0004784804812747,0.07421875,0.30908203125,0.10302734375,38.506470588235295,451.10476472734086
-0.2779326171875,-0.0009501953124999,0.9587939453125,0.9982651311829612,0.0869140625,0.3056640625,0.111328125,38.64764705882353,451.1449997226297
-0.2808623046875,-0.0019267578124999,0.9563525390625,0.9967434602551114,0.10205078125,0.30126953125,0.119140625,38.03588235294118,451.1449997226297
-0.2764677734375,-0.0024150390624999,0.9646533203125,1.0034920480766618,0.1220703125,0.28173828125,0.1142578125,38.45941176470589,451.1449997226297
-0.2784208984375,-0.0014384765624999,0.9617236328125,1.0012155671041267,0.12255859375,0.267578125,0.115234375,38.64764705882353,451.1449997226297
-0.2750029296875,0.0010029296875,0.9563525390625,0.9951069270063176,0.1162109375,0.2705078125,0.10302734375,38.64764705882353,451.1449997226297
-0.2798857421875,-0.0004619140624999,0.9568408203125,0.9969356034673188,0.09375,0.25830078125,0.09326171875,38.64764705882353,451.3216974269216
-0.2793974609375,-0.0029033203124999,0.9587939453125,0.998677725803008,0.09375,0.27392578125,0.0966796875,38.36529411764706,451.3216974269216
-0.2857451171875,-0.0014384765624999,0.9636767578125,1.005149359428404,0.0830078125,0.259765625,0.08642578125,39.353529411764704,451.3216974269216
-0.2867216796875,-0.0033916015624999,0.9602587890625,1.002156557896898,0.060546875,0.2724609375,0.07958984375,38.64764705882353,451.3216974269216
-0.2876982421875,0.0005146484375,0.9646533203125,1.0066412329180254,0.07763671875,0.2685546875,0.0791015625,38.31823529411765,450.9749500191565
-0.2886748046875,2.6367187500001e-05,0.9558642578125,0.9985036919911896,0.0771484375,0.26513671875,0.06787109375,38.69470588235294,450.9749500191565
-0.2833037109375,-0.0009501953124999,0.9607470703125,1.0016470579081946,0.08349609375,0.26513671875,0.068359375,38.64764705882353,450.9749500191565
-0.2837919921875,-0.0019267578124999,0.9587939453125,0.9999137146740852,0.06787109375,0.29443359375,0.06884765625,38.506470588235295,450.9749500191565
-0.2862333984375,-0.0033916015624999,0.9583056640625,1.0001453929886936,0.06494140625,0.2587890625,0.056640625,38.36529411764706,450.9749500191565
-0.2808623046875,0.0005146484375,0.9587939453125,0.999084445192346,0.08203125,0.2587890625,0.0537109375,38.64764705882353,451.37540872652966
-0.2803740234375,-0.0014384765624999,0.9578173828125,0.9980109223105428,0.0673828125,0.24609375,0.04638671875,39.40058823529412,451.37540872652966
-0.2793974609375,-0.0009501953124999,0.9578173828125,0.9977364295580478,0.046875,0.37451171875,0.05419921875,38.64764705882353,451.37540872652966
-0.2793974609375,0.0019794921875,0.9592822265625,0.99914425873662,0.052734375,0.24462890625,0.04736328125,38.506470588235295,451.37540872652966
-0.2784208984375,-0.0053447265624999,0.9558642578125,0.9956019496526782,0.033203125,0.24560546875,0.0419921875,38.69470588235294,451.236670098527
-0.2793974609375,-0.0048564453124999,0.9592822265625,0.9991541004460236,0.056640625,0.23193359375,0.046875,38.60058823529412,451.236670098527
-0.2833037109375,-0.0019267578124999,0.9592822265625,1.000243517962168,0.04541015625,0.24560546875,0.021484375,38.60058823529412,451.236670098527
-0.2803740234375,-0.0043681640624999,0.9573291015625,0.9975508420999264,0.0703125,0.25732421875,0.0341796875,38.64764705882353,451.236670098527
-0.2803740234375,2.6367187500001e-05,0.9583056640625,0.998478512281576,0.0576171875,0.2578125,0.01416015625,38.45941176470589,451.236670098527
-0.2808623046875,0.0005146484375,0.9627001953125,1.0028337674371133,0.05517578125,0.2490234375,0.02880859375,38.506470588235295,451.0263820269006
-0.2769560546875,0.0044208984375,0.9548876953125,0.994250829132306,0.037109375,0.2431640625,0.02099609375,38.36529411764706,451.0263820269006
-0.2789091796875,0.0014912109375,0.9529345703125,0.9929133142025458,0.037109375,0.2412109375,0.03271484375,38.36529411764706,451.0263820269006
-0.2828154296875,0.0005146484375,0.8381884765625001,0.8846155969541256,0.01513671875,0.2216796875,0.05224609375,38.64764705882353,451.0263820269006
-0.2779326171875,0.0014912109375,0.9514697265625,0.9912332742456096,0.02685546875,0.2080078125,0.06689453125,38.45941176470589,451.17403828360017
-0.2823271484375,-0.0038798828124999,0.9607470703125,1.0013783527466231,0.0224609375,0.1962890625,0.05712890625,39.25941176470588,451.17403828360017
-0.2833037109375,-0.0009501953124999,0.9622119140625,1.0030521736509574,0.05126953125,0.20556640625,0.05712890625,38.788823529411765,451.17403828360017
-0.2842802734375,0.0024677734375,0.9622119140625,1.003331017827745,0.03466796875,0.2255859375,0.068359375,38.69470588235294,451.17403828360017
-0.2808623046875,0.0039326171875,0.9612353515625,1.0014352204540244,0.05126953125,0.267578125,0.046875,38.31823529411765,451.17403828360017
-0.2793974609375,0.0029560546875,0.9670947265625,1.0066498346409412,0.04931640625,0.27734375,0.0498046875,38.64764705882353,451.1516434547786
-0.2789091796875,-0.0014384765624999,0.9612353515625,1.000882510998298,0.05224609375,0.271484375,0.044921875,38.60058823529412,451.1516434547786
-0.2803740234375,0.0005146484375,0.9641650390625,1.0041036203659153,0.04931640625,0.248046875,0.06103515625,38.69470588235294,451.1516434547786
-0.2837919921875,2.6367187500001e-05,0.9656298828125,1.0064685619061635,0.0625,0.23974609375,0.0400390625,38.64764705882353,451.1516434547786
-0.2862333984375,-0.0029033203124999,0.9592822265625,1.0010796061495937,0.04736328125,0.21533203125,0.06689453125,38.506470588235295,451.1292486820992
-0.2769560546875,2.6367187500001e-05,0.9602587890625,0.999400619819236,0.03564453125,0.125,0.068359375,38.45941176470589,451.1292486820992
-0.2740263671875,-0.0024150390624999,0.9622119140625,1.0004739126491364,0.046875,0.2333984375,0.05615234375,38.36529411764706,451.1292486820992
-0.2735380859375,-0.0004619140624999,0.9548876953125,0.9932944218519352,0.03759765625,0.22509765625,0.0595703125,38.64764705882353,451.1292486820992
-0.2686552734375,-0.0019267578124999,0.9602587890625,0.997134048317088,0.0380859375,0.22314453125,0.07470703125,38.60058823529412,451.1292486820992
-0.2735380859375,-0.0048564453124999,0.9578173828125,0.9961228881705368,0.0390625,0.23046875,0.0693359375,38.64764705882353,451.1470914366259
-0.2774443359375,-0.0043681640624999,0.9558642578125,0.9953245298717996,0.06201171875,0.2177734375,0.083984375,38.36529411764706,451.1470914366259
-0.2808623046875,-0.0048564453124999,0.9583056640625,0.9986275406925832,0.07666015625,0.1923828125,0.083984375,38.03588235294118,451.1470914366259
-0.2828154296875,-0.0029033203124999,0.9631884765625,1.0038550881083146,0.080078125,0.2216796875,0.060546875,38.13,451.1470914366259
-0.2779326171875,0.0019794921875,0.9641650390625,1.0034264699699755,0.07666015625,0.21923828125,0.048828125,38.64764705882353,451.0956566283498
-0.2759794921875,-0.0019267578124999,0.8386767578125001,0.8829196433416947,0.07470703125,0.2099609375,0.0576171875,38.506470588235295,451.0956566283498
-0.2784208984375,0.0010029296875,0.9617236328125,1.0012150360760546,0.07177734375,0.20263671875,0.0595703125,38.36529411764706,451.0956566283498
-0.2813505859375,2.6367187500001e-05,0.9548876953125,0.9954740898495656,0.05029296875,0.17822265625,0.05712890625,38.03588235294118,451.0956566283498
-0.2769560546875,-0.0004619140624999,0.9622119140625,1.0012775025718328,0.02734375,0.1572265625,0.07275390625,38.36529411764706,451.0956566283498
-0.2803740234375,-0.0004619140624999,0.9651416015625,1.0050413511143512,0.03076171875,0.1728515625,0.0634765625,38.60058823529412,451.0531435344828
-0.2789091796875,-0.0029033203124999,0.9656298828125,1.005106875095019,0.0419921875,0.17236328125,0.07763671875,38.36529411764706,451.0531435344828
-0.2857451171875,-0.0033916015624999,0.9675830078125,1.008899723443882,0.03271484375,0.185546875,0.06787109375,38.506470588235295,451.0531435344828
-0.2774443359375,-0.0033916015624999,0.9719775390625,1.0108052230508868,0.0341796875,0.20654296875,0.0615234375,38.36529411764706,451.0531435344828
-0.2798857421875,0.0029560546875,0.9631884765625,1.003033802183133,0.046875,0.23388671875,0.05322265625,38.64764705882353,451.200802339077
-0.2779326171875,0.0005146484375,0.9602587890625,0.9996718194144948,0.0537109375,0.23681640625,0.0380859375,38.69470588235294,451.200802339077
-0.2774443359375,0.0005146484375,0.9641650390625,1.003289513030614,0.04443359375,0.21484375,0.0556640625,38.45941176470589,451.200802339077
-0.2779326171875,0.0034443359375,0.9641650390625,1.0034304289272555,0.015625,0.236328125,0.04052734375,38.506470588235295,451.200802339077
-0.2779326171875,-0.0024150390624999,0.9656298828125,1.004835032575422,0.01611328125,0.21484375,0.0458984375,38.506470588235295,451.200802339077
-0.2798857421875,2.6367187500001e-05,0.9500048828125,0.9903763460133064,0.00537109375,0.19580078125,0.0634765625,38.45941176470589,451.1806833295587
-0.2803740234375,-0.0014384765624999,0.9573291015625,0.9975423153590108,0.0009765625,0.197265625,0.08056640625,38.45941176470589,451.1806833295587
-0.2774443359375,-0.0038798828124999,0.9563525390625,0.9957914400142882,0.00341796875,0.16845703125,0.08935546875,38.45941176470589,451.1806833295587
-0.2789091796875,-0.0058330078124999,0.9627001953125,1.002305352948302,0.001953125,0.19482421875,0.0947265625,38.31823529411765,451.1806833295587
-0.2754912109375,-0.0048564453124999,0.9670947265625,1.0055800328715163,0.021484375,0.193359375,0.09814453125,38.506470588235295,450.965841357322
-0.2715849609375,-0.0033916015624999,0.9631884765625,1.0007506859110171,0.0185546875,0.2177734375,0.08447265625,38.31823529411765,450.965841357322
-0.2710966796875,-0.0019267578124999,0.9602587890625,0.997794600158286,0.02490234375,0.20263671875,0.072265625,38.506470588235295,450.965841357322
-0.2730498046875,-0.0024150390624999,0.9563525390625,0.994571368592946,0.02587890625,0.185546875,0.0791015625,38.788823529411765,450.965841357322
-0.2730498046875,-0.0024150390624999,0.8381884765625001,0.8815452061554869,-0.01171875,0.2021484375,0.0810546875,38.506470588235295,450.965841357322
-0.2754912109375,-0.0063212890624999,0.9612353515625,0.9999543825058744,0.00830078125,0.18798828125,0.07275390625,38.60058823529412,451.0867356054689
-0.2779326171875,-0.0072978515624999,0.9602587890625,0.9996983246489416,0.00634765625,0.197265625,0.0791015625,39.40058823529412,451.0867356054689
-0.2793974609375,-0.0063212890624999,0.9651416015625,1.0047891375509397,-0.12451171875,0.19873046875,0.07861328125,38.506470588235295,451.0867356054689
-0.2808623046875,-0.0048564453124999,0.9700244140625,1.0098784991932168,0.033203125,0.193359375,0.0693359375,38.45941176470589,451.0867356054689
-0.2813505859375,-0.0068095703124999,0.9729541015625,1.0128396744808663,0.03271484375,0.21630859375,0.048828125,39.25941176470588,450.84722415147553
-0.2789091796875,-0.0063212890624999,0.9656298828125,1.0051225595865654,0.056640625,0.21875,0.04931640625,38.36529411764706,450.84722415147553
-0.2813505859375,-0.0019267578124999,0.9690478515625,1.0090666990942372,0.0419921875,0.23583984375,0.0537109375,38.36529411764706,450.84722415147553
-0.2720732421875,-0.0043681640624999,0.9622119140625,0.9999473473816084,0.021484375,0.24609375,0.05810546875,38.03588235294118,450.84722415147553
-0.2725615234375,-0.0029033203124999,0.9690478515625,1.0066538391847046,0.017578125,0.23486328125,0.06396484375,38.69470588235294,450.84722415147553
-0.2740263671875,-0.0029033203124999,0.9636767578125,1.001884111427478,0.01220703125,0.236328125,0.06640625,38.60058823529412,450.8047117020064
-0.2745146484375,-0.0092509765624999,0.9602587890625,0.9987696504929968,0.0087890625,0.24072265625,0.07421875,38.45941176470589,450.8047117020064
-0.2725615234375,-0.0014384765624999,0.9636767578125,1.0014812763209322,0.00390625,0.25927734375,0.064453125,38.36529411764706,450.8047117020064
-0.2740263671875,-0.0038798828124999,0.9753955078125,1.0131643006272093,0.0224609375,0.26708984375,0.08544921875,38.13,450.8047117020064
-0.2706083984375,-0.0048564453124999,0.9685595703125,1.005664025214145,0.04541015625,0.26171875,0.08154296875,38.506470588235295,451.13589416704696
-0.2754912109375,-0.0043681640624999,0.9651416015625,1.003699556255613,0.0380859375,0.27001953125,0.06396484375,39.44764705882353,451.13589416704696
-0.2706083984375,-0.0024150390624999,0.9675830078125,1.0047146931970623,0.04541015625,0.248046875,0.09765625,38.45941176470589,451.13589416704696
-0.2725615234375,-0.0033916015624999,0.9680712890625,1.0057153214139976,0.04931640625,0.2685546875,0.0908203125,38.788823529411765,451.13589416704696
-0.2715849609375,-0.0024150390624999,0.9622119140625,0.999807977056053,0.0302734375,0.2666015625,0.10498046875,38.506470588235295,451.13589416704696
-0.2725615234375,-0.0058330078124999,0.9675830078125,1.0052565269851257,0.0458984375,0.24951171875,0.08935546875,38.36529411764706,451.1224216887928
-0.2789091796875,-0.0033916015624999,0.9646533203125,1.0041702355004571,0.05419921875,0.25146484375,0.10205078125,38.03588235294118,451.1224216887928
-0.2759794921875,-0.0053447265624999,0.9641650390625,1.0028995307409865,0.07275390625,0.23974609375,0.103515625,38.60058823529412,451.1224216887928
-0.2740263671875,-0.0082744140624999,0.9680712890625,1.006141608596517,0.05908203125,0.26171875,0.09912109375,38.64764705882353,451.1224216887928
-0.2764677734375,-0.0077861328124999,0.9636767578125,1.002580643719833,0.06396484375,0.255859375,0.0859375,39.40058823529412,450.6748983401619
-0.2740263671875,-0.0038798828124999,0.9661181640625,1.0042359336013191,0.07421875,0.26220703125,0.11474609375,38.64764705882353,450.6748983401619
-0.2715849609375,-0.0053447265624999,0.9656298828125,1.003109180343762,0.0615234375,0.26416015625,0.07861328125,38.03588235294118,450.6748983401619
-0.2745146484375,-0.0043681640624999,0.9680712890625,1.00625016460678,0.07958984375,0.26708984375,0.09326171875,39.44764705882353,450.6748983401619
-0.2706083984375,-0.0058330078124999,0.9685595703125,1.0056692152636393,0.04736328125,0.2822265625,0.1123046875,39.07117647058824,450.6748983401619
-0.2696318359375,-0.0058330078124999,0.9675830078125,1.00446614076267,0.04833984375,0.28369140625,0.1123046875,38.64764705882353,451.0575136730489
-0.2715849609375,-0.0072978515624999,0.9675830078125,1.0050017545518697,0.0439453125,0.2744140625,0.11767578125,38.64764705882353,451.0575136730489
-0.2759794921875,-0.0072978515624999,0.9636767578125,1.0024424334062831,0.0556640625,0.28271484375,0.11328125,38.03588235294118,451.0575136730489
-0.2740263671875,-0.0121806640624999,0.9700244140625,1.0080606045115932,0.0576171875,0.26611328125,0.0947265625,38.64764705882353,451.0575136730489
-0.2774443359375,-0.0082744140624999,0.9641650390625,1.0033235011810848,0.0615234375,0.2568359375,0.07373046875,39.353529411764704,450.9276982545402
-0.2779326171875,-0.0068095703124999,0.9719775390625,1.0109565996552612,0.05615234375,0.27587890625,0.10009765625,38.64764705882353,450.9276982545402
-0.2701201171875,0.0010029296875,0.9617236328125,0.998938551407152,0.060546875,0.27392578125,0.09619140625,38.45941176470589,450.9276982545402
-0.2676787109375,-0.0068095703124999,0.9617236328125,0.9983038657879048,0.04541015625,0.2802734375,0.11181640625,38.69470588235294,450.9276982545402
-0.2696318359375,-0.0058330078124999,0.9597705078125,0.9969427158055932,0.0419921875,0.29150390625,0.11279296875,38.13,450.9276982545402
-0.2696318359375,-0.0068095703124999,0.9675830078125,1.0044722864302194,0.04150390625,0.2890625,0.125,38.64764705882353,451.0440417262785
-0.2701201171875,-0.0077861328124999,0.9612353515625,0.9984983238178448,0.033203125,0.28271484375,0.12109375,38.69470588235294,451.0440417262785
-0.2730498046875,-0.0048564453124999,0.9558642578125,0.9941107887274924,0.03369140625,0.2919921875,0.1318359375,38.64764705882353,451.0440417262785
-0.2730498046875,-0.0087626953124999,0.8391650390625001,0.8825139905144783,0.0712890625,0.26806640625,0.11376953125,38.64764705882353,451.0440417262785
-0.2696318359375,-0.0082744140624999,0.9612353515625,0.9983702689746864,0.06201171875,0.2578125,0.0,38.45941176470589,450.68154268384393
-0.2720732421875,-0.0053447265624999,0.9627001953125,1.0004219516140036,0.076171875,0.279296875,0.0888671875,38.64764705882353,450.68154268384393
-0.2725615234375,-0.0077861328124999,0.9656298828125,1.0033899932245824,0.0810546875,0.26416015625,0.1103515625,38.45941176470589,450.68154268384393
-0.2715849609375,-0.0053447265624999,0.9607470703125,0.9984096805537812,0.0556640625,0.27099609375,0.0966796875,38.08294117647059,450.68154268384393
-0.2701201171875,-0.0063212890624999,0.9622119140625,0.9994281384715064,0.0537109375,0.25830078125,0.10595703125,38.64764705882353,450.68154268384393
-0.2725615234375,-0.0033916015624999,0.9607470703125,0.9986672219181832,0.046875,0.2744140625,0.1083984375,38.69470588235294,451.14026672224526
-0.2754912109375,-0.0077861328124999,0.9700244140625,1.0084162806327954,0.04736328125,0.2451171875,0.11767578125,38.64764705882353,451.14026672224526
-0.2784208984375,-0.0068095703124999,0.9685595703125,1.0078056400807252,0.0546875,0.24853515625,0.1171875,38.64764705882353,451.14026672224526
-0.2789091796875,-0.0072978515624999,0.9675830078125,1.0070056932107518,0.0390625,0.271484375,0.10791015625,38.03588235294118,451.14026672224526
-0.2764677734375,-0.0058330078124999,0.9690478515625,1.0077312103668947,0.0478515625,0.26953125,0.12109375,39.40058823529412,450.97913386683047
-0.2793974609375,-0.0033916015624999,0.9710009765625,1.01040454305432,0.0625,0.2705078125,0.13720703125,38.506470588235295,450.97913386683047
-0.2793974609375,-0.0029033203124999,0.9656298828125,1.005242478722244,0.04443359375,0.263671875,0.14501953125,39.25941176470588,450.97913386683047
-0.2808623046875,-0.0043681640624999,0.9651416015625,1.005187060262058,0.0439453125,0.26318359375,0.13623046875,38.36529411764706,450.97913386683047
-0.2764677734375,-0.0053447265624999,0.9700244140625,1.0086676160801502,0.03564453125,0.24853515625,0.15625,39.44764705882353,450.97913386683047
-0.2750029296875,-0.0038798828124999,0.9680712890625,1.0063814811166178,0.029296875,0.27197265625,0.16552734375,38.36529411764706,450.8515937614649
-0.2730498046875,-0.0063212890624999,0.9627001953125,1.000693669706179,0.0205078125,0.26318359375,0.1611328125,38.08294117647059,450.8515937614649
-0.2793974609375,-0.0033916015624999,0.9666064453125,1.0061821228083652,0.0400390625,0.23828125,0.1787109375,39.21235294117647,450.8515937614649
-0.2725615234375,-0.0087626953124999,0.9675830078125,1.005277795385532,0.02880859375,0.24462890625,0.18017578125,38.64764705882353,450.8515937614649
-0.2720732421875,-0.0072978515624999,0.9617236328125,0.9994945991159324,0.03955078125,0.24853515625,0.1728515625,38.03588235294118,450.757646561254
-0.2725615234375,-0.0048564453124999,1.0867236328125005,1.12039351266992,0.03369140625,0.24609375,0.17138671875,38.64764705882353,450.757646561254
-0.2740263671875,-0.0068095703124999,0.9627001953125,1.0009637786736068,0.06640625,0.248046875,0.1767578125,38.788823529411765,450.757646561254
-0.2701201171875,-0.0019267578124999,0.9646533203125,1.00176075911117,0.056640625,0.27197265625,0.16064453125,38.506470588235295,450.757646561254
-0.2696318359375,-0.0048564453124999,0.9651416015625,1.0021093867830635,0.06982421875,0.2802734375,0.158203125,38.64764705882353,450.757646561254
-0.2696318359375,-0.0024150390624999,0.9675830078125,1.0044521075552508,0.05517578125,0.28466796875,0.1630859375,38.60058823529412,450.7151340658155
-0.2676787109375,-0.0048564453124999,0.9680712890625,1.0044090292591783,0.03955078125,0.275390625,0.16650390625,38.60058823529412,450.7151340658155
-0.2710966796875,-0.0077861328124999,0.9670947265625,1.004403426789633,0.0400390625,0.2822265625,0.16552734375,39.40058823529412,450.7151340658155
-0.2735380859375,-0.0068095703124999,0.9710009765625,1.0088173031780931,0.04638671875,0.26611328125,0.1875,38.08294117647059,450.7151340658155
-0.2740263671875,-0.0082744140624999,0.9636767578125,1.001914072857582,0.02392578125,0.27001953125,0.15869140625,38.60058823529412,450.67926690671743
-0.2715849609375,-0.0087626953124999,0.9666064453125,1.004073302083185,0.0341796875,0.26513671875,0.16064453125,38.64764705882353,450.67926690671743
-0.2720732421875,-0.0068095703124999,0.9719775390625,1.0093614594406966,0.0107421875,0.27001953125,0.169921875,38.64764705882353,450.67926690671743
-0.2750029296875,-0.0043681640624999,0.9651416015625,1.0035656447191748,0.0126953125,0.2900390625,0.1552734375,38.69470588235294,450.67926690671743
-0.2730498046875,-0.0058330078124999,0.9680712890625,1.005858956577488,0.01123046875,0.296875,0.15966796875,38.506470588235295,450.67926690671743
-0.2691435546875,-0.0058330078124999,0.9622119140625,0.9991616708890428,0.03271484375,0.30224609375,0.16064453125,38.69470588235294,450.8068055406149
-0.2754912109375,-0.0068095703124999,0.9622119140625,1.0008963708174143,0.02734375,0.2958984375,0.1669921875,38.69470588235294,450.8068055406149
-0.2701201171875,-0.0063212890624999,0.9622119140625,0.9994281384715064,0.02978515625,0.298828125,0.15185546875,38.506470588235295,450.8068055406149
-0.2735380859375,-0.0048564453124999,0.9573291015625,0.9956533926110472,0.05224609375,0.29443359375,0.166015625,38.03588235294118,450.8068055406149
-0.2725615234375,-0.0063212890624999,0.9651416015625,1.0029097934613114,0.05615234375,0.29736328125,0.16650390625,38.69470588235294,450.6479514282058
-0.2730498046875,-0.0029033203124999,0.9700244140625,1.0077261478129935,0.0537109375,0.28515625,0.16748046875,39.40058823529412,450.6479514282058
-0.2652373046875,-0.0053447265624999,0.9636767578125,0.9995260314008484,0.0400390625,0.27685546875,0.171875,38.03588235294118,450.6479514282058
-0.2710966796875,-0.0019267578124999,0.9641650390625,1.0015544641624077,0.0244140625,0.2685546875,0.18017578125,38.506470588235295,450.6479514282058
-0.2725615234375,-0.0068095703124999,0.9680712890625,1.005732655835308,0.05322265625,0.2861328125,0.1884765625,38.69470588235294,450.6479514282058
-0.2769560546875,-0.0048564453124999,0.9656298828125,1.0045741943080269,0.07177734375,0.26611328125,0.1708984375,38.64764705882353,451.0506904440526
-0.2745146484375,-0.0038798828124999,0.9627001953125,1.001081920599972,0.06640625,0.28271484375,0.16357421875,38.64764705882353,451.0506904440526
-0.2740263671875,-0.0097392578124999,0.9646533203125,1.0028665571483817,0.05126953125,0.2822265625,0.17138671875,38.506470588235295,451.0506904440526
-0.2735380859375,-0.0102275390624999,0.9627001953125,1.0008593073296326,0.05322265625,0.263671875,0.171875,38.13,451.0506904440526
-0.2735380859375,-0.0092509765624999,0.9641650390625,1.00225889249041,0.04833984375,0.26318359375,0.1611328125,38.64764705882353,450.6143602988863
-0.2710966796875,-0.0092509765624999,0.9568408203125,0.9945468041883424,0.06005859375,0.287109375,0.15673828125,38.64764705882353,450.6143602988863
-0.2740263671875,-0.0087626953124999,0.9592822265625,0.9976921493836792,0.0341796875,0.25390625,0.1572265625,38.64764705882353,450.6143602988863
-0.2725615234375,-0.0053447265624999,0.9587939453125,0.9967969601320562,0.0166015625,0.275390625,0.15478515625,38.64764705882353,450.6143602988863
-0.2691435546875,-0.0092509765624999,0.9641650390625,1.0010684572733153,0.021484375,0.3154296875,0.1513671875,38.506470588235295,450.6143602988863
-0.2691435546875,-0.0043681640624999,0.9675830078125,1.0043277407771751,0.01416015625,0.32958984375,0.11865234375,38.64764705882353,450.7508205803662
-0.2720732421875,-0.0102275390624999,0.9656298828125,1.0032793839455567,0.017578125,0.31103515625,0.1455078125,39.25941176470588,450.7508205803662
-0.2798857421875,-0.0087626953124999,0.9592822265625,0.9993173688612116,0.03173828125,0.3173828125,0.13427734375,38.506470588235295,450.7508205803662
-0.2740263671875,-0.0112041015624999,0.8381884765625001,0.8819160413826058,0.0234375,0.3125,0.1279296875,39.40058823529412,450.7508205803662
-0.2779326171875,-0.0092509765624999,0.9612353515625,1.0006525477694723,0.0556640625,0.296875,0.13427734375,39.40058823529412,450.5382569026618
-0.2764677734375,-0.0092509765624999,0.9587939453125,0.9979007164466605,0.03125,0.2861328125,0.107421875,38.36529411764706,450.5382569026618
-0.2725615234375,-0.0063212890624999,0.9602587890625,0.9982117434321044,0.0380859375,0.298828125,0.12060546875,38.64764705882353,450.5382569026618
-0.2720732421875,-0.0038798828124999,0.9568408203125,0.9947779943391164,0.03125,0.31396484375,0.1240234375,38.60058823529412,450.5382569026618
-0.2725615234375,-0.0038798828124999,0.9592822265625,0.997259859689498,0.03564453125,0.31005859375,0.12548828125,38.69470588235294,450.5382569026618
-0.2745146484375,-0.0063212890624999,0.9622119140625,1.0006248140367078,0.03857421875,0.3154296875,0.1201171875,38.64764705882353,450.71722977265046
-0.2710966796875,-0.0048564453124999,0.9666064453125,1.003914844455608,0.04345703125,0.330078125,0.12841796875,38.69470588235294,450.71722977265046
-0.2735380859375,-0.0116923828124999,0.9612353515625,0.9994664563494206,0.02978515625,0.31298828125,0.14892578125,38.69470588235294,450.71722977265046
-0.2789091796875,-0.0068095703124999,0.9695361328125,1.0088790876962477,0.06494140625,0.2900390625,0.1416015625,38.60058823529412,450.71722977265046
-0.2759794921875,-0.0068095703124999,0.9695361328125,1.0080730941677438,0.06201171875,0.29345703125,0.15234375,38.36529411764706,450.8134533866775
-0.2750029296875,-0.0063212890624999,0.9710009765625,1.0092123000228683,0.06201171875,0.28125,0.1494140625,39.40058823529412,450.8134533866775
-0.2759794921875,-0.0009501953124999,0.9661181640625,1.004763599017549,0.04736328125,0.298828125,0.1337890625,39.40058823529412,450.8134533866775
-0.2715849609375,-0.0038798828124999,0.9705126953125,1.0078037191143896,0.06201171875,0.302734375,0.13671875,38.03588235294118,450.8134533866775
-0.2701201171875,-0.0068095703124999,0.9607470703125,0.9980211325775028,0.05810546875,0.30078125,0.125,38.64764705882353,450.8134533866775
-0.2740263671875,-0.0048564453124999,0.9622119140625,1.0004827847288886,0.056640625,0.31494140625,0.1328125,38.64764705882353,450.8358472495368
-0.2720732421875,-0.0033916015624999,0.9602587890625,0.9980642735051464,0.0625,0.30126953125,0.14111328125,38.69470588235294,450.8358472495368
-0.2720732421875,-0.0024150390624999,0.9617236328125,0.999470873731778,0.0703125,0.298828125,0.14453125,38.03588235294118,450.8358472495368
-0.2754912109375,-0.0048564453124999,0.9617236328125,1.0004155827829533,0.0419921875,0.3115234375,0.14794921875,39.25941176470588,450.8358472495368
-0.2774443359375,-0.0072978515624999,0.9656298828125,1.004723687767792,0.05859375,0.3037109375,0.14013671875,39.40058823529412,450.7999826066984
-0.2789091796875,-0.0058330078124999,0.9578173828125,0.9976164058955136,0.07275390625,0.30322265625,0.14599609375,38.60058823529412,450.7999826066984
-0.2764677734375,-0.0068095703124999,1.0867236328125005,1.1213603587208385,0.0390625,0.30322265625,0.1484375,38.64764705882353,450.7999826066984
-0.2774443359375,-0.0053447265624999,0.9646533203125,1.0037728597824107,0.0419921875,0.30078125,0.134765625,38.36529411764706,450.7999826066984
-0.2784208984375,-0.0068095703124999,0.9612353515625,1.0007686885729732,0.05908203125,0.2783203125,0.15087890625,38.60058823529412,450.7999826066984
-0.2745146484375,-0.0092509765624999,0.9617236328125,1.000178093483454,0.03662109375,0.29248046875,0.1484375,39.118235294117646,450.84704420202775
-0.2774443359375,-0.0053447265624999,0.9651416015625,1.0042421205627934,0.0771484375,0.27880859375,0.15478515625,38.45941176470589,450.84704420202775
-0.2769560546875,-0.0053447265624999,0.9587939453125,0.9980075410025732,0.044921875,0.279296875,0.15185546875,38.69470588235294,450.84704420202775
-0.2750029296875,-0.0014384765624999,0.9631884765625,1.0016789515280426,0.056640625,0.279296875,0.150390625,38.788823529411765,450.84704420202775
-0.2691435546875,-0.0058330078124999,0.9592822265625,0.9963406381397236,0.0576171875,0.2890625,0.13818359375,38.64764705882353,450.6612453738532
-0.2701201171875,-0.0063212890624999,0.9617236328125,0.9989580483257908,0.0576171875,0.2734375,0.14111328125,38.506470588235295,450.6612453738532
-0.2681669921875,-0.0068095703124999,0.9558642578125,0.992792216584202,0.04931640625,0.2744140625,0.162109375,38.60058823529412,450.6612453738532
-0.2730498046875,-0.0102275390624999,0.9602587890625,0.9983775540179856,0.05615234375,0.27099609375,0.140625,38.506470588235295,450.6612453738532
-0.2793974609375,-0.0077861328124999,0.9583056640625,0.9982350979687926,0.052734375,0.2685546875,0.13671875,38.36529411764706,450.6612453738532
-0.2813505859375,-0.0058330078124999,0.9602587890625,1.0006443514852288,0.02587890625,0.263671875,0.14404296875,39.118235294117646,451.0438711904616
-0.2784208984375,-0.0082744140624999,0.9631884765625,1.002655825294808,0.04541015625,0.259765625,0.1259765625,38.64764705882353,451.0438711904616
-0.2808623046875,-0.0082744140624999,0.9631884765625,1.0033365046210776,0.03466796875,0.29443359375,0.12646484375,38.506470588235295,451.0438711904616
-0.2818388671875,-0.0038798828124999,0.9690478515625,1.009208570695904,0.06494140625,0.2998046875,0.1142578125,38.506470588235295,451.0438711904616
-0.2837919921875,-0.0058330078124999,0.9690478515625,1.0097651496401467,0.06640625,0.3095703125,0.248046875,38.64764705882353,450.7686658293853
-0.2803740234375,-0.0024150390624999,0.9690478515625,1.008795898113242,0.07177734375,0.31787109375,0.1025390625,38.27117647058824,450.7686658293853
-0.2808623046875,-0.0048564453124999,0.9631884765625,1.0033141385619146,0.05810546875,0.32568359375,0.09619140625,38.64764705882353,450.7686658293853
-0.2779326171875,-0.0092509765624999,0.9651416015625,1.0044055113999928,0.06591796875,0.30224609375,0.10302734375,38.69470588235294,450.7686658293853
-0.2715849609375,-0.0112041015624999,0.9661181640625,1.0036275354088,0.0517578125,0.32080078125,0.111328125,38.64764705882353,450.7686658293853
-0.2740263671875,-0.0077861328124999,0.9583056640625,0.9967451126303162,0.052734375,0.29296875,0.11572265625,38.45941176470589,450.8692680466033
-0.2710966796875,-0.0082744140624999,0.9666064453125,1.0039371971320377,0.05908203125,0.28076171875,0.14404296875,38.36529411764706,450.8692680466033
-0.2730498046875,-0.0087626953124999,0.9534228515625,0.9917903581657722,0.05029296875,0.27001953125,0.13916015625,38.64764705882353,450.8692680466033
-0.2769560546875,-0.0072978515624999,0.9573291015625,0.9966127249659004,0.0673828125,0.2822265625,0.12158203125,38.788823529411765,450.8692680466033
-0.2715849609375,-0.0092509765624999,0.9666064453125,1.0040776821015645,0.07666015625,0.27392578125,0.1005859375,39.118235294117646,451.0415989893552
-0.2710966796875,-0.0048564453124999,0.9548876953125,0.9926366432173852,0.06982421875,0.298828125,0.091796875,38.08294117647059,451.0415989893552
-0.2681669921875,-0.0068095703124999,0.9573291015625,0.9942026527047668,0.09326171875,0.2919921875,0.0712890625,39.44764705882353,451.0415989893552
-0.2735380859375,-0.0063212890624999,0.9592822265625,0.9975396901138672,0.07421875,0.2998046875,0.07275390625,38.69470588235294,451.0415989893552
-0.2725615234375,-0.0029033203124999,0.9553759765625,0.9934996074081552,0.04931640625,0.3076171875,0.06396484375,38.64764705882353,451.0415989893552
-0.2706083984375,-0.0063212890624999,0.9519580078125,0.9896933427272634,0.06298828125,0.28515625,0.0859375,38.506470588235295,450.8066329173154
-0.2701201171875,-0.0121806640624999,0.9578173828125,0.9952524228074904,0.06689453125,0.29345703125,0.1103515625,38.36529411764706,450.8066329173154
-0.2720732421875,-0.0107158203124999,0.9573291015625,0.9952977879096544,0.08642578125,0.2890625,0.09765625,38.64764705882353,450.8066329173154
-0.2730498046875,-0.0092509765624999,0.9597705078125,0.9978983936623538,0.07177734375,0.26708984375,0.1083984375,38.69470588235294,450.8066329173154
-0.2750029296875,-0.0063212890624999,0.9666064453125,1.0049848706084024,0.07373046875,0.26904296875,0.09912109375,38.45941176470589,450.8066329173154
-0.2784208984375,-0.0048564453124999,0.9622119140625,1.001695337571079,0.07177734375,0.26416015625,0.0869140625,39.21235294117647,450.8066329173154
-0.2803740234375,-0.0019267578124999,0.9573291015625,0.9975431389732794,0.06396484375,0.2587890625,0.0693359375,38.64764705882353,450.8066329173154
-0.2808623046875,-0.0033916015624999,0.9587939453125,0.9990900693748498,0.068359375,0.25634765625,0.05419921875,39.21235294117647,450.8066329173154
-0.2769560546875,-0.0014384765624999,0.9641650390625,1.0031554954209634,0.0498046875,0.283203125,0.0693359375,38.03588235294118,450.8066329173154
-0.2784208984375,-0.0014384765624999,0.9631884765625,1.0026227143269573,0.052734375,0.30029296875,0.044921875,38.788823529411765,450.8804647457829
-0.2793974609375,-0.0024150390624999,0.8381884765625001,0.8835319438674303,0.060546875,0.2919921875,0.05810546875,38.506470588235295,450.8804647457829
-0.2818388671875,-0.0053447265624999,0.9680712890625,1.0082776075400524,0.0595703125,0.29345703125,0.0478515625,38.60058823529412,450.8804647457829
-0.2774443359375,-0.0063212890624999,1.0828173828125005,1.1178142970816416,0.0771484375,0.2998046875,0.03857421875,38.03588235294118,450.8804647457829
-0.2750029296875,-0.0063212890624999,1.0852587890625005,1.119577245780533,0.0908203125,0.31103515625,0.04345703125,38.08294117647059,450.9028581862502
-0.2808623046875,-0.0058330078124999,0.9583056640625,0.99863276731178,0.05908203125,0.267578125,0.06884765625,38.36529411764706,450.9028581862502
-0.2710966796875,-0.0043681640624999,0.9607470703125,0.9982722192412828,0.0830078125,0.2587890625,0.08544921875,38.60058823529412,450.9028581862502
-0.2642607421875,-0.0116923828124999,0.9583056640625,0.9941429461861064,0.07568359375,0.27392578125,0.10107421875,38.17705882352941,450.9028581862502
-0.2676787109375,-0.0082744140624999,0.9553759765625,0.992201398310842,0.06640625,0.27294921875,0.1142578125,38.64764705882353,450.9028581862502
-0.2735380859375,-0.0102275390624999,0.9592822265625,0.9975720912356828,0.0654296875,0.2744140625,0.12109375,38.69470588235294,451.20938915212497
-0.2754912109375,-0.0092509765624999,0.9617236328125,1.0004465671794984,0.05419921875,0.25927734375,0.1328125,38.506470588235295,451.20938915212497
-0.2774443359375,-0.0072978515624999,0.9670947265625,1.006131615806911,0.076171875,0.27734375,0.2490234375,38.788823529411765,451.20938915212497
-0.2784208984375,-0.0077861328124999,0.9675830078125,1.0068742213198247,0.06884765625,0.29296875,0.10009765625,38.60058823529412,451.20938915212497
-0.2789091796875,-0.0092509765624999,0.9666064453125,1.0060834613494951,0.07080078125,0.29248046875,0.0634765625,38.64764705882353,451.0594491549445
-0.2769560546875,-0.0112041015624999,0.9670947265625,1.0060330005844167,0.06787109375,0.28369140625,0.06689453125,38.08294117647059,451.0594491549445
-0.2730498046875,-0.0068095703124999,0.9695361328125,1.007274976814544,0.0751953125,0.291015625,0.0361328125,38.03588235294118,451.0594491549445
-0.2759794921875,-0.0048564453124999,0.9636767578125,1.0024276326584156,0.0771484375,0.30810546875,0.04150390625,38.506470588235295,451.0594491549445
-0.2740263671875,-0.0068095703124999,0.9646533203125,1.0028423847004824,0.07373046875,0.3017578125,0.044921875,38.64764705882353,451.0594491549445
-0.2764677734375,-0.0029033203124999,0.9646533203125,1.0034933419850165,0.0498046875,0.30908203125,0.05517578125,38.45941176470589,450.9609508895812
-0.2774443359375,-0.0063212890624999,0.9622119140625,1.0014325168492544,0.04541015625,0.2890625,0.03173828125,38.45941176470589,450.9609508895812
-0.2793974609375,-0.0092509765624999,0.9666064453125,1.0062189333665656,0.0498046875,0.291015625,0.0341796875,38.64764705882353,450.9609508895812
-0.2789091796875,-0.0097392578124999,1.0857470703125005,1.1210405364432054,0.0576171875,0.27392578125,0.05517578125,38.506470588235295,450.9609508895812
-0.2798857421875,-0.0092509765624999,1.0862353515625005,1.121752578883292,0.05810546875,0.29931640625,0.06689453125,38.506470588235295,451.1310129726136
-0.2833037109375,-0.0033916015624999,0.9631884765625,1.0039942913059352,0.07763671875,0.28369140625,0.06201171875,38.64764705882353,451.1310129726136
-0.2813505859375,-0.0072978515624999,0.8420947265625001,0.8878822778663704,0.10205078125,0.29345703125,0.06201171875,38.64764705882353,451.1310129726136
-0.2808623046875,-0.0072978515624999,0.9578173828125,0.99817384840998,0.07470703125,0.27685546875,0.0537109375,39.25941176470588,451.1310129726136
-0.2774443359375,-0.0072978515624999,0.9631884765625,1.0023775035205142,0.06787109375,0.2734375,0.05859375,38.506470588235295,451.1310129726136
-0.2764677734375,-0.0102275390624999,0.9612353515625,1.0002561838840325,0.072265625,0.26513671875,0.05419921875,38.64764705882353,450.8871174645517
-0.2769560546875,-0.0097392578124999,0.9592822265625,0.9985098394955912,0.07568359375,0.265625,0.05908203125,39.40058823529412,450.8871174645517
-0.2823271484375,-0.0077861328124999,0.9612353515625,1.0018695741974135,0.07275390625,0.232421875,0.08056640625,38.69470588235294,450.8871174645517
-0.2818388671875,-0.0097392578124999,0.9666064453125,1.00690417633454,0.08154296875,0.22705078125,0.06103515625,39.353529411764704,450.8871174645517
-0.2803740234375,-0.0053447265624999,0.9690478515625,1.0088071657846494,0.0908203125,0.23681640625,0.08251953125,38.08294117647059,451.12208691932864
-0.2754912109375,-0.0048564453124999,0.9602587890625,0.9990074746150112,0.06884765625,0.240234375,0.06298828125,39.44764705882353,451.12208691932864
-0.2725615234375,-0.0058330078124999,0.9592822265625,0.9972693709512084,0.0703125,0.24755859375,0.06591796875,38.788823529411765,451.12208691932864
-0.2740263671875,-0.0038798828124999,0.9558642578125,0.9943751720392352,0.07861328125,0.23876953125,0.04931640625,38.64764705882353,451.12208691932864
-0.2754912109375,-0.0077861328124999,0.9553759765625,0.9943335897779652,0.06494140625,0.236328125,0.0771484375,38.64764705882353,451.12208691932864
-0.2764677734375,-0.0068095703124999,0.9573291015625,0.9964736869058778,0.0673828125,0.2392578125,0.08056640625,38.64764705882353,450.9586800051277
-0.2754912109375,-0.0029033203124999,0.9592822265625,0.998061233978835,0.06396484375,0.25048828125,0.076171875,38.13,450.9586800051277
-0.2828154296875,-0.0053447265624999,0.9627001953125,1.0033966311614162,0.03955078125,0.24462890625,0.0654296875,38.64764705882353,450.9586800051277
-0.2803740234375,-0.0033916015624999,0.9617236328125,1.0017651630445945,0.052734375,0.2353515625,0.05517578125,38.64764705882353,450.9586800051277
-0.2818388671875,-0.0024150390624999,0.9656298828125,1.005922487099125,0.0576171875,0.232421875,0.04443359375,38.60058823529412,451.0459815887398
-0.2847685546875,-0.0072978515624999,0.9651416015625,1.0063024890373984,0.048828125,0.2421875,0.0478515625,39.44764705882353,451.0459815887398
-0.2793974609375,-0.0033916015624999,0.9631884765625,1.0028990405431,0.060546875,0.24365234375,0.0537109375,38.60058823529412,451.0459815887398
-0.2803740234375,-0.0033916015624999,0.9680712890625,1.0078606633294211,0.048828125,0.37451171875,0.04736328125,38.69470588235294,451.0459815887398
-0.2789091796875,-0.0068095703124999,0.9651416015625,1.0046566636560086,0.0478515625,0.2353515625,0.07080078125,38.31823529411765,451.0459815887398
-0.2779326171875,-0.0048564453124999,0.9680712890625,1.0071902230784897,0.05517578125,0.24365234375,0.07568359375,39.40058823529412,450.8647242997138
-0.2813505859375,-0.0048564453124999,0.9714892578125,1.011421334219093,0.0380859375,0.259765625,0.0810546875,38.03588235294118,450.8647242997138
-0.2764677734375,-0.0068095703124999,0.9656298828125,1.0044510294572917,0.048828125,0.2353515625,0.08154296875,38.13,450.8647242997138
-0.2759794921875,-0.0087626953124999,0.9612353515625,1.00010742724504,0.056640625,0.23779296875,0.078125,38.64764705882353,450.8647242997138
-0.2754912109375,-0.0043681640624999,0.9592822265625,0.9980665701043164,0.041015625,0.24462890625,0.080078125,38.45941176470589,450.6946663018574
-0.2774443359375,-0.0058330078124999,0.9661181640625,1.0051834113511011,0.03955078125,0.25146484375,0.09228515625,39.40058823529412,450.6946663018574
-0.2808623046875,-0.0058330078124999,0.9641650390625,1.0042568798494274,0.02294921875,0.25537109375,0.09814453125,38.08294117647059,450.6946663018574
-0.2803740234375,-0.0048564453124999,0.9670947265625,1.0069286907346526,0.046875,0.2431640625,0.10205078125,38.31823529411765,450.6946663018574
-0.2808623046875,-0.0087626953124999,0.9651416015625,1.0052157629534773,0.037109375,0.2666015625,0.1015625,38.03588235294118,450.6946663018574
-0.2842802734375,-0.0063212890624999,0.9690478515625,1.009905426848974,0.04638671875,0.25830078125,0.1083984375,38.69470588235294,451.00346615357233
-0.2852568359375,-0.0033916015624999,0.9675830078125,1.0087615389266766,0.03759765625,0.2734375,0.1015625,38.64764705882353,451.00346615357233
-0.2803740234375,-0.0082744140624999,0.9714892578125,1.0111723082599189,0.05126953125,0.28271484375,0.10009765625,38.506470588235295,451.00346615357233
-0.2813505859375,-0.0029033203124999,0.9710009765625,1.010944844173776,0.0400390625,0.279296875,0.11181640625,39.353529411764704,451.00346615357233
-0.2813505859375,-0.0009501953124999,0.9656298828125,1.005783339322634,0.060546875,0.267578125,0.1015625,38.60058823529412,450.8356780332799
-0.2808623046875,-0.0048564453124999,0.9607470703125,1.0009706051475735,0.0263671875,0.26318359375,0.10400390625,38.64764705882353,450.8356780332799
-0.2808623046875,-0.0068095703124999,0.9641650390625,1.0042630267975652,0.056640625,0.27587890625,0.1318359375,39.21235294117647,450.8356780332799
-0.2818388671875,-0.0024150390624999,0.9666064453125,1.0068599701998653,0.05517578125,0.26904296875,0.1337890625,38.506470588235295,450.8356780332799
-0.2828154296875,-0.0072978515624999,0.9714892578125,1.0118444564021862,0.04638671875,0.26904296875,0.14306640625,38.64764705882353,450.8356780332799
-0.2789091796875,-0.0043681640624999,0.9700244140625,1.0093348182087685,0.056640625,0.27685546875,0.1396484375,38.08294117647059,450.61856250214026
-0.2808623046875,-0.0072978515624999,0.9656298828125,1.0056728908607833,0.041015625,0.287109375,0.14453125,38.64764705882353,450.61856250214026
-0.2769560546875,-0.0029033203124999,0.9729541015625,1.011609000179513,0.05810546875,0.27783203125,0.14990234375,38.36529411764706,450.61856250214026
-0.2784208984375,-0.0092509765624999,0.9631884765625,1.002664359911578,0.04296875,0.28857421875,0.16455078125,38.64764705882353,450.61856250214026
-0.2784208984375,-0.0072978515624999,0.9646533203125,1.0040555182429425,0.05224609375,0.27880859375,0.15234375,38.36529411764706,450.68346971751015
-0.2789091796875,-0.0053447265624999,0.9651416015625,1.004647802805844,0.03076171875,0.27978515625,0.1630859375,39.40058823529412,450.68346971751015
-0.2769560546875,-0.0077861328124999,0.9612353515625,1.0003692724118045,0.0419921875,0.27001953125,0.16259765625,38.45941176470589,450.68346971751015
-0.2740263671875,-0.0043681640624999,0.9675830078125,1.0056472581271925,0.0458984375,0.25439453125,0.17138671875,38.64764705882353,450.68346971751015
-0.2706083984375,-0.0058330078124999,0.9631884765625,1.0004973616496142,0.0380859375,0.294921875,0.1484375,38.64764705882353,450.68346971751015
-0.2735380859375,-0.0082744140624999,0.9597705078125,0.9980235358212216,0.03955078125,0.31005859375,0.1669921875,38.69470588235294,450.85125658935857
-0.2735380859375,-0.0038798828124999,0.9636767578125,1.0017539775299131,0.03125,0.2880859375,0.14599609375,39.40058823529412,450.85125658935857
-0.2798857421875,-0.0077861328124999,0.9617236328125,1.001653132803015,0.03955078125,0.28955078125,0.1396484375,38.69470588235294,450.85125658935857
-0.2735380859375,-0.0126689453124999,0.9568408203125,0.9952527026087296,0.04638671875,0.3076171875,0.16259765625,38.69470588235294,450.85125658935857
-0.2750029296875,-0.0087626953124999,0.9612353515625,0.9998383855700534,0.052734375,0.27685546875,0.14794921875,38.69470588235294,450.6811977919152
-0.2779326171875,-0.0077861328124999,0.9578173828125,0.9973571588847472,0.05517578125,0.2626953125,0.13916015625,38.45941176470589,450.6811977919152
-0.2745146484375,-0.0072978515624999,0.9607470703125,0.9992229400680532,0.05126953125,0.255859375,0.1474609375,38.64764705882353,450.6811977919152
-0.2710966796875,-0.0053447265624999,0.9553759765625,0.993108872396358,0.04296875,0.2685546875,0.1435546875,38.506470588235295,450.6811977919152
-0.2759794921875,-0.0063212890624999,0.9568408203125,0.9958659519331808,0.04248046875,0.27490234375,0.1611328125,38.64764705882353,450.6811977919152
-0.2754912109375,-0.0068095703124999,0.9617236328125,1.0004269705789242,0.046875,0.31103515625,0.12939453125,38.69470588235294,450.8377894585226
-0.2740263671875,-0.0068095703124999,0.9636767578125,1.0019030460627572,0.06787109375,0.3154296875,0.12939453125,38.45941176470589,450.8377894585226
-0.2852568359375,-0.0082744140624999,1.0872119140625005,1.124041669359547,0.05078125,0.296875,0.14794921875,38.64764705882353,450.8377894585226
-0.2823271484375,-0.0019267578124999,0.8381884765625001,0.8844615612804679,0.0693359375,0.3046875,0.15087890625,38.08294117647059,450.8377894585226
-0.2842802734375,-0.0068095703124999,0.9666064453125,1.0075662083621144,0.0576171875,0.30810546875,0.13720703125,38.03588235294118,451.0101216631134
-0.2798857421875,-0.0063212890624999,0.9700244140625,1.009615447213718,0.05029296875,0.3046875,0.15185546875,38.788823529411765,451.0101216631134
-0.2774443359375,-0.0097392578124999,0.9680712890625,1.007090975728444,0.048828125,0.29833984375,0.16943359375,38.506470588235295,451.0101216631134
-0.2813505859375,-0.0063212890624999,0.9670947265625,1.0072091744259395,0.0537109375,0.2958984375,0.171875,39.40058823529412,451.0101216631134
-0.2759794921875,-0.0087626953124999,1.0872119140625005,1.1217268878905666,0.06591796875,0.3125,0.16064453125,38.506470588235295,451.0101216631134
-0.2750029296875,-0.0053447265624999,0.9524462890625,0.9913672936846682,0.05859375,0.306640625,0.1640625,38.60058823529412,450.8892311321119
-0.2798857421875,-0.0072978515624999,0.9597705078125,0.9997743320289536,0.037109375,0.2646484375,0.15966796875,38.36529411764706,450.8892311321119
-0.2745146484375,-0.0097392578124999,0.9509814453125,0.9898579972289732,0.03955078125,0.271484375,0.15087890625,38.08294117647059,450.8892311321119
-0.2769560546875,-0.0087626953124999,0.9607470703125,0.999908182870436,0.04638671875,0.259765625,0.158203125,38.64764705882353,450.8892311321119
-0.2740263671875,-0.0072978515624999,0.9543994140625,0.99298637962172,0.02734375,0.25439453125,0.154296875,38.69470588235294,450.9653359536285
-0.2754912109375,-0.0053447265624999,0.9548876953125,0.9938483204518966,0.046875,0.26025390625,0.142578125,38.64764705882353,450.9653359536285
-0.2686552734375,-0.0097392578124999,0.9465869140625,0.9840209829891248,0.03955078125,0.244140625,0.15234375,39.40058823529412,450.9653359536285
-0.2681669921875,-0.0126689453124999,0.9558642578125,0.9928496951893894,0.04443359375,0.232421875,0.15576171875,38.69470588235294,450.9653359536285
-0.2720732421875,-0.0121806640624999,0.9592822265625,0.997193365346024,0.05029296875,0.1962890625,0.1455078125,39.40058823529412,450.9653359536285
-0.2725615234375,-0.0082744140624999,0.9568408203125,0.9949384932763164,0.05908203125,0.16748046875,0.150390625,38.03588235294118,450.82659304900665
-0.2740263671875,-0.0087626953124999,0.9543994140625,0.9929982257315276,0.06396484375,0.16455078125,0.138671875,38.83588235294118,450.82659304900665
-0.2793974609375,-0.0029033203124999,0.9631884765625,1.0028975081382687,0.0615234375,0.1552734375,0.14990234375,38.31823529411765,450.82659304900665
-0.2808623046875,-0.0029033203124999,0.9583056640625,0.9986199523529862,0.0966796875,0.171875,0.18408203125,39.40058823529412,450.82659304900665
-0.2784208984375,-0.0048564453124999,0.9587939453125,0.9984125456522104,0.08984375,0.15673828125,0.18017578125,38.506470588235295,451.2830747940016
-0.2798857421875,-0.0033916015624999,0.9685595703125,1.008194015497484,0.06689453125,0.18798828125,0.169921875,38.69470588235294,451.2830747940016
-0.2808623046875,-0.0024150390624999,0.9666064453125,1.006587048758186,0.07958984375,0.20849609375,0.16650390625,38.45941176470589,451.2830747940016
-0.2789091796875,-0.0033916015624999,0.9744189453125,1.0135551856998404,0.0810546875,0.26171875,0.1484375,38.69470588235294,451.2830747940016
-0.2842802734375,-0.0029033203124999,0.9666064453125,1.007547380153511,0.060546875,0.30517578125,0.14306640625,38.08294117647059,451.2830747940016
-0.2793974609375,-0.0043681640624999,0.9690478515625,1.008531487189912,0.06201171875,0.294921875,0.142578125,38.64764705882353,451.1443278205353
-0.2784208984375,-0.0063212890624999,0.9675830078125,1.0068639592266877,0.0869140625,0.2880859375,0.130859375,38.03588235294118,451.1443278205353
-0.2725615234375,-0.0043681640624999,0.9675830078125,1.0052490944653134,0.0869140625,0.2978515625,0.13232421875,38.64764705882353,451.1443278205353
-0.2769560546875,-0.0072978515624999,0.9646533203125,1.003650309248906,0.083984375,0.2939453125,0.1044921875,38.69470588235294,451.1443278205353
-0.2710966796875,-0.0102275390624999,0.9631884765625,1.000664805854414,0.0712890625,0.265625,0.10009765625,38.64764705882353,450.9831897320478
-0.2710966796875,-0.0048564453124999,0.9583056640625,0.995925067750044,0.080078125,0.2646484375,0.09716796875,38.64764705882353,450.9831897320478
-0.2662138671875,-0.0019267578124999,0.9587939453125,0.9950675178330872,0.07275390625,0.248046875,0.1123046875,38.45941176470589,450.9831897320478
-0.2667021484375,-0.0024150390624999,0.9568408203125,0.9933177859130228,0.0771484375,0.26611328125,0.09619140625,38.506470588235295,450.9831897320478
-0.2667021484375,-0.0024150390624999,0.9602587890625,0.9966106613751584,0.0703125,0.22900390625,0.103515625,39.40058823529412,450.9831897320478
-0.2710966796875,-0.0043681640624999,0.9539111328125,0.9916949832980356,0.07666015625,0.2509765625,0.248046875,38.08294117647059,451.11966685073065
-0.2701201171875,-0.0019267578124999,0.9592822265625,0.9965896749935574,0.0849609375,0.22119140625,0.1279296875,38.36529411764706,451.11966685073065
-0.2764677734375,-0.0063212890624999,0.9612353515625,1.0002238697103685,0.0712890625,0.2060546875,0.1201171875,38.31823529411765,451.11966685073065
-0.2740263671875,-0.0063212890624999,0.9656298828125,1.0037786006833742,0.07861328125,0.220703125,0.1396484375,39.118235294117646,451.11966685073065
-0.2789091796875,-0.0068095703124999,0.9622119140625,1.001842536692077,0.08642578125,0.220703125,0.00048828125,38.506470588235295,450.8869615024088
-0.2842802734375,-0.0043681640624999,1.0867236328125005,1.123299874849176,0.08447265625,0.21923828125,0.11328125,38.60058823529412,450.8869615024088
-0.2740263671875,-0.0068095703124999,0.9578173828125,0.9962685175090132,0.08447265625,0.21826171875,0.109375,38.506470588235295,450.8869615024088
-0.2813505859375,-0.0068095703124999,0.9661181640625,1.0062747285839544,0.08544921875,0.2431640625,0.099609375,38.36529411764706,450.8869615024088
-0.2803740234375,-0.0082744140624999,0.8381884765625001,0.8838766775907,0.0673828125,0.23046875,0.1083984375,38.36529411764706,450.8869615024088
-0.2784208984375,-0.0082744140624999,1.0852587890625005,1.1204344255029952,0.064453125,0.2412109375,0.11376953125,38.83588235294118,450.70343347066944
-0.2750029296875,-0.0068095703124999,0.8386767578125001,0.8826390460881707,0.07421875,0.2529296875,0.08935546875,39.21235294117647,450.70343347066944
-0.2759794921875,-0.0063212890624999,0.9656298828125,1.0043135513294466,0.06103515625,0.25537109375,0.10986328125,38.506470588235295,450.70343347066944
-0.2759794921875,-0.0033916015624999,0.9636767578125,1.0024216062202775,0.0966796875,0.28466796875,0.1015625,38.36529411764706,450.70343347066944
-0.2701201171875,-0.0077861328124999,0.9573291015625,0.9947384129870658,0.0625,0.2685546875,0.07763671875,38.506470588235295,450.685581002149
-0.2691435546875,-0.0097392578124999,0.9597705078125,0.9968412781577748,0.064453125,0.26904296875,0.080078125,38.69470588235294,450.685581002149
-0.2691435546875,-0.0092509765624999,0.9583056640625,0.995426330459192,0.068359375,0.26806640625,0.07861328125,38.36529411764706,450.685581002149
-0.2725615234375,-0.0068095703124999,0.9617236328125,0.9996241794877132,0.072265625,0.25830078125,0.0751953125,38.88294117647059,450.685581002149
-0.2696318359375,-0.0087626953124999,0.9602587890625,0.9974342353017294,0.06689453125,0.23291015625,0.08349609375,38.64764705882353,450.685581002149
-0.2725615234375,-0.0048564453124999,0.9636767578125,1.001492018274562,0.06787109375,0.2451171875,0.08740234375,38.03588235294118,450.7951228502536
-0.2769560546875,-0.0038798828124999,0.9627001953125,1.0017541493667146,0.05224609375,0.23681640625,0.09326171875,38.03588235294118,450.7951228502536
-0.2793974609375,-0.0019267578124999,0.9612353515625,1.0010195076358268,0.052734375,0.2412109375,0.1044921875,38.69470588235294,450.7951228502536
-0.2789091796875,2.6367187500001e-05,0.9661181640625,1.005571796611599,0.0478515625,0.25927734375,0.09033203125,38.13,450.7951228502536
-0.2745146484375,0.0005146484375,0.9705126953125,1.0085898318109856,0.06298828125,0.24560546875,0.0947265625,38.08294117647059,451.11739895150816
-0.2764677734375,2.6367187500001e-05,0.9612353515625,1.0002038949825185,0.05908203125,0.24951171875,0.0908203125,38.64764705882353,451.11739895150816
-0.2725615234375,-0.0019267578124999,0.9714892578125,1.0090019199681044,0.06201171875,0.2548828125,0.1171875,38.36529411764706,451.11739895150816
-0.2720732421875,0.0010029296875,0.9646533203125,1.002287824615418,0.06787109375,0.26171875,0.1201171875,38.45941176470589,451.11739895150816
-0.2710966796875,-0.0033916015624999,0.9612353515625,0.9987383610296688,0.07666015625,0.2802734375,0.1064453125,39.44764705882353,451.11739895150816
-0.2701201171875,-0.0009501953124999,0.9636767578125,1.0008190016823884,0.0595703125,0.27490234375,0.12744140625,38.45941176470589,450.788464434114
-0.2730498046875,-0.0033916015624999,0.9714892578125,1.009137788830704,0.05224609375,0.26220703125,0.12255859375,38.64764705882353,450.788464434114
-0.2730498046875,-0.0097392578124999,0.9661181640625,1.0040096393531868,0.0654296875,0.29150390625,0.1279296875,38.31823529411765,450.788464434114
-0.2667021484375,-0.0024150390624999,0.9553759765625,0.991906812653085,0.05810546875,0.28173828125,0.1240234375,38.36529411764706,450.788464434114
-0.2647490234375,-0.0043681640624999,0.8381884765625001,0.8790170922744059,0.07568359375,0.279296875,0.134765625,38.506470588235295,450.9048159507563
-0.2662138671875,-0.0014384765624999,0.9661181640625,1.002125840016732,0.05859375,0.27880859375,0.10595703125,38.69470588235294,450.9048159507563
-0.2652373046875,-0.0107158203124999,0.8381884765625001,0.8792187320826509,0.0615234375,0.2822265625,0.1162109375,38.08294117647059,450.9048159507563
-0.2662138671875,-0.0072978515624999,0.9607470703125,0.9969744303814436,0.04638671875,0.27978515625,0.08544921875,39.40058823529412,450.9048159507563
-0.2710966796875,-0.0097392578124999,0.9631884765625,1.000659934374868,0.08837890625,0.29541015625,0.1005859375,38.788823529411765,450.9048159507563
-0.2691435546875,-0.0063212890624999,0.9631884765625,1.000105121028797,0.07861328125,0.27685546875,0.11083984375,38.64764705882353,450.94733220853726
-0.2730498046875,-0.0033916015624999,0.9627001953125,1.0006794516006443,0.08251953125,0.28076171875,0.0859375,38.64764705882353,450.94733220853726
-0.2706083984375,-0.0009501953124999,0.9705126953125,1.0075339696202676,0.0830078125,0.27197265625,0.10302734375,38.788823529411765,450.94733220853726
-0.2784208984375,-0.0033916015624999,0.9583056640625,0.9979375959558656,0.06982421875,0.259765625,0.091796875,39.25941176470588,450.94733220853726
-0.2793974609375,-0.0043681640624999,0.9631884765625,1.002902818531481,0.05322265625,0.26025390625,0.0859375,38.64764705882353,451.04129352505015
-0.2803740234375,-0.0043681640624999,0.9636767578125,1.0036441438198205,0.072265625,0.2578125,0.103515625,39.40058823529412,451.04129352505015
-0.2798857421875,-0.0033916015624999,0.9631884765625,1.0030351803520134,0.08935546875,0.2587890625,0.10791015625,38.03588235294118,451.04129352505015
-0.2725615234375,-0.0053447265624999,0.9607470703125,0.9986757648379432,0.0693359375,0.29150390625,0.1064453125,38.03588235294118,451.04129352505015
-0.2710966796875,-0.0048564453124999,0.9592822265625,0.9968647776892148,0.04345703125,0.3095703125,0.1123046875,38.64764705882353,451.04129352505015
-0.2730498046875,-0.0048564453124999,0.9646533203125,1.0025646160177837,0.06494140625,0.28271484375,0.1171875,38.64764705882353,450.71675030597896
-0.2676787109375,-0.0082744140624999,0.9622119140625,0.9987853251730622,0.07373046875,0.31787109375,0.10107421875,38.45941176470589,450.71675030597896
-0.2691435546875,-0.0097392578124999,0.9573291015625,0.9944908822463006,0.06005859375,0.28759765625,0.09814453125,38.64764705882353,450.71675030597896
-0.2720732421875,-0.0024150390624999,0.9739306640625,1.011222339512589,0.07763671875,0.29248046875,0.07958984375,38.69470588235294,450.71675030597896
-0.2710966796875,-0.0029033203124999,0.9587939453125,0.996387308517292,0.04931640625,0.29345703125,0.07958984375,38.03588235294118,450.7324834264704
-0.2667021484375,-0.0038798828124999,0.9607470703125,0.9970857649098542,0.05419921875,0.3017578125,0.06591796875,38.36529411764706,450.7324834264704
-0.2647490234375,-0.0033916015624999,0.9627001953125,0.998446400377604,0.0390625,0.3095703125,0.07080078125,38.64764705882353,450.7324834264704
-0.2588896484375,-0.0014384765624999,0.9631884765625,0.997375536428332,0.0458984375,0.3056640625,0.0703125,38.64764705882353,450.7324834264704
-0.2652373046875,-0.0009501953124999,0.9583056640625,0.9943346903549584,0.0400390625,0.34619140625,0.0498046875,38.69470588235294,450.7324834264704
-0.2686552734375,-0.0043681640624999,0.9548876953125,0.991970386383723,0.03125,0.32568359375,0.060546875,38.506470588235295,450.6138639349492
-0.2759794921875,-0.0058330078124999,0.9661181640625,1.004780080923038,0.044921875,0.3408203125,0.06689453125,38.88294117647059,450.6138639349492
-0.2730498046875,-0.0058330078124999,1.0857470703125005,1.119569971244406,0.03759765625,0.3203125,0.080078125,38.64764705882353,450.6138639349492
-0.2774443359375,-0.0038798828124999,0.9666064453125,1.005643293197994,0.044921875,0.294921875,0.08203125,38.08294117647059,450.6138639349492
-0.2789091796875,-0.0014384765624999,0.9622119140625,1.0018204266696678,0.0654296875,0.2841796875,0.08349609375,38.64764705882353,450.7503384550259
-0.2779326171875,-0.0053447265624999,0.9685595703125,1.0076620202442166,0.072265625,0.29736328125,0.08203125,38.69470588235294,450.7503384550259
-0.2754912109375,-0.0033916015624999,0.9685595703125,1.0069828953407816,0.06640625,0.3017578125,0.08544921875,38.60058823529412,450.7503384550259
-0.2793974609375,-0.0014384765624999,0.9651416015625,1.0047702829302678,0.07568359375,0.291015625,0.087890625,38.60058823529412,450.7503384550259
-0.2740263671875,-0.0048564453124999,0.9680712890625,1.0061193048948929,0.06298828125,0.28271484375,0.09375,39.44764705882353,450.7503384550259
-0.2671904296875,-0.0024150390624999,0.9651416015625,1.001446388578486,0.05810546875,0.28271484375,0.099609375,38.64764705882353,450.6227910499721
-0.2671904296875,-0.0053447265624999,0.9607470703125,0.9972232573163696,0.05712890625,0.2958984375,0.08447265625,38.506470588235295,450.6227910499721
-0.2715849609375,-0.0004619140624999,0.9670947265625,1.0045052585810694,0.05517578125,0.26806640625,0.09228515625,38.03588235294118,450.6227910499721
-0.2740263671875,-0.0024150390624999,0.9631884765625,1.0014131633399082,0.05419921875,0.279296875,0.10400390625,38.13,450.6227910499721
-0.2710966796875,-0.0092509765624999,0.9636767578125,1.0011253087665692,0.0595703125,0.2724609375,0.0908203125,38.08294117647059,451.0278299876825
-0.2701201171875,-0.0072978515624999,0.9622119140625,0.9994347922254044,0.04443359375,0.27783203125,0.0947265625,38.506470588235295,451.0278299876825
-0.2764677734375,-0.0014384765624999,0.9690478515625,1.0077153554363487,0.0556640625,0.2763671875,0.0625,38.03588235294118,451.0278299876825
-0.2740263671875,-0.0068095703124999,0.9646533203125,1.0028423847004824,0.0791015625,0.2958984375,0.07470703125,39.118235294117646,451.0278299876825
-0.2706083984375,-0.0019267578124999,0.9675830078125,1.0047136381616713,0.048828125,0.2841796875,0.0888671875,38.27117647058824,451.0278299876825
-0.2754912109375,-0.0038798828124999,0.9617236328125,1.000411318760699,0.0498046875,0.29833984375,0.1005859375,38.03588235294118,450.9807791277577
-0.2715849609375,-0.0058330078124999,0.9617236328125,0.9993521706073571,0.06103515625,0.30029296875,0.09716796875,39.07117647058824,450.9807791277577
-0.2793974609375,-0.0014384765624999,0.8401416015625001,0.8853829234117548,0.064453125,0.2783203125,0.11669921875,38.506470588235295,450.9807791277577
-0.2769560546875,-0.0053447265624999,0.9636767578125,1.002699414519678,0.05224609375,0.2783203125,0.119140625,38.64764705882353,450.9807791277577
-0.2764677734375,-0.0077861328124999,0.9719775390625,1.0105619179722023,0.06201171875,0.26708984375,0.10107421875,38.69470588235294,450.8666913542376
-0.2779326171875,-0.0087626953124999,0.9666064453125,1.0058088012368456,0.0615234375,0.2626953125,0.1142578125,38.08294117647059,450.8666913542376
-0.2769560546875,-0.0033916015624999,0.9627001953125,1.0017523772090335,0.0595703125,0.25341796875,0.11328125,39.118235294117646,450.8666913542376
-0.2740263671875,-0.0048564453124999,0.9641650390625,1.002361340797541,0.05859375,0.27392578125,0.107421875,38.03588235294118,450.8666913542376
-0.2779326171875,-0.0048564453124999,0.9543994140625,0.994056520687134,0.05615234375,0.27734375,0.1162109375,38.03588235294118,450.8666913542376
-0.2769560546875,-0.0097392578124999,0.9578173828125,0.9971026267083,0.07275390625,0.2958984375,0.09619140625,38.788823529411765,450.9986386963328
-0.2774443359375,-0.0063212890624999,0.9622119140625,1.0014325168492544,0.056640625,0.306640625,0.09765625,38.03588235294118,450.9986386963328
-0.2662138671875,-0.0033916015624999,0.9602587890625,0.996482949184712,0.0615234375,0.26416015625,0.09228515625,38.506470588235295,450.9986386963328
-0.2735380859375,-0.0092509765624999,0.9627001953125,1.0008498044564114,0.0439453125,0.27587890625,0.1025390625,38.506470588235295,450.9986386963328
-0.2657255859375,-0.0131572265624999,0.9612353515625,0.9973748546690596,0.0556640625,0.2783203125,0.09912109375,38.45941176470589,450.7435357692557
-0.2759794921875,-0.0048564453124999,0.9661181640625,1.0047748862808223,0.0556640625,0.271484375,0.08349609375,38.03588235294118,450.7435357692557
-0.2706083984375,-0.0072978515624999,0.9656298828125,1.0028575345096729,0.0751953125,0.26904296875,0.07373046875,39.40058823529412,450.7435357692557
-0.2667021484375,-0.0087626953124999,0.9583056640625,0.994764578473011,0.06201171875,0.28125,0.06298828125,38.788823529411765,450.7435357692557
-0.2745146484375,-0.0019267578124999,0.9646533203125,1.002954651513399,0.0625,0.2939453125,0.0625,38.03588235294118,450.7435357692557
-0.2789091796875,-0.0053447265624999,0.9558642578125,0.9957386082599308,0.0634765625,0.2705078125,0.09033203125,38.788823529411765,450.7234110236183
-0.2759794921875,-0.0048564453124999,0.9568408203125,0.995857731096888,0.05517578125,0.28125,0.10205078125,38.64764705882353,450.7234110236183
-0.2740263671875,-0.0019267578124999,0.9583056640625,0.9967165635645452,0.029296875,0.291015625,0.1025390625,38.69470588235294,450.7234110236183
-0.2759794921875,-0.0029033203124999,0.9583056640625,0.997257667381493,0.03955078125,0.2685546875,0.12158203125,38.64764705882353,450.7234110236183
-0.2789091796875,-0.0058330078124999,0.9617236328125,1.0013674152897962,0.05859375,0.26513671875,0.09033203125,39.21235294117647,450.8598906016119
-0.2706083984375,-0.0092509765624999,0.9631884765625,1.0005231267967063,0.06103515625,0.2958984375,0.09619140625,38.08294117647059,450.8598906016119
-0.2647490234375,-0.0053447265624999,0.9724658203125,1.0078741901592685,0.05126953125,0.28076171875,0.09326171875,38.506470588235295,450.8598906016119
-0.2627958984375,-0.0038798828124999,0.9724658203125,1.007356197877531,0.06689453125,0.26513671875,0.08349609375,38.88294117647059,450.8598906016119
-0.2671904296875,-0.0033916015624999,0.9666064453125,1.002861031647664,0.06640625,0.2919921875,0.09326171875,38.69470588235294,450.8598906016119
-0.2710966796875,-0.0058330078124999,0.9656298828125,1.0029798125078142,0.06982421875,0.28173828125,0.0849609375,38.03588235294118,450.7837860114573
-0.2710966796875,-0.0043681640624999,0.9622119140625,0.9996820785423152,0.07763671875,0.26025390625,0.08984375,38.69470588235294,450.7837860114573
-0.2696318359375,-0.0033916015624999,0.9519580078125,0.9894123905382072,0.06201171875,0.265625,0.09033203125,38.03588235294118,450.7837860114573
-0.2720732421875,-0.0058330078124999,0.9587939453125,0.996666294535171,0.04443359375,0.23828125,0.091796875,38.08294117647059,450.7837860114573
-0.2793974609375,-0.0087626953124999,0.9670947265625,1.0066836326038375,0.044921875,0.2373046875,0.09619140625,38.60058823529412,450.6987523412348
-0.2754912109375,-0.0038798828124999,0.9636767578125,1.0022890572796157,0.04248046875,0.2275390625,0.0986328125,39.40058823529412,450.6987523412348
-0.2754912109375,-0.0043681640624999,0.9661181640625,1.0046386390601263,0.0654296875,0.2529296875,0.08837890625,39.44764705882353,450.6987523412348
-0.2774443359375,-0.0053447265624999,0.9661181640625,1.0051806964806496,0.08447265625,0.2919921875,0.06494140625,38.506470588235295,450.6987523412348
-0.2789091796875,-0.0033916015624999,0.9607470703125,1.0004182958088903,0.064453125,0.2919921875,0.0810546875,38.64764705882353,450.6987523412348
-0.2671904296875,-0.0038798828124999,0.9700244140625,1.0061576134406212,0.06201171875,0.29443359375,0.07177734375,38.69470588235294,450.9314638453278
-0.2715849609375,-0.0063212890624999,0.9617236328125,0.9993551398841692,0.05810546875,0.29541015625,0.0927734375,39.25941176470588,450.9314638453278
-0.2754912109375,-0.0068095703124999,0.9592822265625,0.9980802411381354,0.05810546875,0.28369140625,0.0888671875,38.03588235294118,450.9314638453278
-0.2779326171875,-0.0038798828124999,0.9675830078125,1.0067166782142911,0.06787109375,0.2802734375,0.10986328125,38.788823529411765,450.9314638453278
-0.2720732421875,-0.0014384765624999,0.9670947265625,1.0046383072898604,0.04736328125,0.25732421875,0.1123046875,38.506470588235295,450.79498183592
-0.2720732421875,-0.0043681640624999,0.9641650390625,1.0018269074655997,0.044921875,0.271484375,0.107421875,38.64764705882353,450.79498183592
-0.2750029296875,-0.0024150390624999,0.9627001953125,1.0012113212529647,0.04345703125,0.2578125,0.10400390625,39.44764705882353,450.79498183592
-0.2710966796875,-0.0029033203124999,0.9646533203125,1.002026879577766,0.05908203125,0.26806640625,0.09765625,38.64764705882353,450.79498183592
-0.2740263671875,-0.0033916015624999,0.9612353515625,0.9995375700635872,0.0517578125,0.29150390625,0.080078125,38.64764705882353,450.79498183592
-0.2759794921875,-0.0082744140624999,0.9583056640625,0.9972877678034646,0.05224609375,0.26025390625,0.10888671875,38.69470588235294,450.67636071144005
-0.2750029296875,-0.0082744140624999,0.9690478515625,1.007347415682734,0.03662109375,0.28173828125,0.10498046875,39.353529411764704,450.67636071144005
-0.2720732421875,-0.0063212890624999,0.9646533203125,1.00230725638387,0.056640625,0.27392578125,0.10546875,38.83588235294118,450.67636071144005
-0.2754912109375,-0.0077861328124999,0.9690478515625,1.0074769326321478,0.0615234375,0.28271484375,0.09814453125,39.21235294117647,450.67636071144005
-0.2701201171875,-0.0072978515624999,0.9641650390625,1.0013153144225897,0.03955078125,0.2685546875,0.109375,39.21235294117647,450.6987523412348
-0.2671904296875,-0.0038798828124999,0.9695361328125,1.005686875740281,0.03564453125,0.2734375,0.11572265625,38.506470588235295,450.6987523412348
-0.2652373046875,0.0010029296875,0.9656298828125,1.0013954784431225,0.0498046875,0.26171875,0.1025390625,38.03588235294118,450.6987523412348
-0.2745146484375,-0.0004619140624999,0.9578173828125,0.9963797691589048,0.052734375,0.26318359375,0.09375,38.506470588235295,450.6987523412348
-0.2798857421875,-0.0038798828124999,0.9612353515625,1.0011615670130218,0.05615234375,0.2880859375,0.0673828125,38.224117647058826,450.6987523412348
-0.2784208984375,-0.0063212890624999,0.9587939453125,0.99842074545257,0.044921875,0.28564453125,0.07861328125,38.64764705882353,450.75912848578565
-0.2720732421875,-0.0043681640624999,0.9656298828125,1.0032367619620892,0.05224609375,0.31005859375,0.0732421875,38.08294117647059,450.75912848578565
-0.2642607421875,-0.0082744140624999,0.9651416015625,1.0007000134187036,0.03173828125,0.3134765625,0.0693359375,38.788823529411765,450.75912848578565
-0.2667021484375,-0.0072978515624999,0.9641650390625,1.0003986791119823,0.04443359375,0.3125,0.07958984375,38.60058823529412,450.75912848578565
-0.2686552734375,-0.0102275390624999,0.9558642578125,0.9929535426516662,0.02734375,0.28759765625,0.0830078125,38.69470588235294,450.8352330117257
-0.2735380859375,-0.0092509765624999,0.9553759765625,0.9938067828398344,0.02587890625,0.27880859375,0.10498046875,38.788823529411765,450.8352330117257
-0.2764677734375,-0.0092509765624999,0.9641650390625,1.0030624272034323,0.033203125,0.26806640625,0.11474609375,38.08294117647059,450.8352330117257
-0.2764677734375,-0.0058330078124999,0.9617236328125,1.0006901616582935,0.02197265625,0.24609375,0.1064453125,38.03588235294118,450.8352330117257
-0.2789091796875,-0.0072978515624999,0.9651416015625,1.0046600918808362,0.0380859375,0.24267578125,0.10546875,39.353529411764704,450.8352330117257
-0.2789091796875,-0.0043681640624999,0.9705126953125,1.009804091462282,0.04345703125,0.263671875,0.0771484375,38.64764705882353,450.60918615888926
-0.2769560546875,-0.0033916015624999,0.9651416015625,1.0040988349041402,0.060546875,0.2890625,0.08056640625,38.45941176470589,450.60918615888926
-0.2774443359375,-0.0063212890624999,0.9670947265625,1.0061250063407672,0.0654296875,0.2861328125,0.05419921875,38.08294117647059,450.60918615888926
-0.2657255859375,-0.0082744140624999,0.9548876953125,0.9912058633851616,0.06640625,0.302734375,0.05859375,38.64764705882353,450.60918615888926
-0.2662138671875,-0.0043681640624999,0.9622119140625,0.9983690056807756,0.0458984375,0.29931640625,0.05810546875,39.118235294117646,450.694219921026
-0.2662138671875,-0.0053447265624999,0.9656298828125,1.0016683382065317,0.0625,0.2890625,0.0673828125,38.13,450.694219921026
-0.2676787109375,-0.0087626953124999,0.9690478515625,1.0053767531309836,0.0625,0.30126953125,0.09375,39.40058823529412,450.694219921026
-0.2754912109375,-0.0043681640624999,0.9656298828125,1.0041690887204056,0.056640625,0.287109375,0.10595703125,38.69470588235294,450.694219921026
-0.2740263671875,-0.0053447265624999,0.9724658203125,1.010350824066606,0.04833984375,0.2744140625,0.1162109375,38.36529411764706,450.694219921026
-0.2793974609375,-0.0097392578124999,0.9656298828125,1.0052854643838949,0.037109375,0.255859375,0.099609375,39.44764705882353,450.6315776202624
-0.2798857421875,-0.0121806640624999,0.9631884765625,1.0031034037623645,0.0537109375,0.2666015625,0.11669921875,39.21235294117647,450.6315776202624
-0.2784208984375,-0.0072978515624999,0.9587939453125,0.9984274059199708,0.04345703125,0.287109375,0.119140625,38.69470588235294,450.6315776202624
-0.2750029296875,-0.0072978515624999,0.9583056640625,0.9970103388372688,0.03955078125,0.29052734375,0.10498046875,38.64764705882353,450.6315776202624
-0.2657255859375,-0.0072978515624999,0.9592822265625,0.9954324366113272,0.0517578125,0.2958984375,0.09716796875,38.64764705882353,450.61585032874376
-0.2623076171875,-0.0063212890624999,0.9539111328125,0.9893390187562718,0.04296875,0.3154296875,0.103515625,39.40058823529412,450.61585032874376
-0.2662138671875,-0.0058330078124999,0.9431689453125,0.980036482211228,0.03955078125,0.322265625,0.09423828125,39.25941176470588,450.61585032874376
-0.2686552734375,-0.0136455078124999,0.9578173828125,0.9948748638130456,0.037109375,0.28466796875,0.08154296875,38.08294117647059,450.61585032874376
-0.2710966796875,-0.0058330078124999,0.9651416015625,1.0025097230373157,0.0380859375,0.2626953125,0.0771484375,39.40058823529412,450.61585032874376
-0.2730498046875,-0.0087626953124999,0.9739306640625,1.0115205974522932,0.0498046875,0.2578125,0.04296875,38.03588235294118,450.5867947536534
-0.2759794921875,-0.0082744140624999,0.9700244140625,1.0085536723017992,0.0458984375,0.26953125,0.04296875,38.03588235294118,450.5867947536534
-0.2779326171875,-0.0043681640624999,0.9680712890625,1.0071879870516234,0.04931640625,0.28857421875,0.02685546875,38.03588235294118,450.5867947536534
-0.2750029296875,-0.0072978515624999,0.9646533203125,1.0031131034754093,0.06787109375,0.283203125,0.03955078125,38.64764705882353,450.5867947536534
-0.2740263671875,-0.0068095703124999,0.9631884765625,1.00143340344958,0.04541015625,0.3017578125,0.04248046875,39.40058823529412,450.7344717055068
-0.2745146484375,-0.0072978515624999,0.9607470703125,0.9992229400680532,0.03955078125,0.30078125,0.0634765625,38.60058823529412,450.7344717055068
-0.2789091796875,-0.0087626953124999,0.9656298828125,1.005140878645166,0.05224609375,0.30517578125,0.0732421875,38.224117647058826,450.7344717055068
-0.2784208984375,-0.0107158203124999,0.9602587890625,0.9998649746158196,0.015625,0.2822265625,0.09765625,38.506470588235295,450.7344717055068
