AccX,AccY,AccZ,Magnitude,GyroX,GyroY,GyroZ,Temperature,Altitude
-0.47893212890625,-0.1587353515625,0.8120654296875001,0.956045583655867,0.458984375,-0.6357421875,-0.2607421875,28.106470588235297,212.131242173696
-0.47404931640625,-0.1548291015625,0.9473193359375,1.0705646777831548,0.5029296875,-0.6953125,-0.1826171875,28.106470588235297,212.131242173696
-0.44231103515625,-0.1714306640625,0.9087451171875,1.0251074150614785,0.505859375,-0.84765625,-0.2197265625,28.106470588235297,212.131242173696
-0.40324853515625,-0.1821728515625,0.9028857421875,1.0054844565668566,0.68603515625,-1.51318359375,0.447265625,28.059411764705885,212.131242173696
-0.35246728515625,-0.2095166015625,0.8940966796875001,0.9836357385048232,0.29638671875,-2.31591796875,1.2666015625,28.059411764705885,212.06506790957968
-0.34026025390625,-0.1665478515625,0.9106982421875,0.9863500978718626,0.11767578125,-2.30810546875,1.3193359375,28.20058823529412,212.06506790957968
-0.39397119140625,-0.1216259765625,0.9199755859375,1.0081474379047384,0.28076171875,-1.78076171875,0.78515625,28.106470588235297,212.06506790957968
-0.41936181640625,-0.0884228515625,0.8721240234375001,0.9717423763502374,0.3427734375,-1.73583984375,0.77685546875,28.15352941176471,212.06506790957968
-0.37736962890625,-0.0669384765625,0.8936083984375001,0.9723294535410224,0.4931640625,-1.99951171875,1.06201171875,28.106470588235297,212.06506790957968
-0.32121728515625,-0.0908642578125,0.8975146484375001,0.9575851929676322,0.70703125,-2.17724609375,1.42138671875,28.059411764705885,212.06506790957968
-0.32951806640625,-0.1074658203125,0.8789599609375001,0.9448289112610831,0.912109375,-2.2763671875,1.76953125,28.15352941176471,212.06506790957968
-0.33635400390625,-0.1103955078125,0.8584521484375001,0.9285802470685584,1.05224609375,-2.373046875,2.1748046875,28.106470588235297,212.06506790957968
-0.34270166015625,-0.1274853515625,0.8423388671875001,0.9182764888156426,1.4833984375,-1.9873046875,2.5400390625,28.106470588235297,212.05132291598545
-0.37297509765625,-0.1523876953125,0.7690966796875001,0.8682408282617685,1.72705078125,-1.6240234375,3.0595703125,28.106470588235297,212.05132291598545
-0.36711572265625,-0.1821728515625,0.7358935546875001,0.8423183635054136,1.81884765625,-2.0634765625,3.28076171875,28.106470588235297,212.05132291598545
-0.39104150390625,-0.1743603515625,0.6777880859375001,0.8016930082101753,1.76123046875,-2.6396484375,3.2607421875,28.059411764705885,212.05132291598545
-0.35930322265625,-0.1582470703125,0.6509326171875001,0.7601672271232328,1.828125,-3.22802734375,2.97314453125,28.059411764705885,212.05132291598545
-0.36125634765625,-0.1777783203125,0.6304248046875001,0.7480285517681393,2.21044921875,-3.09033203125,2.509765625,28.01235294117648,212.05132291598545
-0.33488916015625,-0.1851025390625,0.6528857421875001,0.7567519355173568,2.88671875,-3.283203125,2.68798828125,28.85941176470588,212.05132291598545
-0.35588525390625,-0.2344189453125,0.4888232421875,0.6485019028283882,3.36669921875,-3.052734375,3.43115234375,28.15352941176471,212.05132291598545
-0.31877587890625,-0.1123486328125,0.4424365234375,0.5567677734376799,2.95654296875,-3.26220703125,4.021484375,28.15352941176471,212.05132291598545
-0.24211572265625,-0.1558056640625,0.3423388671875,0.4473156917642568,2.9951171875,-3.03955078125,4.43115234375,28.01235294117648,212.19499748347883
-0.28361962890625,-0.1392041015625,0.2437060546875,0.3990119257416857,3.40380859375,-2.86962890625,4.0830078125,28.106470588235297,212.19499748347883
-0.18791650390625,-0.1553173828125,0.0928271484375,0.2608696634933046,4.02880859375,-2.34814453125,3.97900390625,28.059411764705885,212.19499748347883
-0.09953759765625,-0.1958447265625,-0.0492626953124999,0.2251437394620825,4.576171875,-0.97412109375,3.29736328125,28.059411764705885,212.19499748347883
-0.04094384765625,-0.1401806640625,-0.1361767578124999,0.1996775565911851,5.17236328125,0.0322265625,2.923828125,28.106470588235297,212.19499748347883
0.13727880859375,-0.1465283203125,-0.2797314453124999,0.3443337065103302,5.330078125,1.56640625,2.400390625,28.15352941176471,212.19499748347883
0.22028662109375,-0.1050244140625,-0.4076611328124999,0.4751251647598173,5.1240234375,4.015625,1.984375,28.106470588235297,212.19499748347883
0.3877670898437499,0.0380419921875,-0.3886181640624999,0.5503040855516091,5.41357421875,5.38671875,1.9130859375,28.106470588235297,211.90720674893464
0.60993505859375,0.0600146484375,-0.4613720703124999,0.7671288816054838,5.279296875,4.724609375,1.7587890625,28.059411764705885,211.90720674893464
0.76960302734375,0.0546435546875,-0.5248486328124999,0.9331349447591708,4.63525390625,1.52685546875,1.830078125,28.15352941176471,211.90720674893464
0.84626318359375,-0.0156689453125,-0.5258251953124999,0.996443188435178,3.64501953125,-3.49267578125,2.2158203125,28.059411764705885,211.90720674893464
0.83356787109375,-0.0068798828125,-0.4540478515624999,0.9492324162268176,2.55810546875,-9.474609375,2.61572265625,28.15352941176471,211.90720674893464
0.79304052734375,0.0458544921875,-0.2860791015624999,0.8443086904765541,2.29443359375,-14.54296875,2.6162109375,28.15352941176471,211.90720674893464
0.61530615234375,0.1044482421875,-0.0790478515624999,0.6290943166527383,2.85205078125,16.0,2.46484375,28.059411764705885,211.90720674893464
0.3975327148437499,0.0888232421875,0.0083544921875,0.4074206981284241,2.97998046875,16.0,2.94775390625,28.106470588235297,211.81896153066631
0.16315771484375,0.0702685546875,0.1289599609375,0.2195194324334548,2.5009765625,16.0,3.83349609375,28.15352941176471,211.81896153066631
-0.03508447265625,0.0932177734375,0.2730029296875,0.2906046681045752,1.71435546875,16.0,4.31884765625,28.059411764705885,211.81896153066631
-0.01408837890625,0.1444873046875,0.3164599609375,0.3481694566050109,1.25390625,16.0,3.21533203125,28.106470588235297,211.81896153066631
-0.02190087890625,0.2201708984375,0.7139208984375001,0.7474208468068371,1.92626953125,-15.546875,0.50732421875,28.01235294117648,211.81896153066631
0.22028662109375,0.1596240234375,0.7515185546875001,0.799240991398005,3.07568359375,-9.39404296875,-1.318359375,28.106470588235297,211.81896153066631
0.16266943359375,0.0473193359375,0.7266162109375001,0.7461042703110919,3.57373046875,-4.6142578125,-0.87841796875,28.059411764705885,211.81896153066631
0.2554428710937499,-0.0747509765625,0.6196826171875001,0.6744222082153103,3.0107421875,-1.9169921875,1.38134765625,28.059411764705885,211.5970527672089
0.4571030273437499,-0.0415478515625,0.7373583984375001,0.8685429231319519,2.5712890625,-3.326171875,4.33349609375,28.059411764705885,211.5970527672089
0.52155615234375,0.0946826171875,0.8574755859375001,1.0080922569506972,2.3203125,-5.00830078125,7.01123046875,28.059411764705885,211.5970527672089
0.57282568359375,0.2943896484375,1.2598193359375005,1.4148990381273874,1.17041015625,-7.52734375,8.28271484375,28.20058823529412,211.5970527672089
0.87263037109375,0.3481005859375,1.1509326171875005,1.485699724638635,2.08544921875,-11.70556640625,6.41845703125,28.059411764705885,211.5970527672089
0.66559912109375,0.4643115234375,1.2495654296875005,1.489973537975669,1.71875,-11.44091796875,4.2734375,28.059411764705885,211.5970527672089
0.71540380859375,0.5199755859375,1.3438037109375005,1.6087217387885595,1.7255859375,-10.60498046875,2.291015625,28.15352941176471,211.5970527672089
0.67975927734375,0.5492724609375,1.4917529296875005,1.728901302767302,2.08837890625,-8.595703125,1.056640625,28.15352941176471,211.5970527672089
0.74225927734375,0.4945849609375,1.5293505859375005,1.7704452358363951,1.91162109375,-7.205078125,0.6435546875,28.059411764705885,211.79398313971407
0.91608740234375,0.5023974609375,1.6455615234375005,1.949228582005536,1.64453125,-7.49462890625,0.1865234375,28.059411764705885,211.79398313971407
0.97223974609375,0.4994677734375,1.5698779296875005,1.9129126730478223,0.642578125,-6.513671875,-0.43603515625,28.01235294117648,211.79398313971407
0.87848974609375,0.4989794921875,1.6274951171875005,1.915584799502416,-0.90380859375,-3.7119140625,-1.1025390625,28.15352941176471,211.79398313971407
0.89460302734375,0.4272021484375,1.6134570312500005,2.0145413493337108,-1.67626953125,0.01123046875,-2.5,28.106470588235297,211.79398313971407
0.91071630859375,0.3554248046875,1.5994189453125005,2.0232662072343297,-1.623046875,4.3330078125,-4.21484375,28.059411764705885,211.79398313971407
0.92682958984375,0.2836474609375,1.5853808593750005,1.9869751325845897,-1.76318359375,7.6904296875,-4.55859375,28.059411764705885,211.79398313971407
0.94294287109375,0.2118701171875,1.5713427734375005,1.844762401052728,-1.97021484375,9.70751953125,-4.07080078125,28.15352941176471,211.79398313971407
0.89850927734375,0.1464404296875,1.5059130859375005,1.7596982534848562,-1.95947265625,11.0107421875,-3.11767578125,28.106470588235297,211.79398313971407
0.90241552734375,0.1723193359375,1.5132373046875005,1.7702923142314464,-1.73486328125,11.81591796875,-2.38916015625,28.059411764705885,211.2337239435175
0.97419287109375,0.1845263671875,1.4731982421875005,1.7757856827504948,-1.36669921875,11.27880859375,-2.564453125,28.15352941176471,211.2337239435175
0.97712255859375,0.2055224609375,1.4561083984375005,1.7655762924503784,-1.83984375,9.83544921875,-2.50537109375,28.059411764705885,211.2337239435175
1.00837255859375,0.2211474609375,1.4785693359375005,1.80329939210844,-2.4228515625,8.1025390625,-2.41357421875,28.059411764705885,211.2337239435175
0.97712255859375,0.1498583984375,1.6523974609375005,1.925524189151553,-2.640625,6.2685546875,-2.2841796875,28.106470588235297,211.2337239435175
0.91022802734375,0.0932177734375,1.6147998046875005,1.856012668131748,-2.103515625,5.99853515625,-1.37451171875,28.01235294117648,211.2337239435175
0.91120458984375,0.0717333984375,1.6963427734375005,1.9269193781778573,-2.25244140625,6.0380859375,-0.29931640625,28.059411764705885,211.2337239435175
0.88483740234375,0.0692919921875,1.7251513671875005,1.9400736708889816,-2.13818359375,7.1123046875,0.419921875,28.20058823529412,211.2337239435175
0.84235693359375,0.0946826171875,1.7026904296875005,1.9020212146346696,-2.35791015625,7.59130859375,1.41162109375,28.059411764705885,211.2259478112701
0.89460302734375,0.1820849609375,1.7300341796875005,1.956141041034417,-2.0458984375,7.61376953125,1.79052734375,28.20058823529412,211.2259478112701
1.00739599609375,0.2162646484375,1.6631396484375005,1.956438238563724,-1.74951171875,7.31201171875,1.3046875,28.15352941176471,211.2259478112701
1.02302099609375,0.2177294921875,1.6411669921875005,1.946126200034993,-1.16796875,6.62841796875,0.53955078125,28.106470588235297,211.2259478112701
0.93806005859375,0.1962451171875,1.5884326171875005,1.855151475997035,-0.66064453125,5.9921875,0.025390625,28.059411764705885,211.2259478112701
0.85163427734375,0.1527880859375,1.5591357421875005,1.783123496597424,-0.03662109375,5.1181640625,-0.28857421875,28.106470588235297,211.2259478112701
0.78815771484375,0.0517138671875,1.4990771484375005,1.6944318235015283,0.44287109375,3.865234375,-0.00390625,28.059411764705885,211.2259478112701
0.64216162109375,-0.0449658203125,1.4619677734375005,1.597417679622938,0.43994140625,2.1181640625,0.81005859375,28.059411764705885,211.2259478112701
0.4014389648437499,0.0019091796875,1.4121630859375005,1.4681149371716182,0.38037109375,1.9375,1.16650390625,28.15352941176471,211.2921349764732
0.53766943359375,-0.0225048828125,1.4111865234375005,1.5103119854861269,0.35986328125,1.8701171875,-0.36669921875,28.059411764705885,211.2921349764732
0.50300146484375,0.0058154296875,1.3569873046875005,1.4472245292077022,-0.0791015625,3.58447265625,-2.89599609375,28.01235294117648,211.2921349764732
0.2969467773437499,0.0673388671875,1.2871630859375005,1.3226869325010673,-0.3046875,7.40673828125,-5.595703125,28.059411764705885,211.2921349764732
0.19147802734375,0.0497607421875,1.2148974609375005,1.230900404992577,-0.4765625,11.63037109375,-7.20849609375,28.01235294117648,211.2921349764732
0.10700537109375,0.0336474609375,1.1221240234375005,1.12771655350359,-0.6748046875,15.50341796875,-7.15869140625,28.059411764705885,211.2921349764732
0.10212255859375,0.0258349609375,1.0488818359375005,1.0541582271841343,-0.6337890625,15.99951171875,-6.095703125,28.059411764705885,211.2921349764732
0.15583349609375,-0.0171337890625,1.0913623046875005,1.102564884859504,-0.443359375,15.99951171875,-4.05078125,28.106470588235297,211.2921349764732
0.11237646484375,-0.0019970703125,1.2676318359375005,1.2726047813924355,0.31494140625,15.99951171875,-1.6123046875,28.059411764705885,211.2921349764732
-0.14348291015625,0.0233935546875,1.5273974609375005,1.5343003642006172,1.4697265625,15.99951171875,1.115234375,28.106470588235297,211.1348101717672
-0.44524072265625,0.0609912109375,1.6680224609375005,1.7275005525657805,2.1748046875,15.99951171875,1.5390625,28.15352941176471,211.1348101717672
-0.74358056640625,0.0912646484375,1.6001513671875005,1.7668405962914386,2.34765625,15.99951171875,-1.62744140625,28.106470588235297,211.1348101717672
-0.69719384765625,-0.1103955078125,1.1260302734375005,1.3289885650571407,0.953125,15.99951171875,-6.90576171875,28.106470588235297,211.1348101717672
-0.65910791015625,-0.0400830078125,0.7852099609375001,1.0259554412845164,-0.89892578125,15.99951171875,-8.7236328125,28.059411764705885,211.1348101717672
-0.71623681640625,-0.2124462890625,0.2080615234375,0.7755115733806434,-4.48828125,15.99951171875,-6.47119140625,28.059411764705885,211.1348101717672
-0.70695947265625,-0.3193798828125,-0.0560986328124999,0.7777803431092618,-6.42822265625,15.99951171875,-4.353515625,28.15352941176471,211.1348101717672
-0.60442041015625,-0.0703564453125,-0.0941845703124999,0.6157473466409827,-2.017578125,15.99951171875,2.38818359375,28.059411764705885,211.1348101717672
-0.54301904296875,-0.0596142578125,-0.1522900390624999,4.378824445188268,10.3828125,15.9189453125,-3.24169921875,28.059411764705885,211.13318086248395
-0.48161767578125,-0.0488720703125,-0.2103955078124999,2.311326040489568,-12.86767578125,1.51123046875,-6.54052734375,28.106470588235297,211.13318086248395
-0.42021630859375,-0.0381298828125,-0.2685009765624999,1.3316859379365915,-10.2861328125,10.93408203125,-4.97509765625,28.15352941176471,211.13318086248395
-0.35881494140625,-0.0273876953125,-0.3266064453124999,0.4859732689670986,-6.4296875,15.99951171875,-4.39990234375,28.059411764705885,211.13318086248395
-0.38371728515625,-0.2749462890625,-0.5380322265624999,0.7157605001791618,-5.337890625,15.99951171875,-0.2431640625,28.01235294117648,211.13318086248395
-0.72844384765625,-0.5957470703125,-0.4838330078124999,1.05813013869895,-5.962890625,15.99951171875,4.46875,28.059411764705885,211.13318086248395
-1.26360009765625,-0.8628369140625,-0.6898876953124999,1.678427174234669,-5.80712890625,15.99951171875,3.29931640625,28.059411764705885,211.13318086248395
-1.21574853515625,-0.3686962890625,-0.8002392578124999,1.501454069909342,-2.904296875,15.99951171875,0.80419921875,28.106470588235297,211.13318086248395
-0.45500634765625,-0.2285595703125,-0.5565869140624999,0.7543601570168798,-0.37451171875,5.19921875,-0.037109375,28.106470588235297,210.92233326108737
0.3487045898437499,0.0058154296875,0.2739794921875,0.4435013780585902,2.22900390625,-10.7060546875,-0.59130859375,28.01235294117648,210.92233326108737
0.10016943359375,0.0258349609375,0.4502490234375,0.461980025260354,3.84326171875,16.0,-1.33935546875,28.059411764705885,210.92233326108737
-0.38908837890625,-0.1020947265625,0.5684130859375001,0.6963523074254562,3.814453125,16.0,-3.63037109375,28.059411764705885,210.92233326108737
-1.39641259765625,0.0839404296875,0.7705615234375001,1.5971159006257245,4.93017578125,-6.09130859375,-4.65966796875,28.15352941176471,210.92233326108737
-2.85783837890625,0.0526904296875,1.2910693359375005,3.136379522877972,6.71435546875,11.64306640625,-3.75439453125,28.059411764705885,210.92233326108737
-4.69670556640625,0.4662646484375,0.3745654296875,4.734632526502028,3.44775390625,15.99951171875,-1.037109375,28.106470588235297,210.92233326108737
-3.45842431640625,0.9926318359375,0.7730029296875001,3.680156279743042,2.02978515625,15.99951171875,-4.837890625,28.15352941176471,210.92233326108737
-1.47844384765625,0.4442919921875,-0.2167431640624999,1.5588999917128676,8.78759765625,15.99951171875,16.0,28.20058823529412,210.92233326108737
-1.23479150390625,-0.7236767578125,-2.1044384765625,2.545010689477309,12.46728515625,15.99951171875,-15.9853515625,28.15352941176471,211.0624804427857
-0.72502587890625,-1.6846142578125,-3.8124462890625,4.230642318808737,5.193359375,12.8818359375,-11.76708984375,28.059411764705885,211.0624804427857
0.3521225585937499,-1.6528759765625,-2.4267041015625,2.9571746797760032,-6.78125,5.12646484375,-13.17626953125,28.20058823529412,211.0624804427857
-0.58147119140625,-1.6894970703125,-1.4154736328125,2.279490009238325,-5.4736328125,12.681640625,-5.31787109375,28.059411764705885,211.0624804427857
-2.45500634765625,-1.6089306640625,-1.3124462890625,3.215311697249118,-2.96337890625,13.54443359375,11.42333984375,28.106470588235297,211.0624804427857
-1.19328759765625,-1.8252392578125,-2.1850048828125,3.0870179748253195,-13.29345703125,15.99951171875,12.0078125,28.106470588235297,211.0624804427857
0.85456396484375,-0.6904736328125,-1.1317822265625,1.5773282524514454,16.0,15.8642578125,4.3740234375,28.01235294117648,211.0624804427857
1.60163427734375,0.9989794921875,-0.0502392578124999,1.88831045307682,-12.2666015625,-0.1044921875,1.49169921875,28.106470588235297,211.0624804427857
0.94880224609375,1.0463427734375,-0.3412548828124999,1.453104881541865,-5.6728515625,-10.66015625,0.90185546875,28.059411764705885,210.68779785242057
-0.05949853515625,0.6366748046875,-0.5868603515624999,0.8679285424766643,-4.03759765625,-11.56689453125,0.07177734375,28.15352941176471,210.68779785242057
-0.64006494140625,0.4008349609375,-0.4061962890624999,0.8575238890988982,-1.63037109375,-8.69384765625,-1.57080078125,28.059411764705885,210.68779785242057
-0.81975244140625,0.1791552734375,-0.3002392578124999,0.8911982322265757,0.6796875,-3.91845703125,-4.0751953125,28.059411764705885,210.68779785242057
-0.90373681640625,-0.0640087890625,-0.3900830078124999,0.986408693893864,2.0908203125,1.369140625,-5.6708984375,28.01235294117648,210.68779785242057
-1.10051416015625,-0.4067822265625,-0.4643017578124999,1.2618158815212854,1.904296875,7.64306640625,-4.51611328125,28.106470588235297,210.68779785242057
-1.22307275390625,-0.5620556640625,-0.8051220703124999,1.568449896858947,1.599609375,12.51513671875,-1.5771484375,28.059411764705885,210.68779785242057
-1.11125634765625,-0.6128369140625,-0.9789501953125,1.602748651019971,1.328125,15.4658203125,0.39111328125,28.106470588235297,210.68779785242057
-0.79289697265625,-0.6470166015625,-1.1474072265625,1.5374847757011387,1.1572265625,15.00537109375,0.9833984375,28.059411764705885,210.68779785242057
-0.50432275390625,-0.6577587890625,-1.2733837890625,1.5193730084951884,0.55517578125,11.9833984375,1.08740234375,28.106470588235297,210.56521393948336
-0.27629541015625,-0.5625439453125,-1.2851025390625,1.4297843823409344,-0.20166015625,7.01416015625,1.4423828125,28.059411764705885,210.56521393948336
-0.05852197265625,-0.3643017578125,-1.1840283203125,1.2401869437028017,-0.63427734375,0.5810546875,1.83544921875,28.059411764705885,210.56521393948336
-0.07121728515625,-0.1924267578125,-1.0097119140625,1.0303485372566967,-0.857421875,-4.1220703125,1.71533203125,28.059411764705885,210.56521393948336
-0.17375634765625,-0.1733837890625,-0.9267041015625,0.9586624528546372,-0.9091796875,-7.00927734375,1.4140625,28.15352941176471,210.56521393948336
-0.58977197265625,-0.1743603515625,-0.6874462890624999,0.9223962880853572,-0.73193359375,-7.98779296875,1.47314453125,28.15352941176471,210.56521393948336
-0.82072900390625,-0.1851025390625,-0.3949658203124999,0.929439103457271,-0.55712890625,-7.34375,1.74560546875,28.106470588235297,210.56521393948336
-0.99065087890625,-0.1826611328125,-0.3007275390624999,1.0512807931607324,-0.4296875,-4.791015625,1.94140625,28.15352941176471,210.56521393948336
-1.05705712890625,-0.1377392578125,-0.2455517578124999,1.0939092936249657,-0.0625,-0.251953125,1.9189453125,28.059411764705885,211.0514490291627
-0.95354150390625,-0.1089306640625,-0.2797314453124999,0.9996784336683024,0.05322265625,3.19384765625,1.6103515625,28.059411764705885,211.0514490291627
-0.84758447265625,-0.0166455078125,-0.3949658203124999,0.935240349019136,0.31982421875,5.39453125,1.076171875,28.15352941176471,211.0514490291627
-0.69182275390625,0.0287646484375,-0.5004345703124999,0.8543306660690678,0.63818359375,6.0927734375,-0.21240234375,28.106470588235297,211.0514490291627
-0.38029931640625,0.0570849609375,-0.6464306640624999,0.7521694398635068,1.1298828125,5.71728515625,-2.46044921875,28.15352941176471,211.0514490291627
-0.56828759765625,-0.0786572265625,-0.9330517578125,1.0953188283314643,0.697265625,5.19873046875,-1.96875,28.106470588235297,211.0514490291627
-0.83928369140625,-0.2871533203125,-1.0331494140625,1.361709167114873,-0.4072265625,4.76611328125,0.49658203125,28.106470588235297,211.0514490291627
-0.62932275390625,-0.3379345703125,-0.9945751953125,1.2245108090692127,-0.96630859375,2.9736328125,2.18994140625,28.059411764705885,211.0514490291627
-0.38811181640625,-0.1226025390625,-0.9384228515625,1.022887878974731,-0.998046875,-0.35107421875,1.5517578125,28.106470588235297,210.76501772074087
-0.38078759765625,0.0580615234375,-0.8427197265624999,0.9265780445112416,-0.609375,-2.40234375,-0.04150390625,28.106470588235297,210.76501772074087
-0.50627587890625,0.0365771484375,-0.7387158203124999,0.8963002937241985,-0.22900390625,-3.28173828125,-1.0322265625,28.106470588235297,210.76501772074087
-0.61516259765625,-0.0566845703125,-0.6132275390624999,0.8704517084430061,0.44140625,-3.0859375,-0.88525390625,28.01235294117648,210.76501772074087
-0.65520166015625,-0.1269970703125,-0.5692822265624999,0.8772113341831727,0.87841796875,-2.01123046875,-0.666015625,28.20058823529412,210.76501772074087
-0.62199853515625,-0.1260205078125,-0.5673291015624999,0.8512494673158713,1.40478515625,-0.96875,-0.71826171875,28.15352941176471,210.76501772074087
-0.64055322265625,-0.1680126953125,-0.6225048828124999,0.9088723925650304,1.4931640625,0.1298828125,-0.775390625,28.01235294117648,210.76501772074087
-0.66447900390625,-0.1118603515625,-0.5814892578124999,0.8900420449817302,1.22998046875,1.3173828125,-0.6787109375,28.106470588235297,210.76501772074087
-0.67522119140625,-0.2827587890625,-0.7977978515624999,1.0827546361359566,0.7587890625,1.78759765625,-0.2041015625,28.106470588235297,210.76501772074087
-0.61076806640625,-0.2974072265625,-0.8510205078124999,1.0889098190716588,0.4931640625,1.419921875,0.326171875,28.059411764705885,210.77768122408924
-0.53068994140625,-0.2637158203125,-0.8461376953124999,1.033018318918698,0.15771484375,0.560546875,0.5576171875,28.106470588235297,210.77768122408924
-0.51408837890625,-0.2051220703125,-0.8344189453124999,1.001307595772731,0.27392578125,-0.029296875,0.5556640625,28.106470588235297,210.77768122408924
-0.52727197265625,-0.1665478515625,-0.8065869140624999,0.9779245215995784,0.4599609375,-0.775390625,0.37744140625,28.106470588235297,210.77768122408924
-0.52776025390625,-0.1567822265625,-0.7685009765624999,0.945359880229006,0.712890625,-1.4755859375,0.12646484375,28.106470588235297,210.77768122408924
-0.55315087890625,-0.1592236328125,-0.7221142578124999,0.9234592906115918,0.93212890625,-1.6064453125,-0.029296875,28.059411764705885,210.77768122408924
-0.57610009765625,-0.1606884765625,-0.6898876953124999,0.9130482688024278,1.10498046875,-0.94189453125,-0.142578125,28.106470588235297,210.77768122408924
-0.61320947265625,-0.1777783203125,-0.7099072265624999,0.9547770728574032,1.14697265625,-0.1689453125,-0.125,28.106470588235297,210.77768122408924
-0.63567041015625,-0.1909619140625,-0.7445751953124999,0.997464557989544,1.09716796875,0.39453125,-0.0419921875,28.15352941176471,210.561948384168
-0.60735009765625,-0.1870556640625,-0.7704541015624999,0.9987309373376788,1.00439453125,0.31982421875,-0.04052734375,28.15352941176471,210.561948384168
-0.54582666015625,-0.1675244140625,-0.7631298828124999,0.9530783757308368,0.974609375,-0.1865234375,-0.02099609375,28.106470588235297,210.561948384168
-0.55070947265625,-0.1523876953125,-0.7455517578124999,0.939335060845324,0.98974609375,-1.109375,-0.02197265625,28.059411764705885,210.561948384168
-0.58586572265625,-0.1445751953125,-0.6850048828124999,0.9128922836568092,1.03759765625,-1.6640625,-0.0068359375,28.106470588235297,210.561948384168
-0.66008447265625,-0.1372509765625,-0.6420361328124999,0.9309993219364178,1.0576171875,-1.59521484375,0.02197265625,28.059411764705885,210.561948384168
-0.71233056640625,-0.1562939453125,-0.6146923828124999,0.9537763672191216,1.14501953125,-1.11181640625,-0.16943359375,28.15352941176471,210.561948384168
-0.70940087890625,-0.1772900390625,-0.6288525390624999,0.9644360428919564,1.150390625,-0.2724609375,-0.36767578125,28.20058823529412,210.561948384168
-0.66692041015625,-0.2148876953125,-0.6732861328124999,0.971737501446409,1.03564453125,-0.044921875,-0.3017578125,28.106470588235297,210.561948384168
-0.59026025390625,-0.2305126953125,-0.6908642578124999,0.9374629020737412,0.91015625,-0.42529296875,-0.12255859375,28.15352941176471,210.702092869876
-0.61027978515625,-0.2461376953125,-0.6977001953124999,0.9590676429549734,0.8671875,-0.9677734375,0.490234375,28.15352941176471,210.702092869876
-0.65373681640625,-0.2153759765625,-0.6693798828124999,0.9601187759435318,0.82177734375,-1.36865234375,0.8486328125,28.15352941176471,210.702092869876
-0.71916650390625,-0.1694775390625,-0.6166455078124999,0.9623797477569628,0.81591796875,-0.80126953125,0.94970703125,28.15352941176471,210.702092869876
-0.73235009765625,-0.1191845703125,-0.6972119140624999,1.0181581804652895,0.91845703125,-0.1064453125,0.81640625,28.106470588235297,210.702092869876
-0.70500634765625,-0.0996533203125,-0.5927197265624999,0.926434783857577,0.93798828125,0.75244140625,0.625,28.15352941176471,210.702092869876
-0.69328759765625,-0.0923291015625,-0.6342236328124999,0.944146160547824,0.82958984375,1.4892578125,0.47802734375,28.059411764705885,210.702092869876
-0.58830712890625,-0.0991650390625,-0.6859814453124999,0.909125693293952,0.82666015625,1.68798828125,0.490234375,28.15352941176471,210.702092869876
-0.55070947265625,-0.1011181640625,-0.7392041015624999,0.927323304001101,0.759765625,1.57861328125,0.45458984375,28.15352941176471,210.75398626882728
-0.57317041015625,-0.1211376953125,-0.7768017578124999,0.9729437965498818,0.6611328125,1.13720703125,0.4521484375,28.15352941176471,210.75398626882728
-0.54338525390625,-0.1572705078125,-0.7597119140624999,0.9471872777644708,0.56884765625,0.59228515625,0.31640625,28.15352941176471,210.75398626882728
-0.58977197265625,-0.1514111328125,-0.7226025390624999,0.9449395432142634,0.58935546875,0.0615234375,0.6162109375,28.106470588235297,210.75398626882728
-0.66057275390625,-0.1553173828125,-0.7191845703124999,0.9887903209389678,0.619140625,0.12158203125,0.94775390625,28.20058823529412,210.75398626882728
-0.70354150390625,-0.1416455078125,-0.7050244140624999,1.0060285890700624,0.462890625,0.86279296875,1.19775390625,28.01235294117648,210.75398626882728
-0.69377587890625,-0.1235791015625,-0.7089306640624999,0.999589641274474,0.54541015625,1.85009765625,1.23486328125,28.106470588235297,210.75398626882728
-0.61955712890625,-0.1392041015625,-0.7235791015624999,0.9627022042606804,0.77587890625,2.60498046875,1.17333984375,28.15352941176471,210.75398626882728
-0.58635400390625,-0.1548291015625,-0.7924267578124999,0.997859326300442,0.72900390625,2.82275390625,1.26171875,28.059411764705885,210.7225237263512
-0.55412744140625,-0.1597119140625,-0.8563916015624999,1.0324590510232008,0.638671875,2.90576171875,1.1591796875,28.15352941176471,210.7225237263512
-0.48967431640625,-0.1357861328125,-0.8895947265624999,1.024498700604306,0.85595703125,2.73681640625,0.67529296875,28.81235294117647,210.7225237263512
-0.46281884765625,-0.1123486328125,-0.9384228515625,1.052359705317241,1.00341796875,1.5888671875,0.46435546875,28.01235294117648,210.7225237263512
-0.42668603515625,-0.2319775390625,-0.9193798828125,1.0397758990028478,0.94970703125,-0.61328125,0.4951171875,28.01235294117648,210.7225237263512
-0.47893212890625,-0.0859814453125,-0.8578564453124999,0.9862486876041444,1.02001953125,-2.5654296875,0.54638671875,28.059411764705885,210.7225237263512
-0.42717431640625,-0.0718212890625,-0.7338330078124999,0.8521426391836562,1.1025390625,-3.6640625,0.328125,28.059411764705885,210.7225237263512
-0.58733056640625,-0.0825634765625,-0.6073681640624999,0.8489228519799811,1.30322265625,-4.05712890625,-0.189453125,28.15352941176471,210.7225237263512
-0.69621728515625,-0.0913525390625,-0.5258251953124999,0.8772433702051748,1.44580078125,-3.04248046875,-0.2646484375,28.01235294117648,210.947658112506
-0.76262353515625,-0.1265087890625,-0.4638134765624999,0.9015109933468748,1.19775390625,-1.9169921875,-0.3388671875,28.106470588235297,210.947658112506
-0.80754541015625,-0.1377392578125,-0.4218212890624999,0.9214308940520248,1.138671875,-0.525390625,-0.38232421875,28.106470588235297,210.947658112506
-0.84465478515625,-0.1421337890625,-0.4296337890624999,0.9582426168694518,1.18701171875,0.62548828125,-0.205078125,28.15352941176471,210.947658112506
-0.81584619140625,-0.1533642578125,-0.4496533203124999,0.944094122465826,1.33203125,0.99609375,-0.16796875,28.106470588235297,210.947658112506
-0.82805322265625,-0.1206494140625,-0.5004345703124999,0.9750195792028395,1.541015625,0.52978515625,0.0634765625,27.965294117647066,210.947658112506
-0.76994775390625,-0.1514111328125,-0.5136181640624999,0.9378424672298524,1.46728515625,-0.42333984375,0.06298828125,28.059411764705885,210.947658112506
-0.79729150390625,-0.1597119140625,-0.5287548828124999,0.9699295664081272,0.99072265625,-1.27197265625,0.0888671875,28.106470588235297,210.947658112506
-0.76311181640625,-0.1343212890625,-0.4169384765624999,0.8798974634993082,1.04150390625,-1.892578125,-0.1181640625,28.15352941176471,210.947658112506
-0.73869775390625,-0.1465283203125,-0.3534619140624999,0.8319136042717822,1.0234375,-1.76953125,-0.40283203125,28.106470588235297,210.87206914376875
-0.54485009765625,-0.1924267578125,-0.2641064453124999,0.6353281832988839,1.119140625,-1.251953125,-0.57568359375,28.106470588235297,210.87206914376875
-0.54094384765625,-0.2339306640625,-0.2382275390624999,0.6356855844469381,1.03662109375,0.48095703125,-0.220703125,28.059411764705885,210.87206914376875
-0.33635400390625,-0.2759228515625,-0.2860791015624999,0.5206809851616959,1.0654296875,3.2958984375,0.75537109375,28.059411764705885,210.87206914376875
-0.40715478515625,-0.2944775390625,-0.5326611328124999,0.7322703889254529,0.72216796875,9.54296875,1.43408203125,28.106470588235297,210.87206914376875
-0.31975244140625,-0.2685986328125,-0.6557080078124999,0.7773929770993813,1.12841796875,15.99951171875,0.79931640625,28.01235294117648,210.87206914376875
-0.40861962890625,-0.2256298828125,-0.9369580078125,1.0467899280894102,1.84375,15.99951171875,0.83837890625,28.106470588235297,210.87206914376875
-0.62883447265625,-0.1245556640625,-1.2855908203125,1.436555138072563,2.09326171875,15.99951171875,0.81103515625,28.059411764705885,210.87206914376875
-0.65471337890625,-0.0923291015625,-1.7094189453125,1.832835890664376,2.103515625,15.99951171875,-1.568359375,28.106470588235297,210.87206914376875
-0.48015283203125,-0.253095703125,-1.642158203125,2.004179289232034,2.1181640625,15.99951171875,-4.14453125,28.059411764705885,210.8516378114992
-0.30559228515625,-0.4138623046875,-1.5748974609375,2.050147401337432,1.4736328125,5.095703125,-5.01806640625,28.106470588235297,210.8516378114992
-0.13103173828125,-0.57462890625,-1.50763671875,1.8141815005761857,0.8056640625,-12.23681640625,-2.16552734375,28.15352941176471,210.8516378114992
0.0435288085937499,-0.7353955078125,-1.4403759765625,1.6178332002857314,-0.443359375,16.0,2.19677734375,28.106470588235297,210.8516378114992
-0.21330712890625,-0.4346142578125,-0.8378369140624999,0.9676570564522902,-1.4677734375,16.0,5.48388671875,28.15352941176471,210.8516378114992
-0.59367822265625,-0.0644970703125,-0.4442822265624999,0.7443120319963342,-0.76611328125,16.0,6.4013671875,28.106470588235297,210.8516378114992
-0.87346337890625,0.1830615234375,0.0884326171875,0.8968110857010035,0.61962890625,16.0,3.5634765625,28.059411764705885,210.8516378114992
-0.89445947265625,0.2948779296875,0.2871630859375,0.9846183928641752,1.05322265625,16.0,-0.3076171875,28.20058823529412,210.8516378114992
-1.10246728515625,0.2421435546875,0.4341357421875,1.2093558031287492,0.849609375,16.0,-2.12451171875,28.106470588235297,210.52885413139472
-1.26018212890625,0.0873583984375,0.4707568359375,1.3480736205319577,0.62939453125,-4.453125,-1.822265625,28.059411764705885,210.52885413139472
-1.41399072265625,-0.0942822265625,0.3516162109375,1.460100291691489,0.576171875,9.8876953125,-0.646484375,28.106470588235297,210.52885413139472
-1.20256494140625,-0.1518994140625,0.0352099609375,1.2126316883708623,0.31396484375,15.99951171875,0.142578125,28.106470588235297,210.52885413139472
-1.08440087890625,-0.1182080078125,-0.2655712890624999,1.1226871821028177,0.4091796875,15.99951171875,0.509765625,28.059411764705885,210.52885413139472
-0.68449853515625,-0.0771923828125,-0.4887158203124999,0.8445946137757707,0.93017578125,15.99951171875,-0.24267578125,28.106470588235297,210.52885413139472
-0.26360009765625,-0.0801220703125,-1.0228955078125,1.0593487516104116,0.83642578125,15.99951171875,-0.04931640625,28.106470588235297,210.52885413139472
-0.07658837890625,-0.1455517578125,-1.2289501953125,1.239907124160688,0.4091796875,8.3662109375,0.9287109375,28.059411764705885,210.52885413139472
-0.05363916015625,-0.1680126953125,-1.2333447265625,1.245891102716432,0.22998046875,-0.77880859375,2.03857421875,28.059411764705885,210.55254944917783
-0.24846337890625,-0.0845166015625,-1.0766064453125,1.1081329093053784,0.3369140625,-4.96923828125,2.59521484375,27.494705882352942,210.55254944917783
-0.29533837890625,-0.0049267578125,-0.9193798828125,0.9656647450941972,0.5048828125,-6.09326171875,2.25048828125,28.15352941176471,210.55254944917783
-0.56682275390625,0.0829638671875,-0.7841259765624999,0.9710945292424752,0.04296875,-5.15478515625,1.4794921875,28.15352941176471,210.55254944917783
-0.65471337890625,0.1479052734375,-0.6986767578124999,0.9688523057395524,0.1845703125,-2.2666015625,-0.10791015625,27.965294117647066,210.55254944917783
-0.65227197265625,0.1137255859375,-0.5829541015624999,0.8821721599201853,0.55419921875,0.2958984375,-1.1611328125,28.15352941176471,210.55254944917783
-0.61760400390625,0.0614794921875,-0.8060986328124999,1.0173541366814438,0.740234375,1.36376953125,-1.73876953125,28.106470588235297,210.55254944917783
-0.52678369140625,-0.0122509765625,-0.9184033203125,1.0588275604267934,0.61767578125,-0.04248046875,-1.82373046875,28.059411764705885,210.55254944917783
-0.49992822265625,-0.0464306640625,-0.9281689453125,1.0552637705408257,0.62353515625,-2.96435546875,-1.7587890625,28.15352941176471,210.702092869876
-0.48283837890625,-0.0991650390625,-0.8656689453124999,0.9961673192770072,0.41357421875,-5.66357421875,-1.67529296875,28.15352941176471,210.702092869876
-0.53459619140625,-0.1611767578125,-0.7401806640624999,0.9271668946727016,0.13037109375,-7.0703125,-1.68408203125,28.106470588235297,210.702092869876
-0.62785791015625,-0.1816845703125,-0.6024853515624999,0.8889338767775703,0.4541015625,-6.68505859375,-1.67431640625,28.059411764705885,210.702092869876
-0.69865869140625,-0.2314892578125,-0.5150830078124999,0.8983438921132862,0.89892578125,-5.3974609375,-1.61083984375,28.059411764705885,210.702092869876
-0.73332666015625,-0.3027783203125,-0.4760205078124999,0.9252233382298836,0.95556640625,-3.51904296875,-0.87646484375,28.01235294117648,210.702092869876
-0.67815087890625,-0.3369580078125,-0.4647900390624999,0.8885151062317447,0.92822265625,-1.07958984375,-0.01318359375,28.15352941176471,210.702092869876
-0.76311181640625,-0.3408642578125,-0.4813916015624999,0.964502960414234,0.96484375,1.6123046875,0.38037109375,28.01235294117648,210.702092869876
-0.78020166015625,-0.3193798828125,-0.5697705078124999,1.0175247277726516,1.0751953125,3.373046875,0.7353515625,28.01235294117648,210.702092869876
-0.54777978515625,-0.2729931640625,-0.6781689453124999,0.9135103059281549,1.09130859375,3.857421875,0.83642578125,28.15352941176471,210.5006578857702
-0.45842431640625,-0.2227001953125,-0.7689892578124999,0.9225468603251452,1.1298828125,3.71337890625,0.87109375,28.059411764705885,210.5006578857702
-0.35783837890625,-0.1904736328125,-0.8559033203124999,0.947047519365848,1.0380859375,2.94482421875,0.59130859375,28.106470588235297,210.5006578857702
-0.37590478515625,-0.1724072265625,-0.8964306640624999,0.9872267190194328,0.95654296875,2.1962890625,0.58056640625,28.15352941176471,210.5006578857702
-0.39983056640625,-0.1714306640625,-0.9315869140625,1.0281571537786158,0.998046875,1.47998046875,0.60205078125,28.01235294117648,210.5006578857702
-0.48235009765625,-0.1914501953125,-0.9350048828125,1.0693684701156123,0.83349609375,0.43408203125,0.8076171875,28.059411764705885,210.5006578857702
-0.62785791015625,-0.1650830078125,-0.8974072265624999,1.107608994682146,0.4677734375,-0.4990234375,0.8232421875,28.059411764705885,210.5006578857702
-0.66301416015625,-0.0981884765625,-0.8241650390624999,1.0622978702370889,0.3037109375,-1.17822265625,0.43701171875,28.106470588235297,210.5006578857702
-0.68645166015625,-0.0644970703125,-0.7226025390624999,0.9987643281924616,0.37353515625,-1.94921875,-0.11279296875,28.15352941176471,210.5304865046841
-0.63811181640625,-0.0469189453125,-0.6151806640624999,0.8876008827749663,0.18017578125,-2.56591796875,-0.515625,28.059411764705885,210.5304865046841
-0.66740869140625,-0.0620556640625,-0.5087353515624999,0.8414849521745837,0.31689453125,-2.4013671875,-0.51220703125,28.01235294117648,210.5304865046841
-0.76408837890625,-0.0737744140625,-0.4686962890624999,0.899416436546945,0.3046875,-1.39306640625,-0.3056640625,28.106470588235297,210.5304865046841
-0.77727197265625,-0.0596142578125,-0.4403759765624999,0.8953415995835606,0.462890625,0.001953125,-0.28857421875,28.059411764705885,210.5304865046841
-0.75188134765625,-0.0815869140625,-0.4799267578124999,0.8957185263039045,0.53662109375,1.60693359375,-0.2939453125,28.059411764705885,210.5304865046841
-0.73186181640625,-0.0981884765625,-0.5365673828124999,0.9127799578986032,0.4130859375,2.28076171875,-0.13720703125,28.106470588235297,210.5304865046841
-0.70940087890625,-0.0996533203125,-0.6127392578124999,0.942671623263838,0.29345703125,2.76708984375,0.01123046875,27.965294117647066,210.5304865046841
-0.64348291015625,-0.1035595703125,-0.6859814453124999,0.9462374879381458,0.1396484375,2.65673828125,-0.03076171875,28.15352941176471,210.51005630497343
-0.61711572265625,-0.0893994140625,-0.6913525390624999,0.9310168653963417,0.02197265625,2.40869140625,-0.171875,28.059411764705885,210.51005630497343
-0.58098291015625,-0.1157666015625,-0.7309033203124999,0.940830862363046,0.19921875,2.05126953125,-0.34765625,28.106470588235297,210.51005630497343
-0.59611962890625,-0.1304150390625,-0.7587353515624999,0.9736765520909236,0.1591796875,1.94921875,-0.28173828125,28.15352941176471,210.51005630497343
-0.59221337890625,-0.1543408203125,-0.7885205078124999,0.9981494708765696,0.125,1.91357421875,-0.1494140625,28.059411764705885,210.51005630497343
-0.58635400390625,-0.1445751953125,-0.8217236328124999,1.0197758252278344,0.17529296875,1.9951171875,-0.10009765625,28.106470588235297,210.51005630497343
-0.56047509765625,-0.1382275390625,-0.8627392578124999,1.0380550152178454,0.279296875,1.98095703125,-0.14990234375,28.15352941176471,210.51005630497343
-0.53801416015625,-0.1279736328125,-0.8871533203124999,1.0454078156228586,0.3662109375,1.6826171875,-0.16064453125,28.01235294117648,210.51005630497343
-0.49699853515625,-0.1240673828125,-0.9330517578125,1.0644180767829894,0.513671875,0.91552734375,-0.2119140625,28.059411764705885,210.51005630497343
-0.44572900390625,-0.1103955078125,-0.9472119140625,1.052649952838256,0.51806640625,-0.11474609375,-0.33984375,28.15352941176471,210.914563637358
-0.41154931640625,-0.1064892578125,-0.9647900390625,1.0542924742869642,0.80224609375,-1.0322265625,-0.5224609375,28.059411764705885,210.914563637358
-0.40715478515625,-0.0986767578125,-0.9550244140625,1.04287283647789,0.90869140625,-2.03857421875,-0.5009765625,28.106470588235297,210.914563637358
-0.41399072265625,-0.0942822265625,-0.9359814453125,1.0277834026001311,0.99853515625,-2.95703125,-0.5244140625,28.059411764705885,210.914563637358
-0.45500634765625,-0.0967236328125,-0.9052197265625,1.0177470171461152,1.1220703125,-3.4423828125,-0.30908203125,28.20058823529412,210.914563637358
-0.48869775390625,-0.0952587890625,-0.8534619140624999,0.9880774110978824,0.96630859375,-3.89453125,-0.248046875,28.106470588235297,210.914563637358
-0.51506494140625,-0.0693798828125,-0.7763134765624999,0.9342205713306976,1.01953125,-4.615234375,-0.07470703125,28.15352941176471,210.914563637358
-0.41936181640625,-0.0454541015625,-0.6913525390624999,0.809875756938414,1.11181640625,-5.578125,-0.12890625,28.106470588235297,210.914563637358
-0.56877587890625,-0.0620556640625,-0.5897900390624999,0.8217111390538406,1.11376953125,-5.97265625,-0.52099609375,28.15352941176471,210.914563637358
-0.66496728515625,-0.0913525390625,-0.4857861328124999,0.8285619732730696,1.10595703125,-4.6396484375,-0.4765625,28.059411764705885,210.64693555557764
-0.69621728515625,-0.1313916015625,-0.4320751953124999,0.8298621786271699,1.15087890625,-2.64111328125,-0.2529296875,28.15352941176471,210.64693555557764
-0.71965478515625,-0.1426220703125,-0.4042431640624999,0.8376494496087091,1.0302734375,-0.4619140625,0.03857421875,28.059411764705885,210.64693555557764
-0.72160791015625,-0.1304150390625,-0.4076611328124999,0.8389956243149989,1.1171875,1.69140625,0.154296875,28.106470588235297,210.64693555557764
-0.73723291015625,-0.1167431640625,-0.4945751953124999,0.8954026770069289,1.1748046875,3.466796875,0.2333984375,28.059411764705885,210.64693555557764
-0.71477197265625,-0.1143017578125,-0.6010205078124999,0.9408451070952804,1.134765625,4.52880859375,0.33203125,28.15352941176471,210.64693555557764
-0.62590478515625,-0.1030712890625,-0.7133251953124999,0.9545749446628656,1.0556640625,4.8505859375,0.29736328125,28.059411764705885,210.64693555557764
-0.52727197265625,-0.1099072265625,-0.7948681640624999,0.9601618248189018,1.05908203125,4.21826171875,0.1767578125,28.059411764705885,210.64693555557764
-0.46184228515625,-0.1191845703125,-0.8798291015624999,1.0008009323113154,1.03662109375,2.91748046875,0.23291015625,28.059411764705885,210.64693555557764
-0.46526025390625,-0.1328564453125,-0.9350048828125,1.0527830117404051,1.1220703125,1.26025390625,0.39794921875,28.20058823529412,210.7760491867133
-0.48332666015625,-0.1348095703125,-0.9418408203125,1.0671655970244538,0.99267578125,0.13671875,0.46337890625,28.106470588235297,210.7760491867133
-0.48820947265625,-0.1289501953125,-0.9101025390625,1.04079934361549,0.87841796875,-0.5224609375,0.40380859375,28.15352941176471,210.7760491867133
-0.50822900390625,-0.1299267578125,-0.8715283203124999,1.01722136033114,1.046875,-1.01171875,0.43505859375,28.01235294117648,210.7760491867133
-0.54240869140625,-0.1348095703125,-0.8202587890624999,0.9925750801804164,1.03857421875,-1.2529296875,0.58447265625,28.01235294117648,210.7760491867133
-0.59221337890625,-0.1392041015625,-0.7733837890624999,0.983980158962593,1.0869140625,-1.01220703125,0.767578125,28.106470588235297,210.7760491867133
-0.62248681640625,-0.1260205078125,-0.7460400390624999,0.9797687200933112,1.1669921875,-0.6337890625,0.783203125,28.106470588235297,210.7760491867133
-0.62004541015625,0.0116748046875,-0.7182080078124999,0.9489021836871931,1.28955078125,-0.54736328125,0.6298828125,28.059411764705885,210.7760491867133
-0.61662744140625,-0.2363720703125,-0.7035595703124999,0.9649337936342292,1.326171875,-0.7998046875,0.44091796875,28.106470588235297,210.7760491867133
-0.63567041015625,-0.1216259765625,-0.6869580078124999,0.9438119796976068,1.33544921875,-1.0615234375,0.35400390625,28.059411764705885,210.8610376746873
-0.64152978515625,-0.1333447265625,-0.6522900390624999,0.9245666965691604,1.29541015625,-1.20458984375,0.28173828125,28.15352941176471,210.8610376746873
-0.64934228515625,-0.1465283203125,-0.6171337890624999,0.9077279689136948,1.25341796875,-1.0849609375,0.37060546875,27.494705882352942,210.8610376746873
-0.66252587890625,-0.1479931640625,-0.5995556640624999,0.905709396627392,1.1845703125,-0.79443359375,0.19384765625,28.059411764705885,210.8610376746873
-0.68938134765625,-0.1558056640625,-0.5902783203124999,0.9208423007666678,1.1162109375,-0.47705078125,0.14892578125,28.059411764705885,210.8610376746873
-0.74162744140625,-0.1528759765625,-0.5897900390624999,0.9598096770891946,1.1220703125,-0.20458984375,0.115234375,28.106470588235297,210.8610376746873
-0.71184228515625,-0.1538525390625,-0.5878369140624999,0.9359178811450142,0.91943359375,0.05126953125,0.11767578125,28.059411764705885,210.8610376746873
-0.70158837890625,-0.1670361328125,-0.6088330078124999,0.9438246418076138,0.83203125,0.30322265625,0.267578125,28.106470588235297,210.8610376746873
-0.72893212890625,-0.1494580078125,-0.6366650390624999,0.9792967459435028,0.87451171875,0.525390625,0.44580078125,28.059411764705885,210.8075118851804
-0.71770166015625,-0.1343212890625,-0.6659619140624999,0.98825257534106,0.68359375,0.6044921875,0.5302734375,28.106470588235297,210.8075118851804
-0.67863916015625,-0.1196728515625,-0.6918408203124999,0.976481654589247,0.63720703125,0.5068359375,0.53125,28.20058823529412,210.8075118851804
-0.63762353515625,-0.0957470703125,-0.7113720703124999,0.960094524762678,0.59912109375,0.3525390625,0.4541015625,28.059411764705885,210.8075118851804
-0.62297509765625,-0.0762158203125,-0.7240673828124999,0.958217302295604,0.599609375,-0.08056640625,0.3212890625,28.15352941176471,210.8075118851804
-0.63322900390625,-0.0669384765625,-0.7226025390624999,0.9631272815636476,0.60546875,-0.359375,0.0966796875,28.106470588235297,210.8075118851804
-0.63615869140625,-0.0664501953125,-0.7123486328124999,0.9573683114552204,0.61083984375,-0.49951171875,-0.11962890625,28.01235294117648,210.8075118851804
-0.63860009765625,-0.0796337890625,-0.6981884765624999,0.9495360835122,0.6298828125,-0.62353515625,-0.1298828125,28.059411764705885,210.8075118851804
-0.64494775390625,-0.1001416015625,-0.6972119140624999,0.9550342395657416,0.638671875,-0.49365234375,-0.2109375,28.01235294117648,210.9161951606293
-0.65617822265625,-0.1099072265625,-0.7138134765624999,0.9757966681953872,0.626953125,-0.32177734375,-0.16845703125,28.106470588235297,210.9161951606293
-0.64104150390625,-0.1060009765625,-0.7108837890624999,0.963081605220683,0.7490234375,-0.2509765625,-0.23828125,28.106470588235297,210.9161951606293
-0.62199853515625,-0.2353955078125,-0.6991650390624999,0.9649481720186284,0.66015625,-0.5224609375,-0.32177734375,28.106470588235297,210.9161951606293
-0.62395166015625,-0.1274853515625,-0.6918408203124999,0.9403254275650678,0.66357421875,-0.61669921875,-0.2841796875,28.76529411764706,210.9161951606293
-0.62981103515625,-0.1362744140625,-0.6820751953124999,0.938327889382624,0.658203125,-0.58642578125,-0.244140625,28.059411764705885,210.9161951606293
-0.63567041015625,-0.1426220703125,-0.6776806640624999,0.940036705524114,0.65771484375,-0.44775390625,0.080078125,28.01235294117648,210.9161951606293
-0.64152978515625,-0.1362744140625,-0.6693798828124999,0.937123582397102,0.64453125,-0.18310546875,0.17333984375,28.106470588235297,210.9161951606293
-0.62102197265625,-0.1274853515625,-0.6713330078124999,0.923368189165867,0.67041015625,0.103515625,0.16552734375,28.106470588235297,210.70986060167843
-0.62541650390625,-0.1230908203125,-0.6869580078124999,0.9371277703180284,0.701171875,0.2509765625,0.17138671875,28.20058823529412,210.70986060167843
-0.61272119140625,-0.1206494140625,-0.8222119140624999,1.0324804943136887,0.70654296875,0.2822265625,0.20556640625,28.059411764705885,210.70986060167843
-0.61125634765625,-0.1186962890625,-0.7050244140624999,0.940628808835578,0.69775390625,0.23046875,0.23193359375,28.106470588235297,210.70986060167843
-0.61418603515625,0.0102099609375,-0.7206494140624999,0.946923601496934,0.7119140625,0.1787109375,0.177734375,28.15352941176471,210.70986060167843
-0.63371728515625,-0.0952587890625,-0.7235791015624999,0.9665601639926282,0.6865234375,0.0,0.02978515625,28.15352941176471,210.70986060167843
-0.61858056640625,-0.0864697265625,-0.7113720703124999,0.9466621114040442,0.7470703125,0.14404296875,-0.08154296875,28.106470588235297,210.70986060167843
-0.58684228515625,-0.1001416015625,-0.7318798828124999,0.9434301091636574,0.8330078125,0.10205078125,-0.11328125,28.15352941176471,210.70986060167843
-0.57756494140625,-0.1221142578125,-0.7387158203124999,0.945618430807412,0.814453125,-0.04833984375,0.07958984375,28.20058823529412,210.70986060167843
-0.59270166015625,-0.1226025390625,-0.7387158203124999,0.9550014155573364,0.79248046875,-0.41650390625,0.17431640625,28.15352941176471,210.82957482023428
-0.62248681640625,-0.1011181640625,-0.7279736328124999,0.9631512496867703,0.8310546875,-0.48779296875,0.072265625,28.059411764705885,210.82957482023428
-0.61906884765625,-0.0869580078125,-0.7030712890624999,0.9408066596092746,0.84912109375,-0.43994140625,-0.1318359375,27.494705882352942,210.82957482023428
-0.62346337890625,-0.0991650390625,-0.6928173828124999,0.9373026276164104,0.880859375,-0.3876953125,-0.15576171875,27.965294117647066,210.82957482023428
-0.62541650390625,-0.1118603515625,-0.6879345703124999,0.9364360707710092,0.904296875,-0.3232421875,-0.017578125,28.059411764705885,210.82957482023428
-0.62981103515625,0.0106982421875,-0.6874462890624999,0.932394118780407,0.90869140625,-0.30810546875,0.1962890625,27.494705882352942,210.82957482023428
-0.63225244140625,-0.1230908203125,-0.6796337890624999,0.9363741703746524,0.880859375,-0.279296875,0.3447265625,28.15352941176471,210.82957482023428
-0.63322900390625,-0.1118603515625,-0.6684033203124999,0.9274991688646208,0.880859375,-0.19775390625,0.3623046875,28.15352941176471,210.82957482023428
-0.63957666015625,-0.1074658203125,-0.6591259765624999,0.9246914402823956,0.8916015625,-0.015625,0.267578125,28.15352941176471,210.82957482023428
-0.64299462890625,-0.0981884765625,-0.6718212890624999,0.9351079692578552,0.9072265625,0.1435546875,0.22119140625,28.059411764705885,210.8075118851804
-0.64348291015625,-0.1113720703125,-0.6864697265624999,0.9474780626461188,0.88232421875,0.205078125,0.19580078125,28.059411764705885,210.8075118851804
-0.63176416015625,-0.2339306640625,-0.6820751953124999,0.9586845579789208,0.88427734375,0.1884765625,0.15966796875,28.15352941176471,210.8075118851804
-0.63371728515625,-0.1025830078125,-0.6977001953124999,0.9481067627312696,0.86669921875,0.099609375,0.068359375,28.15352941176471,210.8075118851804
-0.64543603515625,-0.1074658203125,-0.6991650390624999,0.9575846332627344,0.8759765625,0.00439453125,-0.05712890625,28.20058823529412,210.8075118851804
-0.63860009765625,-0.1108837890625,-0.6884228515624999,0.9455322955652404,0.86962890625,-0.095703125,-0.11083984375,28.106470588235297,210.8075118851804
-0.64445947265625,-0.1196728515625,-0.6913525390624999,0.9526898427954597,0.86474609375,-0.14111328125,-0.11474609375,28.106470588235297,210.8075118851804
-0.64787744140625,-0.1157666015625,-0.6786572265624999,0.9453690899780592,0.8564453125,-0.11328125,-0.07861328125,28.059411764705885,210.8075118851804
-0.63908837890625,-0.1191845703125,-0.6698681640624999,0.9334678757611632,0.84912109375,-0.0693359375,-0.01171875,28.059411764705885,210.4124060202641
-0.63860009765625,-0.1279736328125,-0.6771923828124999,0.939562056897293,0.8486328125,-0.12353515625,0.06640625,28.106470588235297,210.4124060202641
-0.65617822265625,-0.1216259765625,-0.6708447265624999,0.9462533409292738,0.85498046875,0.04443359375,0.091796875,28.059411764705885,210.4124060202641
-0.63762353515625,-0.1177197265625,-0.6625439453124999,0.9270308441887768,0.75390625,0.06396484375,0.0341796875,28.059411764705885,210.4124060202641
-0.62785791015625,-0.1255322265625,-0.6752392578124999,0.9305439003844408,0.91015625,0.08837890625,0.04736328125,28.106470588235297,210.4124060202641
-0.64592431640625,-0.1230908203125,-0.6767041015624999,0.9435560469000216,0.888671875,0.10693359375,0.0107421875,28.15352941176471,210.4124060202641
-0.65080712890625,-0.1216259765625,-0.6747509765624999,0.9453209389313376,0.90771484375,0.1611328125,-0.021484375,28.059411764705885,210.4124060202641
-0.64738916015625,-0.1206494140625,-0.6845166015624999,0.94985892827099,0.90576171875,0.1494140625,-0.02685546875,28.15352941176471,210.4124060202641
-0.63615869140625,-0.1284619140625,-0.6942822265624999,0.9503831617494578,0.8916015625,0.08642578125,0.037109375,28.106470588235297,210.60607425126523
-0.62883447265625,-0.1240673828125,-0.7011181640624999,0.9499432559143616,0.89697265625,0.037109375,0.0673828125,28.76529411764706,210.60607425126523
-0.62883447265625,-0.1143017578125,-0.6820751953124999,0.9347321851206776,0.86669921875,0.02587890625,0.056640625,28.059411764705885,210.60607425126523
-0.63420556640625,-0.2353955078125,-0.6815869140624999,0.960306444308388,0.8896484375,0.07080078125,0.0927734375,28.059411764705885,210.60607425126523
-0.65031884765625,-0.1094189453125,-0.6884228515624999,0.9533169104572188,0.8740234375,0.185546875,0.07177734375,28.059411764705885,210.60607425126523
-0.63567041015625,-0.1079541015625,-0.8207470703124999,1.0437225262582646,0.853515625,0.1884765625,-0.02587890625,28.15352941176471,210.60607425126523
-0.64006494140625,-0.1030712890625,-0.5766064453124999,0.8676299975348413,0.85498046875,0.0791015625,-0.17431640625,28.01235294117648,210.60607425126523
-0.62883447265625,-0.1069775390625,-0.5731884765624999,0.8575675002755014,0.8681640625,-0.06005859375,-0.32568359375,28.01235294117648,210.60607425126523
-0.64885400390625,-0.1094189453125,-0.6957470703124999,0.9576262370188584,0.9111328125,-0.1328125,-0.34228515625,28.106470588235297,210.60607425126523
-0.65568994140625,-0.1191845703125,-0.6937939453124999,0.9620209455173994,0.9140625,-0.13818359375,-0.2607421875,28.20058823529412,210.9333646294444
-0.64836572265625,-0.1245556640625,-0.6893994140624999,0.9545489908199212,0.92919921875,-0.083984375,-0.1953125,28.15352941176471,210.9333646294444
-0.63469384765625,-0.1226025390625,-0.6889111328124999,0.9447042985772156,0.9189453125,-0.06298828125,-0.1552734375,28.20058823529412,210.9333646294444
-0.64299462890625,-0.1201611328125,-0.6923291015624999,0.9524706691081924,0.89892578125,-0.00732421875,-0.11279296875,28.059411764705885,210.9333646294444
-0.64152978515625,-0.1113720703125,-0.7055126953124999,0.9600585224534104,0.9111328125,0.029296875,-0.17626953125,28.01235294117648,210.9333646294444
-0.62590478515625,-0.2324658203125,-0.7113720703124999,0.9756266602116546,0.9052734375,-0.0419921875,-0.23974609375,28.15352941176471,210.9333646294444
-0.62883447265625,0.0092333984375,-0.7265087890624999,0.9609022167903608,0.931640625,-0.19970703125,-0.3095703125,28.20058823529412,210.9333646294444
-0.61760400390625,-0.2353955078125,-0.7138134765624999,0.9728182924172318,0.94189453125,-0.251953125,-0.3623046875,28.059411764705885,210.9333646294444
-0.61369775390625,-0.1196728515625,-0.8222119140624999,1.0329467344335796,0.939453125,-0.546875,-0.33740234375,28.059411764705885,210.5541823844744
-0.61516259765625,-0.1265087890625,-0.6820751953124999,0.9271763949356296,0.92431640625,-0.5947265625,-0.2392578125,28.15352941176471,210.5541823844744
-0.62688134765625,-0.1274853515625,-0.6762158203124999,0.930860126196862,0.90869140625,-0.50927734375,-0.14892578125,28.106470588235297,210.5541823844744
-0.65568994140625,-0.1182080078125,-0.6688916015624999,0.94409660894062,0.8134765625,-0.48193359375,-0.2197265625,28.059411764705885,210.5541823844744
-0.63908837890625,-0.0977001953125,-0.6620556640624999,0.925363164673393,0.84814453125,-0.162109375,-0.3095703125,28.15352941176471,210.5541823844744
-0.58684228515625,-0.1172314453125,-0.6610791015624999,0.8917133272190952,0.88623046875,-0.173828125,-0.30908203125,28.106470588235297,210.5541823844744
-0.58391259765625,-0.1528759765625,-0.6820751953124999,0.9107972101253894,0.87744140625,-0.2724609375,-0.0078125,28.059411764705885,210.5541823844744
-0.65031884765625,-0.1445751953125,-0.6874462890624999,0.9572873085246678,0.8515625,-0.4609375,0.00244140625,28.059411764705885,210.65633519280493
-0.66447900390625,-0.1186962890625,-0.6796337890624999,0.9578743356541616,0.83203125,-0.29296875,0.03515625,28.106470588235297,210.65633519280493
-0.66252587890625,-0.1230908203125,-0.6776806640624999,0.9556897889534522,0.822265625,-0.06591796875,-0.07666015625,28.059411764705885,210.65633519280493
-0.64983056640625,-0.1304150390625,-0.6757275390624999,0.9465175933372836,0.8427734375,-0.013671875,-0.09130859375,28.15352941176471,210.65633519280493
-0.62785791015625,-0.1338330078125,-0.6854931640624999,0.93915797781967,0.87060546875,-0.16796875,0.02099609375,28.15352941176471,210.65633519280493
-0.62492822265625,-0.1367626953125,-0.6810986328124999,0.9344167517336662,0.83740234375,-0.3486328125,0.216796875,28.059411764705885,210.65633519280493
-0.63127587890625,-0.1318798828125,-0.6615673828124999,0.9238901129359908,0.8447265625,-0.3271484375,0.3291015625,28.059411764705885,210.65633519280493
-0.64592431640625,-0.1221142578125,-0.6552197265624999,0.92813953938113,0.84912109375,-0.09033203125,0.294921875,28.059411764705885,210.86228806436776
-0.65178369140625,-0.1172314453125,-0.6395947265624999,0.920677254199198,0.896484375,0.1396484375,0.158203125,28.15352941176471,210.86228806436776
-0.64397119140625,-0.1235791015625,-0.6420361328124999,0.9177042473155552,0.91650390625,0.31298828125,0.08935546875,28.059411764705885,210.86228806436776
-0.65276025390625,-0.1265087890625,-0.6664501953124999,0.9414118575957504,0.8837890625,0.38232421875,0.18408203125,28.059411764705885,210.86228806436776
-0.65471337890625,-0.1260205078125,-0.6825634765624999,0.9541612423721924,0.87548828125,0.34619140625,0.197265625,28.059411764705885,210.86228806436776
-0.64152978515625,-0.1206494140625,-0.6947705078124999,0.9533219838450636,0.8603515625,0.20751953125,0.11865234375,28.15352941176471,210.86228806436776
-0.64738916015625,-0.1191845703125,-0.6903759765624999,0.9539060097845152,0.85107421875,0.07080078125,0.0625,28.15352941176471,210.86228806436776
-0.64299462890625,-0.1245556640625,-0.6884228515624999,0.9502011517598684,0.8466796875,-0.03466796875,0.0771484375,28.106470588235297,210.86228806436776
-0.65715478515625,-0.1309033203125,-0.6791455078124999,0.9540580232378388,0.8564453125,-0.04296875,0.08203125,28.106470588235297,211.13932666090383
-0.65031884765625,-0.1343212890625,-0.6635205078124999,0.9387312057240468,0.8662109375,0.03369140625,0.11474609375,28.059411764705885,211.13932666090383
-0.64690087890625,-0.1357861328125,-0.6635205078124999,0.9365778586330186,0.85107421875,0.12060546875,0.166015625,28.106470588235297,211.13932666090383
-0.66447900390625,-0.1323681640625,-0.6767041015624999,0.9575918329648752,0.861328125,0.16064453125,0.20068359375,28.15352941176471,211.13932666090383
-0.65129541015625,-0.1255322265625,-0.6713330078124999,0.943733044125782,0.86328125,0.15771484375,0.1279296875,28.20058823529412,211.13932666090383
-0.62688134765625,-0.1211376953125,-0.6771923828124999,0.9307223477515794,0.857421875,0.080078125,0.06982421875,28.059411764705885,211.13932666090383
-0.63713525390625,-0.1260205078125,-0.6820751953124999,0.9418328260472169,0.845703125,0.05859375,0.0419921875,28.20058823529412,211.13932666090383
-0.65471337890625,-0.1245556640625,-0.6640087890624999,0.940782330787062,0.849609375,0.091796875,-0.03515625,28.059411764705885,211.13932666090383
-0.65861962890625,-0.1157666015625,-0.5785595703124999,0.884258388717982,0.79150390625,-0.044921875,0.13916015625,28.059411764705885,210.4941282554965
-0.62932275390625,-0.1074658203125,-0.6908642578124999,0.9406856296565828,0.81982421875,-0.27294921875,-0.099609375,28.15352941176471,210.4941282554965
-0.62932275390625,-0.1196728515625,-0.6688916015624999,0.9261666667647314,0.8662109375,-0.38525390625,-0.22216796875,28.15352941176471,210.4941282554965
-0.65568994140625,-0.1377392578125,-0.6659619140624999,0.9446727864111776,0.849609375,-0.1787109375,-0.05712890625,28.059411764705885,210.4941282554965
-0.65715478515625,-0.1343212890625,-0.6552197265624999,0.9376606584611548,0.84765625,0.1220703125,0.06396484375,28.15352941176471,210.9346202377156
-0.64494775390625,-0.1235791015625,-0.6664501953124999,0.9356202554689488,0.88671875,0.20703125,0.009765625,28.106470588235297,210.9346202377156
-0.67522119140625,-0.1240673828125,-0.6684033203124999,0.9581645847174658,0.94384765625,0.10009765625,-0.1044921875,28.15352941176471,210.9346202377156
-0.63615869140625,-0.1309033203125,-0.8207470703124999,1.0466419222193908,0.88427734375,-0.0419921875,-0.06787109375,28.15352941176471,210.9346202377156
-0.62590478515625,-0.1269970703125,-0.6874462890624999,0.9383322739281922,0.89599609375,-0.162109375,-0.013671875,28.106470588235297,210.9346202377156
-0.64201806640625,-0.1255322265625,-0.6732861328124999,0.938754363044652,0.93896484375,0.021484375,0.1611328125,28.85941176470588,210.9346202377156
-0.65617822265625,-0.1362744140625,-0.6864697265624999,0.9593650302690766,0.85302734375,0.064453125,0.19873046875,28.106470588235297,210.9346202377156
-0.62981103515625,-0.1230908203125,-0.5839306640624999,0.8676337421298594,0.90283203125,0.12353515625,0.1259765625,28.106470588235297,210.9346202377156
-0.61809228515625,-0.1309033203125,-0.6879345703124999,0.934038396036028,0.8984375,-0.0712890625,0.16064453125,28.106470588235297,210.7536061732198
-0.60539697265625,-0.1352978515625,-0.6850048828124999,0.9241443029179736,0.89404296875,-0.10791015625,0.2490234375,27.965294117647066,210.7536061732198
-0.63371728515625,-0.1269970703125,-0.5766064453124999,0.8661413546007851,0.8447265625,-0.048828125,0.380859375,28.106470588235297,210.7536061732198
-0.66008447265625,-0.1167431640625,-0.6884228515624999,0.960867576698604,0.8515625,-0.07080078125,0.20849609375,28.059411764705885,210.7536061732198
-0.64641259765625,-0.1064892578125,-0.6864697265624999,0.9489098449931646,0.90185546875,-0.13427734375,-0.013671875,28.106470588235297,210.7536061732198
-0.63762353515625,-0.1196728515625,-0.6742626953124999,0.9356898771902638,0.92333984375,-0.443359375,-0.23779296875,28.059411764705885,210.7536061732198
-0.65715478515625,-0.1465283203125,-0.6498486328124999,0.9357490079479834,0.89208984375,-0.4912109375,0.02587890625,28.81235294117647,210.7536061732198
-0.67082666015625,-0.1538525390625,-0.6483837890624999,0.9455583269536636,0.8271484375,-0.07421875,0.328125,28.15352941176471,210.7536061732198
-0.69914697265625,-0.1191845703125,-0.6508251953124999,0.9625927934638449,0.77685546875,0.14013671875,0.357421875,28.15352941176471,210.7536061732198
-0.64250634765625,-0.1040478515625,-0.6522900390624999,0.92147851697883,0.7958984375,0.43212890625,0.154296875,28.059411764705885,210.91744377013583
-0.58684228515625,0.0082568359375,-0.6776806640624999,0.8964949109901847,0.8544921875,0.279296875,0.02685546875,28.15352941176471,210.91744377013583
-0.58928369140625,-0.1313916015625,-0.6889111328124999,0.9160336079159636,0.88037109375,-0.02001953125,0.03857421875,28.106470588235297,210.91744377013583
-0.67717431640625,-0.1318798828125,-0.7001416015624999,0.9829321545912584,0.83984375,-0.1337890625,0.0537109375,28.15352941176471,210.91744377013583
-0.67912744140625,-0.1235791015625,-0.7006298828124999,0.9835487322465783,0.8037109375,-0.3271484375,-0.05908203125,28.15352941176471,210.91744377013583
-0.65617822265625,-0.1099072265625,-0.6747509765624999,0.9475960841577088,0.8037109375,-0.13916015625,-0.1591796875,28.106470588235297,210.91744377013583
-0.65227197265625,-0.1299267578125,-0.6615673828124999,0.9380890633143129,0.7626953125,-0.11669921875,-0.11181640625,28.059411764705885,210.91744377013583
-0.66447900390625,-0.1260205078125,-0.6610791015624999,0.9457479016864084,0.814453125,0.15185546875,-0.1162109375,28.20058823529412,210.91744377013583
-0.64250634765625,-0.1333447265625,-0.6649853515624999,0.9342380535352344,0.7978515625,-0.02001953125,0.1474609375,28.20058823529412,210.91744377013583
-0.63127587890625,-0.1299267578125,-0.6737744140624999,0.9323959238058646,0.79150390625,-0.23193359375,0.2578125,28.106470588235297,210.7159994424085
-0.63811181640625,-0.1352978515625,-0.6527783203124999,0.9228281174437204,0.81201171875,-0.2138671875,0.22021484375,28.01235294117648,210.7159994424085
-0.64494775390625,-0.1226025390625,-0.6430126953124999,0.918941953654492,0.845703125,-0.01904296875,0.09765625,28.106470588235297,210.7159994424085
-0.66008447265625,-0.1294384765625,-0.6571728515624999,0.9403945911623952,0.857421875,0.1884765625,0.03564453125,28.01235294117648,210.7159994424085
-0.65568994140625,-0.1348095703125,-0.6581494140624999,0.938756395845048,0.8427734375,0.28759765625,0.0673828125,28.15352941176471,210.7159994424085
-0.64299462890625,-0.1382275390625,-0.6850048828124999,0.9496213112786211,0.8056640625,0.28759765625,0.1708984375,28.106470588235297,210.7159994424085
-0.64299462890625,-0.1274853515625,-0.6874462890624999,0.94988262854476,0.7958984375,0.23486328125,0.25634765625,28.059411764705885,210.7159994424085
-0.63860009765625,-0.1245556640625,-0.6791455078124999,0.9405119983065184,0.79736328125,0.1689453125,0.2783203125,28.15352941176471,210.7159994424085
-0.64543603515625,-0.1226025390625,-0.6801220703124999,0.9456136042744696,0.81396484375,0.1416015625,0.21142578125,28.106470588235297,210.7159994424085
-0.63664697265625,-0.1162548828125,-0.6874462890624999,0.9441488049645133,0.8271484375,0.11328125,0.14013671875,28.15352941176471,210.8357130343393
-0.64397119140625,-0.1260205078125,-0.6874462890624999,0.9503486013544228,0.87451171875,0.080078125,0.12353515625,28.15352941176471,210.8357130343393
-0.62395166015625,-0.1269970703125,-0.6762158203124999,0.928822784884504,0.89306640625,0.05712890625,0.14306640625,28.953529411764706,210.8357130343393
-0.63127587890625,-0.1216259765625,-0.6767041015624999,0.9333973186886442,0.8984375,0.03076171875,0.17626953125,28.20058823529412,210.8357130343393
-0.64445947265625,-0.1157666015625,-0.6742626953124999,0.939872385073516,0.87109375,0.03955078125,0.1748046875,28.059411764705885,210.8357130343393
-0.64641259765625,-0.1221142578125,-0.6791455078124999,0.9455156049223604,0.9013671875,0.05908203125,0.06640625,28.106470588235297,210.8357130343393
-0.62346337890625,-0.1235791015625,-0.6640087890624999,0.9191768334398124,0.9140625,0.10888671875,0.04638671875,28.059411764705885,210.8357130343393
-0.66154931640625,-0.1289501953125,-0.6781689453124999,0.9561321923745572,0.8994140625,0.08935546875,0.0498046875,28.106470588235297,210.56971590577052
-0.64299462890625,-0.1216259765625,-0.6840283203124999,0.9466412805105258,0.90380859375,0.017578125,0.0185546875,28.059411764705885,210.56971590577052
-0.65422509765625,-0.1260205078125,-0.6747509765624999,0.9482512995850296,0.86767578125,-0.03173828125,0.021484375,28.106470588235297,210.56971590577052
-0.64445947265625,-0.1250439453125,-0.6791455078124999,0.9445647785819592,0.8525390625,-0.0439453125,0.0126953125,28.106470588235297,210.56971590577052
-0.63762353515625,-0.1284619140625,-0.6566845703124999,0.9242839719676348,0.8515625,-0.04296875,0.009765625,28.106470588235297,210.56971590577052
-0.64348291015625,-0.1255322265625,-0.6727978515624999,0.9394070175573584,0.841796875,-0.0302734375,0.04052734375,28.059411764705885,210.56971590577052
-0.65031884765625,-0.1123486328125,-0.6644970703124999,0.9365325276602444,0.83642578125,-0.03369140625,0.046875,28.106470588235297,210.56971590577052
-0.64250634765625,-0.1255322265625,-0.6698681640624999,0.9366408617548015,0.83349609375,-0.0322265625,0.07373046875,28.059411764705885,210.56971590577052
-0.63615869140625,-0.1226025390625,-0.6684033203124999,0.930855661121024,0.81982421875,0.00830078125,0.12353515625,28.15352941176471,210.56971590577052
-0.63860009765625,-0.1235791015625,-0.6654736328124999,0.9305573786920572,0.81982421875,0.05224609375,0.12890625,28.15352941176471,210.70986060167843
-0.64445947265625,-0.1216259765625,-0.6644970703124999,0.9336365709016808,0.81103515625,0.09912109375,0.09814453125,28.15352941176471,210.70986060167843
-0.64250634765625,-0.1191845703125,-0.6757275390624999,0.940014401818723,0.8232421875,0.14111328125,0.07958984375,28.15352941176471,210.70986060167843
-0.64592431640625,-0.1245556640625,-0.6708447265624999,0.9395557371075156,0.83935546875,0.1611328125,0.10205078125,28.059411764705885,210.70986060167843
-0.65568994140625,-0.1221142578125,-0.6786572265624999,0.9515339312856552,0.8388671875,0.171875,0.1044921875,28.15352941176471,210.70986060167843
-0.65959619140625,-0.1211376953125,-0.6854931640624999,0.958979851154169,0.84619140625,0.14453125,0.099609375,28.15352941176471,210.70986060167843
-0.65959619140625,-0.1186962890625,-0.6996533203124999,0.9688502017232308,0.8359375,0.0615234375,0.09130859375,28.20058823529412,210.70986060167843
-0.64543603515625,-0.1221142578125,-0.6908642578124999,0.9533063464396604,0.83203125,-0.10888671875,0.0634765625,28.106470588235297,210.70986060167843
-0.65178369140625,-0.1235791015625,-0.6850048828124999,0.9535855830512115,0.82763671875,-0.234375,0.021484375,28.15352941176471,210.70986060167843
-0.64885400390625,-0.1177197265625,-0.6840283203124999,0.9501390400339637,0.8447265625,-0.2548828125,0.01611328125,28.059411764705885,210.8373436871831
-0.65276025390625,-0.1167431640625,-0.6718212890624999,0.9439643848539389,0.84716796875,-0.17919921875,0.04541015625,28.15352941176471,210.8373436871831
-0.65031884765625,-0.1201611328125,-0.6630322265624999,0.9364641129889402,0.8505859375,-0.05419921875,0.09765625,28.01235294117648,210.8373436871831
-0.65324853515625,-0.1152783203125,-0.6747509765624999,0.946209078475738,0.8447265625,0.01318359375,0.00146484375,28.106470588235297,210.8373436871831
-0.65031884765625,-0.1182080078125,-0.6747509765624999,0.9445510134979478,0.83154296875,0.033203125,0.14306640625,28.15352941176471,210.8373436871831
-0.64397119140625,-0.1226025390625,-0.6684033203124999,0.9362121963265226,0.83154296875,0.01513671875,0.1015625,28.059411764705885,210.8373436871831
-0.64592431640625,-0.1211376953125,-0.6684033203124999,0.9373662903877436,0.83544921875,0.0283203125,0.0390625,28.106470588235297,210.8373436871831
-0.67277978515625,-0.1167431640625,-0.6703564453124999,0.9568904688846182,0.814453125,0.02294921875,-0.0517578125,28.106470588235297,210.8373436871831
-0.67424462890625,-0.1128369140625,-0.6815869140624999,0.9653490095324676,0.8408203125,0.0849609375,-0.09326171875,28.106470588235297,210.54928489451945
-0.62395166015625,-0.1269970703125,-0.6928173828124999,0.9409781379005894,0.86572265625,-0.04248046875,-0.00146484375,28.15352941176471,210.54928489451945
-0.60637353515625,-0.1328564453125,-0.8217236328124999,1.0298395156147069,0.8291015625,-0.33251953125,-0.01904296875,28.059411764705885,210.54928489451945
-0.64445947265625,-0.1230908203125,-0.6937939453124999,0.954897586390216,0.798828125,-0.46142578125,0.02783203125,28.15352941176471,210.54928489451945
-0.65520166015625,-0.1186962890625,-0.6767041015624999,0.9493716161652532,0.82080078125,-0.30517578125,-0.06884765625,28.059411764705885,210.54928489451945
-0.66399072265625,-0.1230908203125,-0.6561962890624999,0.94160957917715,0.84326171875,-0.19384765625,-0.173828125,28.106470588235297,210.54928489451945
-0.66301416015625,-0.1392041015625,-0.6527783203124999,0.9407896119375092,0.85986328125,-0.10595703125,-0.1748046875,28.106470588235297,210.54928489451945
-0.66887353515625,-0.1357861328125,-0.6586376953124999,0.9484900071076946,0.86767578125,-0.01025390625,-0.01904296875,28.106470588235297,210.54928489451945
-0.65324853515625,-0.1348095703125,-0.6693798828124999,0.9449744422182556,0.849609375,0.0107421875,0.15869140625,28.01235294117648,210.7523547934684
-0.64201806640625,-0.1299267578125,-0.6615673828124999,0.9309884864965136,0.853515625,-0.01416015625,0.22216796875,28.106470588235297,210.7523547934684
-0.64104150390625,-0.1240673828125,-0.6654736328124999,0.9322993516982602,0.8623046875,0.0048828125,0.16845703125,28.106470588235297,210.7523547934684
-0.64348291015625,-0.1167431640625,-0.6635205078124999,0.9316430036801856,0.88525390625,0.109375,0.0908203125,28.106470588235297,210.7523547934684
-0.66203759765625,-0.1182080078125,-0.6493603515624999,0.9348453241059894,0.89892578125,0.22265625,0.1025390625,28.059411764705885,210.7523547934684
-0.65715478515625,-0.1260205078125,-0.6605908203124999,0.9402732644950718,0.88720703125,0.28515625,0.1162109375,28.059411764705885,210.7523547934684
-0.64690087890625,-0.1162548828125,-0.6776806640624999,0.9440588050283826,0.87060546875,0.2783203125,0.11572265625,28.01235294117648,210.7523547934684
-0.64348291015625,-0.1167431640625,-0.6879345703124999,0.9491855430049092,0.86279296875,0.23095703125,0.08935546875,28.15352941176471,210.7523547934684
-0.63860009765625,-0.1143017578125,-0.6771923828124999,0.9377976860202156,0.85546875,0.1953125,0.0654296875,28.15352941176471,210.7523547934684
-0.64592431640625,-0.1191845703125,-0.6762158203124999,0.9427040998989894,0.8466796875,0.14111328125,0.0478515625,28.15352941176471,210.7523547934684
-0.64983056640625,-0.1230908203125,-0.6810986328124999,0.9493821478730936,0.8603515625,0.11279296875,0.05859375,28.059411764705885,210.7523547934684
-0.65129541015625,-0.1235791015625,-0.6845166015624999,0.9529010879667767,0.8525390625,0.06640625,0.03955078125,28.15352941176471,210.7523547934684
-0.64055322265625,-0.1289501953125,-0.6835400390624999,0.9456022255303778,0.86669921875,0.0107421875,0.05517578125,28.059411764705885,210.7523547934684
-0.65373681640625,-0.1216259765625,-0.6771923828124999,0.9490807271455006,0.9892578125,-0.02880859375,0.1220703125,28.01235294117648,210.7523547934684
-0.68449853515625,-0.1269970703125,-0.6889111328124999,0.9794207724017354,0.8525390625,-0.06591796875,0.1357421875,28.15352941176471,210.7523547934684
-0.63567041015625,-0.1255322265625,-0.6830517578124999,0.941485482683987,0.80859375,-0.09912109375,0.080078125,28.106470588235297,210.7523547934684
-0.63078759765625,-0.1274853515625,-0.6713330078124999,0.9299642550111996,0.828125,-0.05615234375,0.10791015625,28.20058823529412,210.7523547934684
-0.66545556640625,-0.1299267578125,-0.6771923828124999,0.958280541697473,0.8154296875,-0.017578125,0.0048828125,28.15352941176471,210.7523547934684
-0.65080712890625,-0.1206494140625,-0.6762158203124999,0.9462420598291582,0.81103515625,-0.0791015625,0.109375,28.15352941176471,210.7114922689626
-0.63225244140625,-0.1177197265625,-0.6810986328124999,0.936747794929441,0.8125,-0.15087890625,0.115234375,28.059411764705885,210.7114922689626
-0.64201806640625,-0.1309033203125,-0.6732861328124999,0.9394876760758856,0.81787109375,-0.2294921875,0.18017578125,28.059411764705885,210.7114922689626
-0.64592431640625,-0.1206494140625,-0.6869580078124999,0.9506239046732544,0.8095703125,-0.2412109375,0.1943359375,28.059411764705885,210.7114922689626
-0.65568994140625,-0.1162548828125,-0.6649853515624999,0.9410898016830176,0.7958984375,-0.181640625,0.14697265625,28.106470588235297,210.7114922689626
-0.65471337890625,-0.1157666015625,-0.6547314453124999,0.9331263473062824,0.79736328125,-0.0595703125,0.14892578125,28.106470588235297,210.7114922689626
-0.65861962890625,-0.1284619140625,-0.6537548828124999,0.9368445579424548,0.80615234375,0.10595703125,0.1689453125,28.15352941176471,210.7114922689626
-0.65227197265625,-0.1313916015625,-0.6542431640624999,0.933143395731088,0.79638671875,0.26806640625,0.21728515625,28.059411764705885,210.7114922689626
-0.65666650390625,-0.1255322265625,-0.6718212890624999,0.9477937970338248,0.806640625,0.28955078125,0.22412109375,28.106470588235297,210.668998439138
-0.64592431640625,-0.1196728515625,-0.6762158203124999,0.942765956941005,0.818359375,0.20263671875,0.1513671875,28.106470588235297,210.668998439138
-0.64006494140625,-0.1206494140625,-0.6835400390624999,0.9441749813104426,0.8125,0.06787109375,0.08203125,28.15352941176471,210.668998439138
-0.63518212890625,-0.1211376953125,-0.6815869140624999,0.9395165775699448,0.82568359375,-0.03564453125,0.0908203125,28.15352941176471,210.668998439138
-0.64201806640625,-0.1274853515625,-0.6674267578124999,0.9348252186901784,0.828125,-0.04541015625,0.13671875,28.15352941176471,210.668998439138
-0.64690087890625,-0.1206494140625,-0.6727978515624999,0.9411131586108118,0.830078125,0.00830078125,0.1513671875,28.90647058823529,210.668998439138
-0.64055322265625,-0.1230908203125,-0.6625439453124999,0.9297441909314436,0.83154296875,0.05908203125,0.1640625,28.106470588235297,210.668998439138
-0.64836572265625,-0.1216259765625,-0.6649853515624999,0.93668378137077,0.83251953125,0.0712890625,0.17236328125,28.059411764705885,210.668998439138
-0.66301416015625,-0.1138134765625,-0.6810986328124999,0.9573069683408748,0.83203125,0.0908203125,0.1708984375,28.106470588235297,210.53988553493343
-0.65373681640625,-0.2353955078125,-0.6791455078124999,0.9716076836898636,0.83642578125,0.06298828125,0.126953125,28.106470588235297,210.53988553493343
-0.64983056640625,-0.1040478515625,-0.6903759765624999,0.9537948990560104,0.85205078125,0.02294921875,0.0849609375,28.20058823529412,210.53988553493343
-0.65276025390625,-0.2349072265625,-0.6820751953124999,0.9728843334290168,0.82958984375,-0.02734375,0.1005859375,28.01235294117648,210.53988553493343
-0.64787744140625,-0.1216259765625,-0.6806103515624999,0.947506468533023,0.818359375,-0.06201171875,0.1044921875,28.059411764705885,210.53988553493343
-0.65227197265625,-0.1182080078125,-0.6767041015624999,0.947291032626925,0.80810546875,-0.05908203125,0.11376953125,28.059411764705885,210.53988553493343
-0.66106103515625,-0.1172314453125,-0.6679150390624999,0.947024499882538,0.83447265625,-0.01416015625,0.1162109375,28.059411764705885,210.53988553493343
-0.66740869140625,0.0111865234375,-0.6610791015624999,0.9394599928649984,0.822265625,0.0576171875,0.09912109375,28.15352941176471,210.53988553493343
-0.67082666015625,-0.1143017578125,-0.6679150390624999,0.9535112999966372,0.814453125,0.06591796875,0.01708984375,28.15352941176471,210.53988553493343
-0.64006494140625,-0.1060009765625,-0.6659619140624999,0.9297443773593786,0.7998046875,0.05712890625,-0.02880859375,27.965294117647066,210.81691193889185
-0.65276025390625,-0.1211376953125,-0.6752392578124999,0.9469521347969768,0.8388671875,0.06884765625,-0.0263671875,28.059411764705885,210.81691193889185
-0.63371728515625,-0.1245556640625,-0.6845166015624999,0.9411029108288492,0.83154296875,-0.0458984375,0.05810546875,28.90647058823529,210.81691193889185
-0.61027978515625,-0.1357861328125,-0.6889111328124999,0.9303106142292124,0.79638671875,-0.13623046875,0.11767578125,28.059411764705885,210.81691193889185
-0.63518212890625,-0.1269970703125,-0.6825634765624999,0.940998136176114,0.80029296875,-0.33349609375,0.083984375,27.494705882352942,210.81691193889185
-0.65764306640625,-0.1050244140625,-0.6698681640624999,0.9445887399105768,0.802734375,-0.3251953125,-0.0537109375,28.15352941176471,210.81691193889185
-0.66545556640625,-0.2353955078125,-0.6566845703124999,0.9640937614391456,0.802734375,-0.26318359375,-0.1611328125,28.15352941176471,210.81691193889185
-0.78752587890625,-0.1182080078125,-0.6557080078124999,1.0315634418529471,0.8115234375,-0.181640625,-0.130859375,27.494705882352942,210.81691193889185
-0.66057275390625,-0.1318798828125,-0.6522900390624999,0.9376731636098388,0.833984375,-0.07373046875,0.03076171875,27.965294117647066,210.6248727282284
-0.66887353515625,-0.1343212890625,-0.6610791015624999,0.9499787330517,0.8125,-0.029296875,0.23095703125,28.15352941176471,210.6248727282284
-0.66057275390625,-0.1211376953125,-0.6557080078124999,0.9386073172196928,0.78564453125,0.00830078125,0.34716796875,28.15352941176471,210.6248727282284
-0.64885400390625,-0.2358837890625,-0.6508251953124999,0.9488024637305742,0.796875,0.0009765625,0.3017578125,27.494705882352942,210.6248727282284
-0.64690087890625,0.0131396484375,-0.6654736328124999,0.9281748506932332,0.8232421875,0.267578125,0.19140625,28.106470588235297,210.6248727282284
-0.64787744140625,-0.1040478515625,-0.6547314453124999,0.9269543677975072,0.81689453125,0.32958984375,0.248046875,27.965294117647066,210.6248727282284
-0.64348291015625,-0.1182080078125,-0.6762158203124999,0.9409097854816176,0.8251953125,0.3017578125,0.1376953125,28.059411764705885,210.6248727282284
-0.65129541015625,-0.1133251953125,-0.6864697265624999,0.9530314772713478,0.81103515625,0.23486328125,0.13232421875,28.20058823529412,210.6248727282284
-0.64543603515625,0.0077685546875,-0.6874462890624999,0.9429901517332804,0.82861328125,0.15869140625,0.0615234375,28.106470588235297,210.6248727282284
-0.64494775390625,-0.1133251953125,-0.6893994140624999,0.9508268808100931,0.8427734375,0.068359375,0.01318359375,28.15352941176471,210.90027056654023
-0.64592431640625,-0.1099072265625,-0.6835400390624999,0.9468499384681324,0.81591796875,0.021484375,0.02587890625,28.106470588235297,210.90027056654023
-0.64885400390625,-0.1186962890625,-0.6786572265624999,0.9464015842061364,0.8115234375,0.0048828125,0.03369140625,28.106470588235297,210.90027056654023
-0.65324853515625,-0.1186962890625,-0.6727978515624999,0.9452403962950964,0.81884765625,0.01123046875,0.03076171875,28.106470588235297,210.90027056654023
-0.64445947265625,-0.1196728515625,-0.6732861328124999,0.939661545416797,0.80224609375,0.0126953125,0.06640625,28.15352941176471,210.90027056654023
-0.54289697265625,-0.1230908203125,-0.6737744140624999,0.8739910949259095,0.81787109375,0.02197265625,0.115234375,28.106470588235297,210.90027056654023
-0.64836572265625,-0.1162548828125,-0.6630322265624999,0.9346149161840592,0.8232421875,0.06787109375,0.04833984375,28.15352941176471,210.90027056654023
-0.63029931640625,-0.1240673828125,-0.6659619140624999,0.92529736556521,0.85986328125,0.09765625,0.04443359375,28.106470588235297,210.90027056654023
-0.65129541015625,-0.1245556640625,-0.6806103515624999,0.9502264337486502,0.84716796875,0.111328125,0.0615234375,28.059411764705885,210.7302920551507
-0.65324853515625,-0.1157666015625,-0.6835400390624999,0.9525557934959406,0.84326171875,0.00830078125,0.00048828125,28.15352941176471,210.7302920551507
-0.65129541015625,-0.1221142578125,-0.6825634765624999,0.9513098878855312,0.8369140625,0.10107421875,-0.033203125,28.106470588235297,210.7302920551507
-0.64445947265625,-0.1177197265625,-0.6796337890624999,0.943974593489556,0.83837890625,0.02099609375,-0.0185546875,28.106470588235297,210.7302920551507
-0.64934228515625,-0.1216259765625,-0.6669384765624999,0.9387466180957622,0.83935546875,-0.037109375,0.0458984375,28.106470588235297,210.7302920551507
-0.64934228515625,-0.1230908203125,-0.6703564453124999,0.9413684279330572,0.81396484375,-0.05615234375,0.11767578125,28.106470588235297,210.7302920551507
-0.64934228515625,-0.1191845703125,-0.6640087890624999,0.9363535854818752,0.8271484375,-0.0302734375,0.15625,28.106470588235297,210.7302920551507
-0.64983056640625,-0.1162548828125,-0.6688916015624999,0.9397930290518556,0.8203125,0.03369140625,0.17236328125,28.24764705882353,210.7302920551507
-0.65666650390625,-0.1123486328125,-0.6654736328124999,0.9416412632292412,0.82373046875,0.1064453125,0.15771484375,28.15352941176471,210.7302920551507
-0.66301416015625,-0.1147900390625,-0.6718212890624999,0.9508461358565156,0.810546875,0.17333984375,0.12890625,28.106470588235297,210.4973921933436
-0.65764306640625,-0.1167431640625,-0.6708447265624999,0.9466551728608756,0.82861328125,0.20556640625,0.08984375,28.15352941176471,210.4973921933436
-0.65031884765625,0.0131396484375,-0.6771923828124999,0.9389764519503594,0.82763671875,0.20703125,0.0537109375,28.106470588235297,210.4973921933436
-0.65178369140625,0.0092333984375,-0.6732861328124999,0.937134703587203,0.84033203125,0.17626953125,0.05078125,28.15352941176471,210.4973921933436
-0.65227197265625,-0.1113720703125,-0.6767041015624999,0.9464623106231322,0.8466796875,0.1396484375,0.01123046875,28.15352941176471,210.4973921933436
-0.64543603515625,-0.1182080078125,-0.6791455078124999,0.94435132729886,0.8447265625,0.09716796875,0.0322265625,28.106470588235297,210.4973921933436
-0.65080712890625,-0.1260205078125,-0.6767041015624999,0.9472906251494452,0.8310546875,0.06884765625,0.04248046875,28.059411764705885,210.4973921933436
-0.64152978515625,-0.1177197265625,-0.6796337890624999,0.941976903379284,0.84716796875,0.044921875,0.03662109375,28.059411764705885,210.4973921933436
-0.64445947265625,-0.1167431640625,-0.6723095703124999,0.9385931688359308,0.83544921875,0.06494140625,0.03564453125,28.106470588235297,210.7617550853205
-0.64787744140625,-0.1191845703125,-0.6781689453124999,0.9454434193911092,0.83935546875,0.09912109375,0.041015625,28.15352941176471,210.7617550853205
-0.65276025390625,0.0092333984375,-0.6771923828124999,0.9406225215599132,0.83544921875,0.1455078125,0.0009765625,28.059411764705885,210.7617550853205
-0.64201806640625,-0.1133251953125,-0.6786572265624999,0.9410661127944948,0.8544921875,0.14208984375,-0.03271484375,28.106470588235297,210.7617550853205
-0.63811181640625,0.0106982421875,-0.6859814453124999,0.9369480700317454,0.8388671875,0.095703125,-0.06103515625,28.15352941176471,210.7617550853205
-0.63762353515625,-0.1221142578125,-0.6737744140624999,0.9356535820438654,0.8525390625,0.005859375,-0.0322265625,28.15352941176471,210.7617550853205
-0.65080712890625,-0.1230908203125,-0.6737744140624999,0.9448138600410484,0.849609375,-0.01123046875,0.00634765625,28.15352941176471,210.7617550853205
-0.64787744140625,-0.1186962890625,-0.6708447265624999,0.9401418165771762,0.85546875,0.0498046875,0.00732421875,28.059411764705885,210.7617550853205
-0.66496728515625,-0.1147900390625,-0.6644970703124999,0.9470557532954116,0.8447265625,0.1298828125,-0.08740234375,28.106470588235297,210.52885413139472
-0.64641259765625,-0.1006298828125,-0.6703564453124999,0.936671438389988,0.83251953125,0.1669921875,-0.21923828125,28.106470588235297,210.52885413139472
-0.64397119140625,-0.1196728515625,-0.6752392578124999,0.9407276662528116,0.90625,0.19384765625,-0.20947265625,28.106470588235297,210.52885413139472
-0.61613916015625,-0.1338330078125,-0.6913525390624999,0.9356853487825676,0.759765625,0.1064453125,-0.0478515625,28.20058823529412,210.52885413139472
-0.61174462890625,-0.1372509765625,-0.6825634765624999,0.9268021477640694,0.8486328125,-0.2421875,-0.02587890625,28.15352941176471,210.52885413139472
-0.64055322265625,-0.1016064453125,-0.6933056640624999,0.949370867788502,0.8408203125,-0.25830078125,-0.17236328125,28.106470588235297,210.52885413139472
-0.65666650390625,-0.0962353515625,-0.6684033203124999,0.9419315998773952,0.81787109375,-0.1806640625,-0.32080078125,28.15352941176471,210.52885413139472
-0.64397119140625,-0.1084423828125,-0.6684033203124999,0.9344632921394036,0.818359375,-0.1689453125,-0.2880859375,28.059411764705885,210.52885413139472
-0.64397119140625,-0.1294384765625,-0.6576611328124999,0.9295006079547375,0.81103515625,-0.1455078125,-0.14453125,28.106470588235297,210.52885413139472
-0.64885400390625,-0.1387158203125,-0.6552197265624999,0.932505489134932,0.8232421875,-0.11083984375,0.0224609375,28.059411764705885,210.86880702933965
-0.65080712890625,-0.1269970703125,-0.6566845703124999,0.9332270890783588,0.81005859375,-0.04248046875,0.15380859375,28.106470588235297,210.86880702933965
-0.65031884765625,-0.1250439453125,-0.6552197265624999,0.9315919074105924,0.82470703125,0.0771484375,0.173828125,28.106470588235297,210.86880702933965
-0.65520166015625,-0.1172314453125,-0.6586376953124999,0.9363952375616428,0.83837890625,0.208984375,0.08544921875,28.106470588235297,210.86880702933965
-0.65764306640625,-0.1162548828125,-0.6703564453124999,0.9462491026901818,0.857421875,0.2646484375,0.0009765625,28.106470588235297,210.86880702933965
-0.65178369140625,-0.1152783203125,-0.6806103515624999,0.949390079035619,0.82763671875,0.2333984375,-0.00537109375,28.20058823529412,210.86880702933965
-0.64934228515625,-0.1196728515625,-0.6913525390624999,0.9559996485152108,0.85107421875,0.162109375,-0.015625,28.01235294117648,210.86880702933965
-0.64494775390625,-0.1157666015625,-0.6942822265624999,0.9546660784937474,0.85009765625,0.09033203125,-0.0302734375,28.15352941176471,210.86880702933965
-0.64250634765625,-0.1226025390625,-0.6933056640624999,0.9531623855274032,0.8515625,0.052734375,-0.04638671875,28.15352941176471,210.5840112896136
-0.64641259765625,-0.1274853515625,-0.6845166015624999,0.950086700825977,0.8349609375,0.052734375,-0.01953125,28.20058823529412,210.5840112896136
-0.64787744140625,-0.1269970703125,-0.6801220703124999,0.9478604673037208,0.8203125,0.0625,0.01318359375,28.106470588235297,210.5840112896136
-0.64299462890625,-0.1230908203125,-0.6840283203124999,0.9468306003911314,0.833984375,0.07470703125,0.0166015625,28.15352941176471,210.5840112896136
-0.64152978515625,-0.1255322265625,-0.6776806640624999,0.9415784022547214,0.8193359375,0.0576171875,0.0595703125,28.106470588235297,210.5840112896136
-0.64006494140625,-0.1260205078125,-0.6732861328124999,0.9374852074802664,0.82666015625,0.04345703125,0.1103515625,28.059411764705885,210.5840112896136
-0.64397119140625,-0.1274853515625,-0.6825634765624999,0.947018642773882,0.83056640625,0.0498046875,0.12890625,28.01235294117648,210.5840112896136
-0.65471337890625,-0.1162548828125,-0.6747509765624999,0.9473403225180668,0.82763671875,0.08349609375,0.06103515625,28.106470588235297,210.5840112896136
-0.62053369140625,-0.1221142578125,-0.6674267578124999,0.9194739970088716,0.86279296875,0.11767578125,0.06298828125,28.20058823529412,210.5840112896136
-0.64152978515625,-0.1279736328125,-0.6850048828124999,0.94719026885564,0.8642578125,0.14892578125,0.11669921875,28.15352941176471,211.1143771565162
-0.65471337890625,-0.1269970703125,-0.6747509765624999,0.948718474974976,0.849609375,0.15673828125,0.0986328125,28.15352941176471,211.1143771565162
-0.64445947265625,-0.1196728515625,-0.6854931640624999,0.948446351289249,0.8583984375,0.1513671875,0.0400390625,28.106470588235297,211.1143771565162
-0.64787744140625,-0.1299267578125,-0.6850048828124999,0.9517656386714872,0.85400390625,0.12744140625,0.03564453125,28.15352941176471,211.1143771565162
-0.63420556640625,-0.1260205078125,-0.6820751953124999,0.9398534145868588,0.84326171875,0.04296875,0.09619140625,28.059411764705885,211.1143771565162
-0.63567041015625,-0.1289501953125,-0.6864697265624999,0.9444287737601712,0.84033203125,-0.044921875,0.12841796875,28.01235294117648,211.1143771565162
-0.63664697265625,-0.1182080078125,-0.6845166015624999,0.942260833696298,0.82958984375,-0.09814453125,0.091796875,28.059411764705885,211.1143771565162
-0.64348291015625,-0.1201611328125,-0.6684033203124999,0.9355596999158922,0.85791015625,-0.0810546875,0.08740234375,28.106470588235297,211.1143771565162
-0.64397119140625,-0.1167431640625,-0.6752392578124999,0.9403594615931103,0.84765625,-0.03271484375,0.10107421875,28.106470588235297,211.1143771565162
-0.65422509765625,-0.1216259765625,-0.6605908203124999,0.9376479021782396,0.859375,0.06689453125,0.10400390625,28.01235294117648,210.43120395008083
-0.64787744140625,-0.1211376953125,-0.6610791015624999,0.933512238179776,0.86328125,0.00048828125,0.09716796875,28.059411764705885,210.43120395008083
-0.66008447265625,-0.1240673828125,-0.6635205078124999,0.9441205912422316,0.86767578125,0.17041015625,0.11376953125,28.106470588235297,210.43120395008083
-0.65764306640625,-0.1221142578125,-0.6796337890624999,0.9535766261757698,0.8544921875,0.15478515625,0.0849609375,28.106470588235297,210.43120395008083
-0.64592431640625,-0.1157666015625,-0.6781689453124999,0.9436806912025276,0.75146484375,0.13623046875,0.05517578125,28.106470588235297,210.43120395008083
-0.64690087890625,-0.1196728515625,-0.6776806640624999,0.9444857971271828,0.87890625,0.07080078125,0.06640625,28.106470588235297,210.43120395008083
-0.65129541015625,-0.1255322265625,-0.6874462890624999,0.9552625039967492,0.85498046875,0.037109375,0.068359375,28.15352941176471,210.43120395008083
-0.64348291015625,-0.1182080078125,-0.6727978515624999,0.9384563590499412,0.857421875,0.02197265625,0.0185546875,28.20058823529412,210.43120395008083
-0.64494775390625,-0.1089306640625,-0.6732861328124999,0.9386893583499418,0.8447265625,0.0390625,-0.01513671875,28.059411764705885,210.89864042092404
-0.64445947265625,-0.1172314453125,-0.6757275390624999,0.9411051645347038,0.8447265625,0.02978515625,-0.01611328125,28.106470588235297,210.89864042092404
-0.64201806640625,-0.1172314453125,-0.6835400390624999,0.9450700473317528,0.8466796875,0.0263671875,-0.041015625,28.106470588235297,210.89864042092404
-0.63518212890625,-0.1191845703125,-0.6752392578124999,0.9346707195443896,0.84033203125,0.0009765625,-0.04296875,28.106470588235297,210.89864042092404
-0.64397119140625,-0.1294384765625,-0.6688916015624999,0.937480234040618,0.8330078125,-0.041015625,-0.0048828125,28.106470588235297,210.89864042092404
-0.64299462890625,-0.1230908203125,-0.6693798828124999,0.936302766396408,0.85498046875,-0.0146484375,0.01806640625,28.059411764705885,210.89864042092404
-0.64934228515625,-0.1221142578125,-0.6737744140624999,0.943678576793128,0.83935546875,0.015625,0.0400390625,28.106470588235297,210.89864042092404
-0.64787744140625,-0.1167431640625,-0.6718212890624999,0.9405944874790793,0.8525390625,0.07373046875,0.0078125,27.494705882352942,210.89864042092404
-0.66203759765625,-0.1147900390625,-0.6703564453124999,0.9491302848136496,0.8125,0.02978515625,-0.07763671875,28.15352941176471,210.796480438732
-0.66008447265625,-0.2324658203125,-0.6674267578124999,0.9670627413459524,0.8232421875,0.07373046875,-0.115234375,28.059411764705885,210.796480438732
-0.63420556640625,-0.1309033203125,-0.6820751953124999,0.9405205748892972,0.869140625,0.0810546875,-0.09814453125,28.15352941176471,210.796480438732
-0.60979150390625,-0.1440869140625,-0.6884228515624999,0.9308774030954584,0.89208984375,-0.05078125,-0.1240234375,28.20058823529412,210.796480438732
-0.61809228515625,-0.1440869140625,-0.6913525390624999,0.9384921124026004,0.83447265625,-0.265625,0.13818359375,28.15352941176471,210.796480438732
-0.64543603515625,-0.1216259765625,-0.6869580078124999,0.9504166760693546,0.8037109375,-0.27734375,0.07568359375,28.106470588235297,210.796480438732
-0.66887353515625,-0.1030712890625,-0.6845166015624999,0.9625894631025728,0.8251953125,-0.2421875,-0.1005859375,28.106470588235297,210.796480438732
-0.65813134765625,-0.1084423828125,-0.6742626953124999,0.9484338687794536,0.8095703125,-0.025390625,-0.20703125,28.059411764705885,210.796480438732
-0.64934228515625,-0.1235791015625,-0.6737744140624999,0.9438692487204996,0.8095703125,-0.0771484375,-0.14306640625,28.106470588235297,210.796480438732
-0.64006494140625,-0.1387158203125,-0.6664501953124999,0.934388072941016,0.8212890625,-0.10546875,-0.115234375,28.059411764705885,210.635904134876
-0.64543603515625,-0.1362744140625,-0.6649853515624999,0.9366770570474112,0.8173828125,-0.12353515625,0.15966796875,28.15352941176471,210.635904134876
-0.64299462890625,-0.1323681640625,-0.6644970703124999,0.9340876726054458,0.83447265625,-0.0634765625,0.2275390625,28.15352941176471,210.635904134876
-0.64152978515625,-0.1235791015625,-0.6669384765624999,0.933616190468614,0.8525390625,0.0263671875,0.1806640625,28.106470588235297,210.635904134876
-0.63664697265625,-0.1123486328125,-0.6596142578124999,0.9235976137890034,0.87548828125,0.1123046875,0.087890625,28.15352941176471,210.635904134876
-0.64006494140625,-0.1157666015625,-0.6601025390624999,0.9267256321757136,0.8642578125,0.1513671875,0.06494140625,28.106470588235297,210.635904134876
-0.64445947265625,-0.1265087890625,-0.6727978515624999,0.9402071232837728,0.87646484375,0.1630859375,0.05712890625,28.106470588235297,210.635904134876
-0.64592431640625,-0.1240673828125,-0.6767041015624999,0.9436839402439436,0.86962890625,0.1728515625,0.03515625,28.059411764705885,210.635904134876
-0.64934228515625,-0.1226025390625,-0.6854931640624999,0.9521437201667244,0.86669921875,0.1728515625,0.02197265625,28.20058823529412,210.635904134876
-0.64348291015625,-0.1274853515625,-0.6903759765624999,0.9523348988359064,0.8447265625,0.13037109375,0.0703125,28.15352941176471,210.75398626882728
-0.64543603515625,-0.1338330078125,-0.6742626953124999,0.942936440990822,0.83544921875,0.10791015625,0.08837890625,28.059411764705885,210.75398626882728
-0.64787744140625,-0.1230908203125,-0.6820751953124999,0.9487481758553732,0.85400390625,0.08251953125,0.09814453125,28.106470588235297,210.75398626882728
-0.63860009765625,-0.1240673828125,-0.6820751953124999,0.9425653145883846,0.849609375,0.056640625,0.08203125,28.106470588235297,210.75398626882728
-0.63127587890625,-0.1191845703125,-0.6830517578124999,0.93769606000035,0.8564453125,0.01904296875,0.0888671875,28.01235294117648,210.75398626882728
-0.62736962890625,-0.1245556640625,-0.6693798828124999,0.9258381026065476,0.85791015625,-0.017578125,0.16552734375,28.106470588235297,210.75398626882728
-0.67961572265625,-0.1186962890625,-0.6742626953124999,0.964674308670477,0.8203125,0.02978515625,0.189453125,28.15352941176471,210.75398626882728
-0.61027978515625,-0.1152783203125,-0.6684033203124999,0.9124108207979584,0.86328125,0.0458984375,0.06201171875,28.106470588235297,210.91130190678925
-0.65520166015625,-0.1216259765625,-0.6791455078124999,0.951483428351848,0.84814453125,0.09814453125,0.0654296875,28.059411764705885,210.91130190678925
-0.64494775390625,-0.1250439453125,-0.6776806640624999,0.943845684406208,0.86474609375,0.0595703125,0.02685546875,28.15352941176471,210.91130190678925
-0.65666650390625,-0.1191845703125,-0.6859814453124999,0.9570717854299428,0.85498046875,-0.00927734375,0.06494140625,28.106470588235297,210.91130190678925
-0.64348291015625,-0.1226025390625,-0.6879345703124999,0.9499240028964276,0.84765625,-0.08740234375,0.076171875,28.15352941176471,210.91130190678925
-0.64934228515625,-0.1260205078125,-0.6776806640624999,0.9469834497632216,0.83251953125,-0.11083984375,0.11572265625,28.106470588235297,210.91130190678925
-0.65324853515625,-0.1260205078125,-0.6703564453124999,0.944453588507724,0.8310546875,-0.0810546875,0.1552734375,28.15352941176471,210.91130190678925
-0.65031884765625,-0.1211376953125,-0.6654736328124999,0.9383198286358672,0.82568359375,-0.0322265625,0.15087890625,28.106470588235297,210.91130190678925
-0.64006494140625,-0.1147900390625,-0.6669384765624999,0.9314863465477444,0.82275390625,-0.119140625,0.158203125,28.106470588235297,210.91130190678925
-0.63957666015625,-0.1177197265625,-0.6610791015624999,0.9273304787190244,0.83251953125,-0.00830078125,0.15283203125,28.20058823529412,210.91293255274127
-0.64250634765625,-0.1245556640625,-0.6669384765624999,0.9344171722245544,0.83935546875,-0.00830078125,0.16845703125,28.106470588235297,210.91293255274127
-0.65178369140625,-0.1172314453125,-0.6635205078124999,0.93745648242517,0.849609375,0.037109375,0.17822265625,28.059411764705885,210.91293255274127
-0.65276025390625,-0.1177197265625,-0.6762158203124999,0.9472178834579766,0.83056640625,0.07470703125,0.16162109375,28.15352941176471,210.91293255274127
-0.65861962890625,-0.1152783203125,-0.6718212890624999,0.9478463752909946,0.81005859375,0.08837890625,0.15673828125,28.15352941176471,210.91293255274127
-0.65227197265625,-0.1157666015625,-0.6898876953124999,0.9564547372948702,0.8125,0.09716796875,0.14453125,28.106470588235297,210.91293255274127
-0.64787744140625,-0.1133251953125,-0.6854931640624999,0.9499940299560532,0.79052734375,0.04296875,0.09228515625,28.059411764705885,210.91293255274127
-0.64543603515625,-0.1162548828125,-0.6796337890624999,0.9444601423519252,0.78662109375,-0.02197265625,0.0703125,28.059411764705885,210.91293255274127
-0.65129541015625,-0.1230908203125,-0.6801220703124999,0.9496857858586508,0.8056640625,-0.0048828125,0.0947265625,28.106470588235297,210.91293255274127
-0.66106103515625,-0.1201611328125,-0.6693798828124999,0.9484249140310014,0.8056640625,0.07080078125,0.09912109375,28.15352941176471,210.70986060167843
-0.65568994140625,-0.1206494140625,-0.6679150390624999,0.9437139819780234,0.8115234375,0.00390625,0.12353515625,28.15352941176471,210.70986060167843
-0.65129541015625,-0.1211376953125,-0.6693798828124999,0.9417693348322074,0.8291015625,0.16650390625,0.13623046875,28.15352941176471,210.70986060167843
-0.63811181640625,-0.1191845703125,-0.6810986328124999,0.9408969123431724,0.8203125,0.16015625,0.130859375,28.059411764705885,210.70986060167843
-0.62785791015625,-0.1167431640625,-0.6947705078124999,0.9436845766606216,0.83642578125,0.08642578125,0.0966796875,28.059411764705885,210.70986060167843
-0.63371728515625,-0.1250439453125,-0.6879345703124999,0.9436564834706364,0.837890625,-0.017578125,0.126953125,28.106470588235297,210.70986060167843
-0.63615869140625,-0.1309033203125,-0.6820751953124999,0.9418386974323864,0.822265625,-0.04541015625,0.1669921875,28.059411764705885,210.70986060167843
-0.65715478515625,-0.1177197265625,-0.6747509765624999,0.9492097903244332,0.830078125,0.0283203125,0.15478515625,27.494705882352942,210.70986060167843
-0.54338525390625,0.0102099609375,-0.6718212890624999,0.8641270866618546,0.814453125,0.0400390625,0.03271484375,28.15352941176471,210.64530381973532
-0.64983056640625,-0.1064892578125,-0.6850048828124999,0.9501849380737896,0.796875,0.0390625,-0.00244140625,28.059411764705885,210.64530381973532
-0.64250634765625,-0.1196728515625,-0.6815869140624999,0.9442969446106008,0.82177734375,0.05126953125,0.01513671875,28.15352941176471,210.64530381973532
-0.62395166015625,-0.1387158203125,-0.6898876953124999,0.9404800822772926,0.8271484375,-0.0966796875,0.2119140625,28.106470588235297,210.64530381973532
-0.64592431640625,-0.1367626953125,-0.6942822265624999,0.9580971075390028,0.76318359375,-0.19873046875,0.28125,28.15352941176471,210.64530381973532
-0.66496728515625,-0.1069775390625,-0.6752392578124999,0.9537157540290072,0.791015625,-0.099609375,0.16943359375,28.059411764705885,210.64530381973532
-0.66887353515625,-0.1020947265625,-0.6537548828124999,0.940856304663723,0.81103515625,0.01904296875,0.0966796875,28.15352941176471,210.64530381973532
-0.65373681640625,-0.1157666015625,-0.6513134765624999,0.9300446096366776,0.81005859375,0.01953125,0.13916015625,28.20058823529412,210.64530381973532
-0.63713525390625,-0.1235791015625,-0.6459423828124999,0.9156717141130148,0.83544921875,0.08251953125,0.1953125,28.90647058823529,210.7319234071473
-0.65764306640625,-0.1191845703125,-0.6615673828124999,0.9404098928627728,0.84423828125,0.17919921875,0.232421875,28.15352941176471,210.7319234071473
-0.64592431640625,-0.1211376953125,-0.6630322265624999,0.9335439449811304,0.81494140625,0.18115234375,0.20654296875,28.15352941176471,210.7319234071473
-0.54436181640625,-0.1133251953125,-0.6684033203124999,0.8694454472009745,0.7978515625,0.185546875,0.20458984375,28.106470588235297,210.7319234071473
-0.65031884765625,-0.1157666015625,-0.6669384765624999,0.9386817571327312,0.79345703125,0.2080078125,0.1904296875,28.059411764705885,210.7319234071473
-0.66057275390625,-0.1201611328125,-0.6762158203124999,0.9529233425008424,0.8125,0.2333984375,0.20458984375,28.106470588235297,210.7319234071473
-0.66057275390625,0.0116748046875,-0.6742626953124999,0.9439930331087488,0.81640625,0.29248046875,0.17919921875,28.106470588235297,210.7319234071473
-0.64787744140625,-0.1079541015625,-0.6854931640624999,0.9493682873909856,0.82763671875,0.306640625,0.08056640625,28.059411764705885,210.7319234071473
-0.64494775390625,-0.1055126953125,-0.6864697265624999,0.9478033654865438,0.84228515625,0.26025390625,-0.00341796875,28.106470588235297,210.7319234071473
-0.62492822265625,-0.1025830078125,-0.6991650390624999,0.9433399752005774,0.865234375,0.24560546875,-0.06640625,28.106470588235297,210.64530381973532
-0.62883447265625,0.0121630859375,-0.6942822265624999,0.9368076348861432,0.8525390625,0.0029296875,-0.0634765625,27.494705882352942,210.64530381973532
-0.64641259765625,-0.1147900390625,-0.6972119140624999,0.9576692814261956,0.85595703125,-0.0126953125,-0.05517578125,28.15352941176471,210.64530381973532
-0.63957666015625,-0.1108837890625,-0.6913525390624999,0.948325815403992,0.845703125,-0.01220703125,-0.0888671875,28.15352941176471,210.64530381973532
-0.63371728515625,-0.1157666015625,-0.6845166015624999,0.9399800430635816,0.8447265625,-0.01806640625,-0.07568359375,28.15352941176471,210.64530381973532
-0.62785791015625,-0.1211376953125,-0.6889111328124999,0.9399353411189516,0.83056640625,-0.0341796875,-0.0166015625,28.15352941176471,210.64530381973532
-0.63127587890625,-0.1265087890625,-0.6796337890624999,0.9361708157352318,0.822265625,-0.04150390625,0.00927734375,28.106470588235297,210.64530381973532
-0.64445947265625,-0.1201611328125,-0.6889111328124999,0.9509812083570092,0.8388671875,-0.013671875,0.02099609375,28.106470588235297,210.64530381973532
-0.65373681640625,-0.1118603515625,-0.6752392578124999,0.946484346763242,0.82958984375,0.04052734375,0.0126953125,28.059411764705885,210.64530381973532
-0.62736962890625,-0.1226025390625,-0.6757275390624999,0.9301783382266006,0.8408203125,0.095703125,0.06591796875,28.106470588235297,210.7821870014972
-0.64445947265625,-0.1289501953125,-0.6698681640624999,0.9384452685116847,0.83642578125,0.1376953125,0.08935546875,28.15352941176471,210.7821870014972
-0.65324853515625,-0.1191845703125,-0.6801220703124999,0.9505286113581868,0.84765625,0.12841796875,0.025390625,28.15352941176471,210.7821870014972
-0.63762353515625,-0.1147900390625,-0.6864697265624999,0.9439180108144548,0.8447265625,0.03759765625,0.025390625,28.15352941176471,210.7821870014972
-0.63615869140625,-0.1157666015625,-0.6825634765624999,0.9402088524504169,0.841796875,-0.05126953125,0.06787109375,28.059411764705885,210.7821870014972
-0.64592431640625,-0.1123486328125,-0.6806103515624999,0.9450242793038436,0.828125,-0.08349609375,0.05419921875,28.059411764705885,210.7821870014972
-0.64201806640625,-0.1094189453125,-0.6781689453124999,0.9402514671999128,0.83740234375,-0.060546875,0.06201171875,28.15352941176471,210.7821870014972
-0.65324853515625,-0.1182080078125,-0.6679150390624999,0.9417097648429942,0.83740234375,0.01513671875,0.0029296875,28.059411764705885,210.84674435195532
-0.64738916015625,-0.1226025390625,-0.6654736328124999,0.9364823881104506,0.8427734375,0.0849609375,0.15673828125,28.106470588235297,210.84674435195532
-0.64445947265625,-0.1201611328125,-0.6771923828124999,0.9425265158468628,0.8486328125,0.1474609375,0.14501953125,28.059411764705885,210.84674435195532
-0.64592431640625,-0.2339306640625,-0.6649853515624999,0.9561105040246684,0.85302734375,0.1708984375,0.11376953125,28.059411764705885,210.84674435195532
-0.64690087890625,-0.1123486328125,-0.6732861328124999,0.9404345692615346,0.86767578125,0.14501953125,0.1064453125,28.106470588235297,210.84674435195532
-0.65276025390625,-0.1060009765625,-0.6791455078124999,0.9479297320444454,0.85009765625,0.13427734375,0.0595703125,28.059411764705885,210.84674435195532
-0.64641259765625,-0.1099072265625,-0.6820751953124999,0.9461265332501496,0.8583984375,0.08984375,0.0458984375,28.106470588235297,210.84674435195532
-0.65129541015625,-0.2358837890625,-0.6771923828124999,0.968718946120262,0.837890625,0.06103515625,0.044921875,28.106470588235297,210.84674435195532
-0.63615869140625,-0.1152783203125,-0.6879345703124999,0.9440555835420008,0.8408203125,0.00634765625,0.10107421875,28.106470588235297,210.84674435195532
-0.64445947265625,-0.1235791015625,-0.6747509765624999,0.9412165992009563,0.8564453125,-0.0146484375,0.1181640625,28.106470588235297,210.4863607843298
-0.65764306640625,-0.1201611328125,-0.6815869140624999,0.9547218558576316,0.83642578125,0.017578125,0.1025390625,28.106470588235297,210.4863607843298
-0.64445947265625,-0.1108837890625,-0.6830517578124999,0.945612463128514,0.84033203125,0.04296875,0.0732421875,28.15352941176471,210.4863607843298
-0.64543603515625,-0.1045361328125,-0.6869580078124999,0.9483811380659842,0.83447265625,0.0576171875,0.07373046875,28.20058823529412,210.4863607843298
-0.64543603515625,-0.1128369140625,-0.6776806640624999,0.9426404017957,0.82958984375,0.044921875,0.07470703125,28.106470588235297,210.4863607843298
-0.63762353515625,-0.1172314453125,-0.6859814453124999,0.9438630873533712,0.841796875,0.03857421875,0.06591796875,28.106470588235297,210.4863607843298
-0.64152978515625,-0.1177197265625,-0.6786572265624999,0.9412725590550692,0.85107421875,0.01806640625,0.06005859375,28.106470588235297,210.4863607843298
-0.65227197265625,-0.1226025390625,-0.6806103515624999,0.950642182712022,0.84912109375,0.01806640625,0.107421875,28.059411764705885,210.4863607843298
-0.64738916015625,-0.2358837890625,-0.6713330078124999,0.9619989054093954,0.8359375,0.052734375,0.11474609375,28.106470588235297,210.4863607843298
-0.64934228515625,-0.2275830078125,-0.6737744140624999,0.963022008981202,0.8466796875,0.1123046875,0.083984375,28.01235294117648,210.8798383891128
-0.65520166015625,-0.1113720703125,-0.6889111328124999,0.9572311645732188,0.8359375,0.1064453125,0.0,28.20058823529412,210.8798383891128
-0.63713525390625,-0.1157666015625,-0.6718212890624999,0.9331061473621912,0.82421875,0.13671875,-0.0263671875,28.059411764705885,210.8798383891128
-0.63518212890625,-0.1313916015625,-0.6762158203124999,0.9370100989231344,0.88134765625,0.1396484375,-0.025390625,28.15352941176471,210.8798383891128
-0.61662744140625,-0.1343212890625,-0.6957470703124999,0.9393272039279268,0.87841796875,0.00341796875,0.1201171875,28.106470588235297,210.8798383891128
-0.62151025390625,-0.1406689453125,-0.7074658203124999,0.9521400289854328,0.833984375,-0.2294921875,0.13427734375,28.15352941176471,210.8798383891128
-0.62785791015625,0.0121630859375,-0.6933056640624999,0.9354283723655388,0.841796875,-0.310546875,0.0244140625,28.059411764705885,210.8798383891128
-0.64885400390625,-0.0933056640625,-0.6928173828124999,0.9537889657877564,0.845703125,-0.22998046875,-0.1044921875,28.15352941176471,210.8798383891128
-0.65617822265625,-0.1030712890625,-0.6742626953124999,0.9464796526114008,0.82275390625,-0.15966796875,-0.1591796875,28.01235294117648,210.9395061508073
-0.65080712890625,-0.1079541015625,-0.6586376953124999,0.932205782413907,0.83349609375,-0.12939453125,-0.14404296875,28.15352941176471,210.9395061508073
-0.64104150390625,-0.1269970703125,-0.6586376953124999,0.9278286906993696,0.83984375,-0.12841796875,-0.0517578125,28.15352941176471,210.9395061508073
-0.64397119140625,-0.1313916015625,-0.6571728515624999,0.9294292900232548,0.828125,-0.10546875,0.11181640625,28.106470588235297,210.9395061508073
-0.65666650390625,-0.1313916015625,-0.6474072265624999,0.931456261624218,0.828125,-0.0078125,0.19873046875,28.059411764705885,210.9395061508073
-0.65227197265625,-0.1123486328125,-0.6615673828124999,0.9358164048621368,0.833984375,0.17431640625,0.13720703125,28.15352941176471,210.9395061508073
-0.65129541015625,-0.1074658203125,-0.6644970703124999,0.9366381213040242,0.86767578125,0.2841796875,0.0185546875,28.20058823529412,210.9395061508073
-0.64348291015625,0.0121630859375,-0.6781689453124999,0.9349498995716016,0.87939453125,0.28271484375,-0.0185546875,28.106470588235297,210.9395061508073
-0.64397119140625,-0.1221142578125,-0.6830517578124999,0.9466628180999974,0.87353515625,0.18798828125,-0.015625,28.15352941176471,210.9395061508073
-0.64592431640625,-0.2358837890625,-0.6869580078124999,0.971993152735698,0.880859375,0.0908203125,-0.0595703125,28.15352941176471,211.2496383765611
-0.64348291015625,-0.1157666015625,-0.6893994140624999,0.9501282617679602,0.86474609375,0.0615234375,-0.07958984375,28.15352941176471,211.2496383765611
-0.64152978515625,-0.1226025390625,-0.6815869140624999,0.9440087760441838,0.88330078125,0.08935546875,-0.0859375,28.15352941176471,211.2496383765611
-0.65031884765625,-0.1250439453125,-0.6781689453124999,0.9478732564338636,0.86474609375,0.1005859375,-0.04833984375,28.059411764705885,211.2496383765611
-0.64348291015625,-0.1216259765625,-0.6781689453124999,0.9427493050775518,0.85888671875,0.0712890625,-0.02197265625,28.106470588235297,211.2496383765611
-0.62932275390625,-0.1138134765625,-0.6825634765624999,0.935357437329963,0.75146484375,0.0537109375,-0.04296875,28.15352941176471,211.2496383765611
-0.62981103515625,-0.1162548828125,-0.6776806640624999,0.9324313488008252,0.87060546875,0.041015625,-0.02099609375,28.106470588235297,211.2496383765611
-0.64983056640625,-0.1201611328125,-0.6850048828124999,0.9518141375035452,0.8583984375,0.0712890625,0.00390625,28.15352941176471,210.57911587640265
-0.63469384765625,-0.1186962890625,-0.6752392578124999,0.9342768029770832,0.86279296875,0.08544921875,-0.03076171875,28.15352941176471,210.57911587640265
-0.62102197265625,-0.1240673828125,-0.6732861328124999,0.9243241977993516,0.998046875,0.09423828125,-0.037109375,28.106470588235297,210.57911587640265
-0.63420556640625,-0.1230908203125,-0.6864697265624999,0.9426604563641512,0.87646484375,0.0791015625,-0.0205078125,28.059411764705885,210.57911587640265
-0.64934228515625,-0.1255322265625,-0.6850048828124999,0.9521740558714286,0.85205078125,0.03466796875,-0.06884765625,28.01235294117648,210.57911587640265
-0.64738916015625,-0.1211376953125,-0.6923291015624999,0.9555661415013496,0.86474609375,0.02734375,-0.0810546875,28.106470588235297,210.57911587640265
-0.64934228515625,-0.1269970703125,-0.6874462890624999,0.9541258090554416,0.857421875,-0.0244140625,-0.0234375,28.15352941176471,210.57911587640265
-0.64543603515625,-0.1245556640625,-0.6889111328124999,0.9522081378780968,0.83447265625,-0.0693359375,-0.00927734375,28.106470588235297,210.57911587640265
-0.64299462890625,-0.1186962890625,-0.6762158203124999,0.9406374102067182,0.82666015625,-0.09521484375,0.0087890625,28.106470588235297,210.57911587640265
-0.62785791015625,-0.1172314453125,-0.6708447265624999,0.9262728616733552,0.8369140625,-0.078125,-0.02099609375,28.106470588235297,210.82794335176217
-0.63567041015625,-0.1230908203125,-0.6688916015624999,0.930937266970372,0.8369140625,-0.02587890625,0.02001953125,28.106470588235297,210.82794335176217
-0.64250634765625,-0.1172314453125,-0.6737744140624999,0.9383653763827268,0.84326171875,0.05859375,0.02392578125,28.20058823529412,210.82794335176217
-0.64738916015625,-0.1279736328125,-0.6591259765624999,0.9327041483570836,0.84228515625,0.01220703125,0.029296875,28.106470588235297,210.82794335176217
-0.64543603515625,-0.1274853515625,-0.6767041015624999,0.9438053991224804,0.86376953125,0.18408203125,0.02685546875,27.494705882352942,210.82794335176217
-0.65080712890625,-0.1216259765625,-0.6815869140624999,0.9502123544930468,0.865234375,0.201171875,0.01513671875,28.20058823529412,210.82794335176217
-0.64592431640625,-0.1113720703125,-0.6835400390624999,0.9470210903523416,0.85595703125,0.166015625,-0.04638671875,28.059411764705885,210.82794335176217
-0.64055322265625,-0.1157666015625,-0.6957470703124999,0.9527719154871562,0.865234375,0.099609375,-0.06298828125,28.106470588235297,210.82794335176217
-0.63615869140625,-0.1245556640625,-0.6942822265624999,0.9498630449819306,0.86279296875,0.04296875,-0.06201171875,28.106470588235297,210.82794335176217
-0.63664697265625,-0.1284619140625,-0.6903759765624999,0.94786118190988,0.86083984375,-0.00830078125,-0.033203125,28.20058823529412,210.3903431944152
-0.64201806640625,-0.1304150390625,-0.6791455078124999,0.9436280521410922,0.8544921875,0.00146484375,-0.02978515625,28.059411764705885,210.3903431944152
-0.63762353515625,-0.1294384765625,-0.6820751953124999,0.9426264710162554,0.85693359375,0.0380859375,-0.03173828125,28.15352941176471,210.3903431944152
-0.64397119140625,-0.1284619140625,-0.6854931640624999,0.9492640500420332,0.84521484375,0.0615234375,-0.0107421875,28.15352941176471,210.3903431944152
-0.63567041015625,-0.1167431640625,-0.6874462890624999,0.9435508661695676,0.85498046875,0.0791015625,-0.01123046875,28.15352941176471,210.3903431944152
-0.64592431640625,-0.1177197265625,-0.6889111328124999,0.9516694307688112,0.845703125,0.10791015625,-0.02490234375,28.15352941176471,210.3903431944152
-0.63615869140625,-0.1152783203125,-0.6810986328124999,0.9390858956479116,0.84765625,0.0927734375,-0.03857421875,28.76529411764706,210.3903431944152
-0.63615869140625,-0.1226025390625,-0.6850048828124999,0.9428472584216656,0.84326171875,0.04736328125,-0.00927734375,28.20058823529412,210.3903431944152
-0.64348291015625,-0.1250439453125,-0.6918408203124999,0.9530739554584128,0.8388671875,-0.025390625,0.04833984375,28.059411764705885,210.95216693892647
-0.63957666015625,-0.1186962890625,-0.6898876953124999,0.9482046959372352,0.83203125,-0.00634765625,0.05615234375,28.106470588235297,210.95216693892647
-0.63420556640625,-0.1255322265625,-0.6820751953124999,0.9397880678253988,0.841796875,0.02783203125,0.0234375,28.106470588235297,210.95216693892647
-0.65324853515625,-0.1050244140625,-0.6713330078124999,0.9425772029980016,0.8056640625,0.01513671875,-0.08837890625,28.106470588235297,210.95216693892647
-0.64543603515625,0.0126513671875,-0.6752392578124999,0.934181881573984,0.8681640625,0.06005859375,-0.1513671875,28.15352941176471,210.95216693892647
-0.61418603515625,-0.1455517578125,-0.6845166015624999,0.9311137297870424,0.91064453125,-0.03515625,-0.0341796875,28.15352941176471,210.95216693892647
-0.62492822265625,-0.1465283203125,-0.7060009765624999,0.95417147884073,0.83544921875,-0.27734375,0.16845703125,28.15352941176471,210.95216693892647
-0.63274072265625,-0.1313916015625,-0.6820751953124999,0.9396015895736328,0.81103515625,-0.3603515625,0.10595703125,28.106470588235297,210.95216693892647
-0.65129541015625,-0.1035595703125,-0.6757275390624999,0.9442023103876468,0.82421875,-0.15771484375,-0.111328125,28.106470588235297,210.7176298554145
-0.66496728515625,-0.1089306640625,-0.6732861328124999,0.9525552984151534,0.81982421875,0.00390625,-0.23095703125,28.106470588235297,210.7176298554145
-0.65031884765625,-0.1172314453125,-0.6781689453124999,0.9468742967117014,0.82177734375,0.00537109375,-0.2216796875,28.15352941176471,210.7176298554145
-0.62932275390625,-0.1309033203125,-0.6815869140624999,0.936879677052622,0.8291015625,-0.09912109375,-0.08056640625,28.106470588235297,210.7176298554145
-0.62541650390625,-0.1352978515625,-0.6737744140624999,0.929205721592915,0.82177734375,-0.1943359375,0.09228515625,28.15352941176471,210.7176298554145
-0.64787744140625,-0.1372509765625,-0.6693798828124999,0.941622236974332,0.8349609375,-0.1591796875,0.21533203125,28.059411764705885,210.7176298554145
-0.64787744140625,-0.1279736328125,-0.6615673828124999,0.934769400322731,0.85107421875,-0.01171875,0.173828125,27.494705882352942,210.7176298554145
-0.64250634765625,-0.1245556640625,-0.6561962890624999,0.9267804972095712,0.85400390625,0.13623046875,0.09814453125,28.106470588235297,210.7176298554145
-0.65422509765625,-0.1269970703125,-0.6659619140624999,0.9421486110232696,0.86572265625,0.21240234375,0.09130859375,28.106470588235297,210.7176298554145
-0.65031884765625,-0.1201611328125,-0.6815869140624999,0.9496915409105094,0.86474609375,0.22802734375,0.08056640625,28.059411764705885,210.76338618370576
-0.64494775390625,-0.1196728515625,-0.6884228515624999,0.9508970602663892,0.7548828125,0.21484375,0.08251953125,28.15352941176471,210.76338618370576
-0.64348291015625,-0.1206494140625,-0.6835400390624999,0.9464953892007848,0.8447265625,0.18115234375,0.07568359375,28.15352941176471,210.76338618370576
-0.63615869140625,-0.1206494140625,-0.6840283203124999,0.941885823629848,0.84765625,0.14306640625,0.06640625,28.106470588235297,210.76338618370576
-0.64348291015625,-0.1260205078125,-0.6928173828124999,0.9539116049087772,0.85888671875,0.09130859375,0.04638671875,28.15352941176471,210.76338618370576
-0.64641259765625,-0.1240673828125,-0.6977001953124999,0.9591806526539955,0.84814453125,0.03173828125,0.04833984375,28.106470588235297,210.76338618370576
-0.63176416015625,-0.1226025390625,-0.6884228515624999,0.942381748123311,0.84619140625,-0.00927734375,0.06982421875,28.059411764705885,210.76338618370576
