AccX,AccY,AccZ,Magnitude,GyroX,GyroY,GyroZ,Temperature,Altitude
-0.59169140625,0.00982373046875,0.93907958984375,1.1099845503301076,0.29931640625,0.3349609375,-0.38232421875,44.388823529411766,307.4594614515731
-0.6078046875,0.01617138671875,0.94640380859375,1.124885870129115,0.326171875,0.6669921875,-0.412109375,44.29470588235294,307.4594614515731
-0.604875,0.00689404296875,0.92394287109375,1.1043512677125955,0.33154296875,0.97705078125,-0.43798828125,44.48294117647059,307.4594614515731
-0.604875,0.00249951171875,0.90978271484375,1.092512975397682,0.3642578125,1.19921875,-0.453125,44.388823529411766,307.4594614515731
-0.58387890625,0.0010346679687499,0.8726733398437501,1.0499878122033357,0.408203125,1.525390625,-0.46826171875,44.57705882352941,307.0488997806065
-0.55653515625,-0.00043017578125,0.8297045898437501,0.9990702035398716,0.48681640625,1.29736328125,-0.4443359375,44.388823529411766,307.0488997806065
-0.50721875,-0.00238330078125,0.7891772460937501,0.9381243340977208,0.5556640625,0.60107421875,-0.4482421875,44.34176470588236,307.0488997806065
-0.4632734375,5.810546874999989e-05,0.7867358398437501,0.9130035941681516,0.5927734375,-0.6904296875,-0.4384765625,44.53,307.0488997806065
-0.45008984375,-0.01117236328125,0.7906420898437501,0.9098464724230568,0.5947265625,-1.8017578125,-0.3828125,44.48294117647059,307.0488997806065
-0.462296875,-0.02484423828125,0.8165209960937501,0.9386384681401412,0.56396484375,-2.47607421875,-0.3134765625,44.29470588235294,307.2958430368518
-0.4867109375,-0.03216845703125,0.8531420898437501,0.9827378957651228,0.4765625,-2.548828125,-0.2890625,44.34176470588236,307.2958430368518
-0.49305859375,-0.03119189453125,0.8819506835937501,1.0108989659934662,0.38818359375,-2.1044921875,-0.3271484375,44.388823529411766,307.2958430368518
-0.4847578125,-0.02875048828125,0.8839038085937501,1.0085150817924005,0.2919921875,-1.31298828125,-0.3662109375,44.48294117647059,307.2958430368518
-0.4691328125,-0.02875048828125,0.8668139648437501,0.9860419037691616,0.1953125,-0.49658203125,-0.39697265625,44.29470588235294,307.30649707419406
-0.44471875,-0.03558642578125,0.8326342773437501,0.94462743984557,0.11767578125,0.3408203125,-0.36181640625,44.48294117647059,307.30649707419406
-0.4300703125,-0.03168017578125,0.7916186523437501,0.9014567088717648,0.041015625,0.6513671875,-0.27783203125,44.20058823529412,307.30649707419406
-0.431046875,-0.03070361328125,0.7647631835937501,0.878411547793082,-0.037109375,0.443359375,-0.29931640625,44.34176470588236,307.30649707419406
-0.43055859375,-0.03607470703125,0.7369311523437501,0.8542538325545022,-0.0498046875,-0.09619140625,-0.3037109375,44.48294117647059,307.30649707419406
-0.44130078125,-0.02337939453125,0.7257006835937501,0.8496672629853078,0.009765625,-0.59521484375,-0.25634765625,44.48294117647059,307.2432075503315
-0.44716015625,-0.02289111328125,0.7335131835937501,0.8593705829911901,0.0390625,-1.15771484375,-0.21728515625,44.20058823529412,307.2432075503315
-0.47157421875,-0.03851611328125,0.7222827148437501,0.8634570371095628,0.11474609375,-1.3759765625,-0.40283203125,44.48294117647059,307.2432075503315
-0.48329296875,-0.01654345703125,0.7452319335937501,0.8883785310674797,0.31591796875,-1.28759765625,-0.60302734375,44.53,307.2432075503315
-0.49403515625,0.02691357421875,0.7501147460937501,0.8985917918585064,0.42578125,-1.07470703125,-0.92431640625,44.48294117647059,307.4281360119447
-0.4876875,0.05279248046875,0.7691577148437501,0.9122662626415344,0.37841796875,-1.0732421875,-0.93603515625,44.48294117647059,307.4281360119447
-0.509171875,0.07574169921875,0.7593920898437501,0.9174252827390454,0.3017578125,-1.0390625,-1.20361328125,44.48294117647059,307.4281360119447
-0.53065625,0.07818310546875,0.7261889648437501,0.9028062174717436,0.26123046875,-0.626953125,-1.21533203125,44.29470588235294,307.4281360119447
-0.573625,0.08404248046875,0.6573413085937501,0.8764738302608265,0.462890625,0.3046875,-0.71435546875,44.53,307.4281360119447
-0.61708203125,0.10113232421875,0.5889819335937501,0.8590213608481136,0.65087890625,1.19873046875,-0.22900390625,44.53,307.1579767396686
-0.6234296875,0.14507763671875,0.5049975585937501,0.8153125965652029,0.71142578125,1.6318359375,0.1240234375,44.48294117647059,307.1579767396686
-0.59950390625,0.17681591796875,0.38976318359375,0.7366031100540343,0.70263671875,1.35498046875,-0.14599609375,44.48294117647059,307.1579767396686
-0.49403515625,0.18462841796875,0.29943115234375,0.6064795159991073,0.8017578125,0.44189453125,-0.43212890625,44.388823529411766,307.1579767396686
-0.40223828125,0.12456982421875,0.21056396484375,0.4707976840422692,0.8427734375,-1.0576171875,-0.43994140625,44.48294117647059,307.1805553919155
-0.2757734375,0.10064404296875,0.15587646484375,0.3323818354059783,1.04150390625,-3.41064453125,-0.3876953125,44.388823529411766,307.1805553919155
-0.17274609375,0.09771435546875,0.11974365234375,0.231792688511044,1.2734375,-6.55322265625,-0.2861328125,44.48294117647059,307.1805553919155
-0.141984375,0.10210888671875,0.11583740234375,0.2097715215963095,1.15380859375,-9.14599609375,-0.3095703125,44.48294117647059,307.1805553919155
-0.208390625,0.05132763671875,0.12267333984375,0.2472042216214011,0.93505859375,-10.75048828125,-0.61767578125,44.29470588235294,307.1805553919155
-0.22255078125,0.01421826171875,0.12950927734375,0.2578830396117367,0.57958984375,-11.56982421875,-1.07861328125,44.53,307.38552101924813
-0.15126171875,-0.04681689453125,0.12853271484375,0.2039426094710447,0.361328125,-11.7607421875,-1.3525390625,44.388823529411766,307.38552101924813
-0.028703125,-0.11029345703125,0.06261474609375,0.1300350817166452,0.1572265625,-11.58642578125,-1.47265625,44.29470588235294,307.38552101924813
0.08311328125,-0.17425830078125,-0.0062329101562499,0.1931647537215992,0.064453125,-10.42236328125,-0.90966796875,44.53,307.38552101924813
0.1968828125,-0.21722705078125,-0.0628735351562499,0.299839148331358,-0.1142578125,-9.07568359375,0.181640625,44.48294117647059,307.28900117015786
0.24522265625,-0.23578173828125,-0.1243969726562499,0.362217870971703,-0.5263671875,-7.9384765625,1.07275390625,44.34176470588236,307.28900117015786
0.29991015625,-0.16351611328125,-0.1849438476562499,0.3884428502500775,-0.837890625,-7.76123046875,1.66015625,44.29470588235294,307.28900117015786
0.3550859375,-0.09076220703125,-0.2010571289062499,0.4180284324294961,-1.14404296875,-9.2744140625,1.67822265625,44.48294117647059,307.28900117015786
0.41319140625,0.02105419921875,-0.2415844726562499,0.4790965194323516,-1.1953125,-11.69677734375,1.4306640625,44.20058823529412,307.28900117015786
0.5045,0.04790966796875,-0.1717602539062499,0.5350861342875699,-0.90576171875,-15.29541015625,1.0859375,44.34176470588236,307.0940541914342
0.56358203125,0.06206982421875,-0.1068188476562499,0.5769641542080682,-0.75634765625,16.0,0.91552734375,44.388823529411766,307.0940541914342
0.57530078125,0.08208935546875,-0.0638500976562499,0.5846250817052308,-0.3974609375,16.0,0.947265625,44.29470588235294,307.0940541914342
0.568953125,0.07085888671875,0.00792724609375,0.5734034195092641,-0.14453125,16.0,0.64697265625,44.53,307.0940541914342
0.61241015625,0.10406201171875,0.06114990234375,0.6241910062775279,0.484375,16.0,0.6806640625,44.20058823529412,307.1266509979605
0.568953125,0.06304638671875,0.14562255859375,0.590667787251807,0.66748046875,16.0,0.75244140625,44.48294117647059,307.1266509979605
0.49619921875,0.06646435546875,0.17784912109375,0.531282867321925,0.9921875,16.0,0.87890625,44.48294117647059,307.1266509979605
0.35362109375,0.03814404296875,0.19396240234375,0.4051225240367498,1.20166015625,-14.2216796875,1.21630859375,44.53,307.1266509979605
0.20323046875,0.04351513671875,0.19298583984375,0.283618978441489,1.4375,-10.89013671875,1.48388671875,44.34176470588236,307.1266509979605
0.07823046875,0.05816357421875,0.17491943359375,0.2002493841576126,1.51220703125,-8.1630859375,1.25048828125,44.29470588235294,306.9317076612473
0.0269609374999999,0.11285107421875,0.15245849609375,0.1915877087246797,1.443359375,-6.6181640625,0.3916015625,44.53,306.9317076612473
0.0621171875,0.14019482421875,0.11779052734375,0.193359101292272,1.00537109375,-6.52294921875,-0.45849609375,44.53,306.9317076612473
0.11729296875,0.14507763671875,0.08654052734375,0.2056560820083384,0.443359375,-7.6298828125,-0.9111328125,44.48294117647059,306.9317076612473
0.17198046875,0.14751904296875,0.06359130859375,0.2353359390287662,0.796875,-10.74951171875,-1.36376953125,44.34176470588236,306.72674895493714
0.31748828125,0.08062451171875,0.21105224609375,0.3896693100594179,1.02294921875,16.0,-2.28369140625,44.34176470588236,306.72674895493714
0.5308671875,0.10162060546875,0.37072021484375,0.6554236766502959,0.90478515625,16.0,-2.31787109375,44.48294117647059,306.72674895493714
0.5816484375,0.07037060546875,0.5474780273437501,0.8018722575226267,1.37646484375,16.0,-1.5654296875,44.53,306.72674895493714
0.850203125,0.01421826171875,0.7711108398437501,1.1478934794006812,1.9921875,16.0,-1.16748046875,44.48294117647059,306.72674895493714
1.0015703125,0.05083935546875,0.8350756835937501,1.3050207386380472,2.36865234375,16.0,-0.8779296875,44.34176470588236,306.2723280586339
1.1656328125,0.07134716796875,1.1138842773437505,1.6138551531247871,2.5732421875,16.0,-1.14990234375,44.20058823529412,306.2723280586339
1.35996875,0.04205029296875,1.2427905273437505,1.8427727811563408,2.52197265625,16.0,-2.10302734375,44.53,306.2723280586339
1.666609375,-0.01312548828125,1.3321459960937505,2.133628843587638,2.0009765625,16.0,-2.8740234375,44.48294117647059,306.2723280586339
2.0660234375,0.15630810546875,1.3712084960937505,2.4845719566746767,1.34228515625,16.0,-3.85498046875,44.48294117647059,306.52115983619217
2.42198046875,0.14556591796875,1.3834155273437505,2.793030137462957,1.263671875,16.0,-4.1748046875,44.29470588235294,306.52115983619217
2.6519609375,0.04205029296875,1.4156420898437505,3.006444339697946,1.9267578125,-15.7421875,-2.94677734375,44.20058823529412,306.52115983619217
2.537703125,-0.08148486328125,1.3301928710937505,2.8663548293760432,3.27099609375,-9.08544921875,-0.82373046875,44.34176470588236,306.52115983619217
2.34873828125,-0.16009814453125,1.3555834960937505,2.7165804874093658,4.41064453125,-1.3046875,1.044921875,44.53,306.52115983619217
2.16075,-0.09222705078125,1.4097827148437505,2.581633919530037,3.9072265625,5.32275390625,2.32763671875,44.29470588235294,306.5418347730153
1.924421875,-0.00043017578125,1.3663256835937505,2.3601367781714786,1.7177734375,10.00244140625,3.39697265625,44.48294117647059,306.5418347730153
1.78526171875,0.22906201171875,1.1690600585937505,2.1462362941312096,-0.93798828125,13.291015625,4.15966796875,44.53,306.5418347730153
1.61826953125,0.19097607421875,0.96007568359375,1.8912994091164168,-2.5078125,15.81982421875,2.20703125,44.53,306.5418347730153
1.760359375,0.21148388671875,0.7745288085937501,1.9348088894859128,-4.0673828125,15.99951171875,0.37158203125,44.34176470588236,306.6509050251114
2.10655078125,0.16802685546875,0.7286303710937501,2.235328037632043,-4.84716796875,11.26611328125,1.29541015625,44.34176470588236,306.6509050251114
2.26182421875,-0.06732470703125,0.7144702148437501,2.372941023413723,-4.97802734375,0.82373046875,2.892578125,44.53,306.6509050251114
2.26377734375,-0.24847705078125,0.7305834960937501,2.3916899781546355,-3.20947265625,-13.51806640625,3.873046875,44.48294117647059,306.6509050251114
2.1070390625,-0.20843798828125,0.8565600585937501,2.2840217030137304,-1.6259765625,16.0,3.91015625,44.53,306.6509050251114
2.279890625,0.24175732421875,1.1090014648437505,2.546808221048826,-2.0595703125,16.0,5.169921875,44.48294117647059,306.7800178220048
2.20127734375,0.44195263671875,1.1280444335937505,2.5126536413464464,-3.43505859375,16.0,2.916015625,44.48294117647059,306.7800178220048
2.33506640625,0.56499951171875,1.0367358398437505,2.616597174090089,-4.62353515625,16.0,-1.43603515625,44.29470588235294,306.7800178220048
2.48448046875,0.44781201171875,1.0059741210937505,2.7175655888589256,-4.0302734375,-11.44384765625,-0.37646484375,44.388823529411766,306.7800178220048
2.41709765625,-0.01410205078125,1.2818530273437505,2.736002034245556,-2.41259765625,3.26123046875,5.51953125,44.29470588235294,306.4685245955503
2.03037890625,0.01568310546875,1.2466967773437505,2.3826324343845786,-4.09033203125,15.7275390625,5.61474609375,44.48294117647059,306.4685245955503
1.3726640625,0.29107373046875,1.1011889648437505,1.7836893455256295,-3.2939453125,15.99951171875,5.69091796875,44.29470588235294,306.4685245955503
0.42393359375,0.16851513671875,1.0391772460937505,1.1349036928357048,-2.56640625,15.99951171875,5.8701171875,44.388823529411766,306.4685245955503
-0.31630078125,0.14507763671875,0.8272631835937501,0.8974731638466549,-2.1455078125,15.99951171875,1.97705078125,44.20058823529412,306.4685245955503
-0.32753125,0.51080029296875,0.47716552734375,0.7719330278649582,-1.55810546875,15.99951171875,-5.92822265625,44.48294117647059,306.5857156379025
0.29209765625,0.58746044921875,0.26183349609375,0.7063905434387655,-1.33154296875,14.236328125,-8.94775390625,44.53,306.5857156379025
0.7750078125,0.31548779296875,0.05968505859375,0.8388873363972468,-0.56396484375,6.49755859375,-6.42822265625,44.34176470588236,306.5857156379025
0.97569140625,-0.05511767578125,-0.1160961914062499,0.98411889732525,1.01171875,0.7275390625,-3.8779296875,44.48294117647059,306.5857156379025
1.22276171875,-0.24212939453125,-0.0618969726562499,1.2480401034263813,2.71142578125,-3.56494140625,-2.03759765625,44.34176470588236,306.5318136267115
1.57823046875,-0.30755908203125,0.15050537109375,1.6149476363519708,2.69580078125,-8.099609375,-0.244140625,44.53,306.5318136267115
1.79698046875,-0.35882861328125,0.23986083984375,1.8480882017016569,1.9375,-12.693359375,1.99658203125,44.34176470588236,306.5318136267115
1.729109375,-0.41986376953125,0.21349365234375,1.7921172827884215,2.173828125,-14.5390625,2.9443359375,44.53,306.5318136267115
1.56358203125,-0.40716845703125,0.27941162109375,1.6397090518904025,3.4140625,-13.36669921875,2.603515625,44.48294117647059,306.5318136267115
1.4820390625,-0.33587939453125,0.5372241210937501,1.6117892252808708,3.62548828125,-9.74462890625,3.26123046875,44.48294117647059,306.55375428460434
1.0123125,-0.12054736328125,0.6973803710937501,1.235171100065561,3.09033203125,-3.6806640625,5.72998046875,44.48294117647059,306.55375428460434
0.47373828125,0.15630810546875,0.8882983398437501,1.0187905199431806,3.05712890625,4.357421875,6.376953125,44.53,306.55375428460434
0.06358203125,0.39898388671875,0.94103271484375,1.0240963758188362,2.10009765625,10.74560546875,3.3681640625,44.34176470588236,306.55375428460434
-0.0902265625,0.39751904296875,0.8922045898437501,0.980913478468724,1.458984375,15.20703125,0.58203125,44.48294117647059,306.586982671434
0.0591875,0.34771435546875,0.6959155273437501,0.7801966767126274,0.5439453125,15.99951171875,0.8427734375,44.388823529411766,306.586982671434
0.13096484375,0.37066357421875,0.38976318359375,0.5535870435949671,-0.13037109375,15.99951171875,3.2080078125,44.20058823529412,306.586982671434
0.08213671875,0.51812451171875,0.18956787109375,0.5577951487435385,0.7353515625,15.99951171875,5.40966796875,44.53,306.586982671434
0.36533984375,0.58697216796875,0.12511474609375,0.7026117185838223,1.0029296875,15.99951171875,5.15283203125,44.34176470588236,306.586982671434
0.7086015625,0.43999951171875,0.14318115234375,0.846295803532467,1.669921875,15.99951171875,1.9541015625,44.48294117647059,306.1570358171127
1.13291796875,0.25835888671875,0.10656005859375,1.166879378663742,1.5400390625,15.99951171875,0.2197265625,44.29470588235294,306.1570358171127
1.17198046875,0.01080029296875,-0.1361157226562499,1.179907774113686,1.35888671875,15.99951171875,0.9921875,44.388823529411766,306.1570358171127
1.1246171875,-0.12738330078125,-0.2913891601562499,1.168716375514137,1.88671875,15.99951171875,1.533203125,44.388823529411766,306.1570358171127
1.44444140625,-0.19623095703125,-0.0701977539062499,1.4593989479372529,4.1796875,15.99951171875,0.1513671875,44.48294117647059,306.27612633265926
1.71934375,-0.41058642578125,0.31359130859375,1.7952892949397947,5.0869140625,15.99951171875,-2.72802734375,44.48294117647059,306.27612633265926
1.66905078125,-0.65619189453125,0.34923583984375,1.8270971470261552,3.2265625,13.341796875,-4.00927734375,44.29470588235294,306.27612633265926
1.34190234375,-0.68890673828125,0.11827880859375,1.5130380929683862,3.29736328125,12.02001953125,-3.33740234375,44.34176470588236,306.27612633265926
1.40830859375,-0.45502001953125,0.26769287109375,1.5040065779905143,2.416015625,10.6259765625,-2.47021484375,44.48294117647059,306.27612633265926
1.41612109375,-0.19671923828125,0.17296630859375,1.4401440048766652,0.43310546875,11.203125,-5.21142578125,44.34176470588236,306.5117730466396
1.307234375,-0.44818408203125,0.24425537109375,1.4033500521523417,-0.41162109375,13.18603515625,-6.0654296875,44.34176470588236,306.5117730466396
1.12803515625,-0.64349658203125,0.27697021484375,1.3278793863647618,-1.21630859375,14.72216796875,-2.90087890625,44.48294117647059,306.5117730466396
0.86778125,-0.40668017578125,0.18859130859375,0.9767291051781624,-0.861328125,15.78564453125,-1.25244140625,44.57705882352941,306.5117730466396
0.70811328125,-0.06537158203125,0.27159912109375,0.7612252921434018,-0.41259765625,14.93603515625,-2.3134765625,44.53,306.36072091041973
0.4097734375,0.11773388671875,0.19591552734375,0.4692104346845342,-0.73681640625,13.951171875,-3.43994140625,44.34176470588236,306.36072091041973
0.40635546875,0.47808544921875,0.23448974609375,0.6698327438703169,0.666015625,11.34326171875,-4.546875,44.34176470588236,306.36072091041973
0.51377734375,0.43853466796875,0.26427490234375,0.7253420144801114,1.22021484375,7.69482421875,-7.10009765625,44.48294117647059,306.36072091041973
0.7691484375,0.34185498046875,0.25304443359375,0.8789116178278465,2.31591796875,5.4140625,-6.42138671875,44.53,306.36072091041973
0.64170703125,0.08892529296875,0.30382568359375,0.7155457132122838,3.01611328125,4.326171875,-4.0654296875,44.53,306.402070047144
0.12119921875,0.19634716796875,0.29308349609375,0.3730139363046562,4.44921875,4.50146484375,-2.2880859375,44.388823529411766,306.402070047144
-0.38563671875,0.34722607421875,0.40831787109375,0.6603068296785698,5.19189453125,3.6005859375,-2.87890625,44.53,306.402070047144
-0.54188671875,0.45708935546875,0.40343505859375,0.8156786998218242,5.8173828125,2.15283203125,-5.55615234375,44.48294117647059,306.402070047144
-0.087296875,0.38531201171875,0.44103271484375,0.5921114306631517,6.3037109375,1.80908203125,-7.36083984375,44.29470588235294,306.0893185679216
0.48643359375,0.15777294921875,0.43859130859375,0.6737004383312366,6.5576171875,2.7890625,-6.40576171875,44.34176470588236,306.0893185679216
0.6382890625,-0.22503955078125,0.49327880859375,0.8374841549131692,6.466796875,4.310546875,-4.3232421875,44.29470588235294,306.0893185679216
0.46153125,-0.36615283203125,0.48253662109375,0.7615251682168099,5.2978515625,5.3818359375,-3.01611328125,44.34176470588236,306.0893185679216
0.111921875,-0.47015673828125,0.43663818359375,0.6513269286823852,3.7333984375,6.2109375,-3.39794921875,44.34176470588236,306.0893185679216
0.07432421875,-0.60980517578125,0.47521240234375,0.776668056021179,1.482421875,3.58349609375,-2.75244140625,44.53,306.4691585463197
0.25498828125,-0.63666064453125,0.46300537109375,0.8274840019791543,-0.25439453125,-2.943359375,-2.34375,44.48294117647059,306.4691585463197
0.40147265625,-0.56537158203125,0.5733569335937501,0.8997574633116289,-1.38623046875,-10.8955078125,0.556640625,44.48294117647059,306.4691585463197
0.0240312499999999,-0.52093798828125,0.7496264648437501,0.9131778169695188,-2.04345703125,16.0,3.7041015625,44.57705882352941,306.4691585463197
-0.25282421875,-0.29828173828125,1.0631030273437505,1.132731268980458,-1.80126953125,16.0,2.83935546875,44.29470588235294,306.4146226640149
0.20518359375,0.04400341796875,1.3863452148437505,1.4021375334314612,-1.359375,16.0,2.11767578125,44.57705882352941,306.4146226640149
1.14561328125,0.29497998046875,1.5743334960937505,1.969255934604872,-0.31884765625,16.0,2.7421875,44.67117647058824,306.4146226640149
2.0211015625,0.35601513671875,1.7667163085937505,2.7079299877515184,-1.71044921875,-12.60205078125,5.38818359375,44.388823529411766,306.4146226640149
2.16514453125,0.57671826171875,1.6197436523437505,2.7647828655989515,-2.76171875,-4.564453125,8.52490234375,44.57705882352941,306.4146226640149
2.0425859375,0.80328076171875,1.6968920898437505,2.7743215492791204,-1.4013671875,-2.30517578125,9.859375,44.29470588235294,306.4453177302124
1.678328125,0.91851513671875,2.0421069335937503,2.7983309453635306,-2.11572265625,-8.67333984375,9.34375,44.48294117647059,306.4453177302124
0.7906328125,0.99908154296875,2.2003100585937503,2.542563377312611,0.8369140625,-15.91552734375,5.5732421875,44.53,306.4453177302124
0.55381640625,0.81499951171875,2.7447436523437503,2.9162569387855344,3.73583984375,16.0,4.3623046875,44.53,306.4453177302124
-0.118546875,0.34136669921875,3.1915209960937503,3.2119138925903687,-0.49560546875,-6.61083984375,2.97705078125,44.53,306.3914162383648
-0.27723828125,0.19244091796875,2.0035327148437503,2.0317573454889435,-7.6982421875,12.4580078125,-1.27197265625,44.29470588235294,306.3914162383648
0.5425859375,0.46978466796875,0.7130053710937501,1.0116688158877878,-6.4111328125,15.99951171875,-3.02685546875,44.388823529411766,306.3914162383648
1.11631640625,-0.12494189453125,0.31700927734375,1.167162232851106,-3.03759765625,15.99951171875,-0.87109375,44.48294117647059,306.3914162383648
1.67295703125,-0.23968798828125,0.33995849609375,1.7238930764990763,-0.85009765625,7.72900390625,1.58349609375,44.29470588235294,306.3914162383648
1.6714921875,-0.05316455078125,0.43614990234375,1.7282764071894778,0.19482421875,-8.578125,2.99609375,44.15352941176471,305.93827208957686
1.35752734375,0.20415966796875,0.6851733398437501,1.5342829480531548,1.37890625,16.0,2.93798828125,44.53,305.93827208957686
0.86631640625,0.10015576171875,1.1036303710937505,1.4066041690340274,2.34228515625,16.0,2.88427734375,44.53,305.93827208957686
0.54795703125,0.03619091796875,1.5616381835937505,1.6553792638237683,1.208984375,-15.03173828125,2.13720703125,44.57705882352941,305.93827208957686
0.4117265625,0.10845654296875,1.4610522460937505,1.5218262876545376,-0.31396484375,-3.58154296875,0.19970703125,44.48294117647059,306.2409987445754
0.59287890625,0.09087841796875,1.1290209960937505,1.2784571537400942,-1.18701171875,4.2041015625,-1.34423828125,44.15352941176471,306.2409987445754
0.78330859375,0.03765576171875,0.7569506835937501,1.0899379096197486,-1.0830078125,5.36767578125,-0.8525390625,44.67117647058824,306.2409987445754
0.85948046875,0.04156201171875,0.5211108398437501,1.0059774273727458,-0.44091796875,1.646484375,0.1005859375,44.48294117647059,306.2409987445754
0.84971484375,0.03423779296875,0.5235522460937501,0.9986463320646948,-0.07763671875,-3.7607421875,0.53125,44.53,306.2409987445754
0.77549609375,0.03081982421875,0.6426928710937501,1.00766967779184,-0.09130859375,-7.81884765625,1.166015625,44.53,306.2616742315948
0.68076953125,0.04400341796875,0.7618334960937501,1.022630789308489,0.00146484375,-7.5693359375,1.27685546875,44.48294117647059,306.2616742315948
0.6734453125,0.01958935546875,0.8839038085937501,1.1113947429344986,-0.03125,-4.853515625,1.2509765625,44.34176470588236,306.2616742315948
0.6363359375,0.00738232421875,0.8712084960937501,1.0788800525224331,-0.35400390625,-1.12939453125,1.18212890625,44.48294117647059,306.2616742315948
0.6295,0.03570263671875,0.7403491210937501,0.9724514123456036,-0.35302734375,1.24365234375,0.5869140625,44.53,306.2190590567178
0.717390625,0.02837841796875,0.6446459960937501,0.9648953848599354,0.05908203125,1.30419921875,0.1689453125,44.388823529411766,306.2190590567178
0.84385546875,0.02593701171875,0.6329272460937501,1.0551595517095975,0.25634765625,-0.5078125,0.08203125,44.48294117647059,306.2190590567178
0.82627734375,0.01128857421875,0.6524584960937501,1.0528835499842164,0.57275390625,-1.82275390625,0.51220703125,44.20058823529412,306.2190590567178
0.76573046875,0.03716748046875,0.7335131835937501,1.06102128295446,0.86962890625,-1.43408203125,0.626953125,44.48294117647059,306.2190590567178
0.65342578125,0.06206982421875,0.7882006835937501,1.0257086488366831,0.91455078125,0.3173828125,0.47412109375,44.29470588235294,306.1889964038117
0.59776171875,0.01812451171875,0.8233569335937501,1.017626753984436,0.46435546875,1.99609375,0.3515625,44.388823529411766,306.1889964038117
0.61729296875,0.06011669921875,0.7056811523437501,0.9394948193398136,0.2353515625,2.8505859375,0.21826171875,44.48294117647059,306.1889964038117
0.6714921875,0.04546826171875,0.6505053710937501,0.9360162170171398,0.31591796875,2.748046875,0.37451171875,44.20058823529412,306.1889964038117
0.73643359375,0.08160107421875,0.6397631835937501,0.9789229307760668,0.53271484375,1.12451171875,0.4462890625,44.388823529411766,306.0141107776132
0.7154375,0.06158154296875,0.6461108398437501,0.9659722150270462,0.76611328125,-0.7998046875,0.15087890625,44.48294117647059,306.0141107776132
0.738875,0.06109326171875,0.7349780273437501,1.043964248875672,0.95849609375,-1.38037109375,0.0302734375,44.48294117647059,306.0141107776132
0.73936328125,0.05376904296875,0.7906420898437501,1.0838192127264743,0.68896484375,-0.8798828125,0.27587890625,44.48294117647059,306.0141107776132
0.71494921875,0.04790966796875,0.7852709960937501,1.0630607974063295,0.63427734375,0.515625,0.1787109375,44.388823529411766,306.0141107776132
0.74522265625,0.03716748046875,0.7965014648437501,1.091399474294788,0.5419921875,1.9052734375,-0.00830078125,44.29470588235294,306.2416313103601
0.74912890625,0.02886669921875,0.7798999023437501,1.081790766358679,0.41650390625,2.63916015625,-0.0107421875,44.388823529411766,306.2416313103601
0.7046953125,0.02007763671875,0.7466967773437501,1.026915124171041,0.35791015625,2.8720703125,-0.060546875,44.34176470588236,306.2416313103601
0.65147265625,0.05621044921875,0.6949389648437501,0.9542098308553036,0.4501953125,2.41650390625,-0.29443359375,44.29470588235294,306.2416313103601
0.658796875,0.08257763671875,0.7144702148437501,0.9753461316346592,0.43994140625,1.47802734375,-0.55712890625,44.34176470588236,306.3707413912471
0.69590625,0.07134716796875,0.7515795898437501,1.0267657021131564,0.181640625,0.4228515625,-0.50927734375,44.388823529411766,306.3707413912471
0.72325,0.09283154296875,0.7481616210937501,1.044726791629078,0.00537109375,0.2021484375,-0.2705078125,44.29470588235294,306.3707413912471
0.70225390625,0.08892529296875,0.7525561523437501,1.033154886260231,0.06201171875,0.5390625,-0.04345703125,44.53,306.3707413912471
0.66807421875,0.07818310546875,0.7715991210937501,1.0236214942115118,-0.166015625,0.685546875,0.00732421875,44.20058823529412,306.3707413912471
0.66514453125,0.09624951171875,0.7525561523437501,1.008970751998446,-0.29931640625,0.5009765625,-0.06201171875,44.53,306.4791782600363
0.68955859375,0.10015576171875,0.7393725585937501,1.0159694932533203,-0.32421875,0.15234375,-0.138671875,44.34176470588236,306.4791782600363
0.707625,0.09527294921875,0.7291186523437501,1.020501878819145,-0.2646484375,-0.10791015625,-0.0244140625,44.15352941176471,306.4791782600363
0.7086015625,0.09820263671875,0.7369311523437501,1.0270479324406645,-0.26318359375,-0.2890625,0.0224609375,44.53,306.4791782600363
0.670515625,0.09283154296875,0.7374194335937501,1.0009976622254553,-0.29296875,-0.181640625,-0.04638671875,44.29470588235294,306.18646583015675
0.66026171875,0.08843701171875,0.7340014648437501,0.9912238862543704,-0.4150390625,-0.0869140625,-0.142578125,44.29470588235294,306.18646583015675
0.66416796875,0.07867138671875,0.7076342773437501,0.973680927344047,-0.42138671875,0.00390625,-0.1630859375,44.34176470588236,306.18646583015675
0.682234375,0.06744091796875,0.6905444335937501,0.9730589060357144,-0.34423828125,-0.1669921875,-0.10302734375,44.20058823529412,306.18646583015675
0.68955859375,0.06353466796875,0.6968920898437501,0.9824389513527882,-0.29638671875,-0.4609375,-0.03466796875,44.48294117647059,306.18646583015675
0.69053515625,0.06060498046875,0.7178881835937501,0.9979354737749144,-0.3095703125,-0.64892578125,-0.01611328125,44.29470588235294,306.0686427852174
0.6968828125,0.07085888671875,0.7266772460937501,1.0093197987631706,-0.2939453125,-0.54638671875,-0.01171875,44.34176470588236,306.0686427852174
0.69639453125,0.07232373046875,0.7344897460937501,1.014727181197333,-0.3974609375,-0.31787109375,-0.0107421875,44.29470588235294,306.0686427852174
0.69444140625,0.07281201171875,0.7286303710937501,1.0091841623039992,-0.44970703125,-0.01708984375,-0.06787109375,44.48294117647059,306.0686427852174
0.6988359375,0.06988232421875,0.7061694335937501,0.9959570652000196,-0.431640625,0.24267578125,-0.05859375,44.57705882352941,306.06801102392893
0.6929765625,0.06988232421875,0.7017749023437501,0.9887305340547092,-0.39892578125,0.25439453125,-0.1171875,44.20058823529412,306.06801102392893
0.692,0.06451123046875,0.7056811523437501,0.990460290788982,-0.36767578125,0.27587890625,-0.12109375,44.48294117647059,306.06801102392893
0.72715625,0.07671826171875,0.7071459960937501,1.0172007488134438,-0.45361328125,-0.02294921875,0.10986328125,44.48294117647059,306.06801102392893
0.71201953125,0.06206982421875,0.6939624023437501,0.9961969141824948,-0.38427734375,-0.05908203125,0.154296875,44.53,306.06801102392893
0.69932421875,0.07476513671875,0.6939624023437501,0.9880425114667788,-0.24755859375,0.302734375,-0.01123046875,44.48294117647059,306.1983839139056
0.68272265625,0.06646435546875,0.7364428710937501,1.00641732809493,-0.2578125,0.78466796875,-0.07958984375,44.388823529411766,306.1983839139056
0.6656328125,0.06499951171875,0.7198413085937501,0.9825800156518036,-0.47265625,1.037109375,-0.060546875,44.34176470588236,306.1983839139056
0.66612109375,0.07720654296875,0.6592944335937501,0.940397422361198,-0.26025390625,1.20849609375,-0.17578125,44.388823529411766,306.1983839139056
0.72764453125,0.06548779296875,0.6758959960937501,0.9952841867635156,-0.1904296875,0.81884765625,-0.17529296875,44.48294117647059,305.98214958330664
0.75498828125,0.04839794921875,0.7061694335937501,1.034903345851934,-0.23681640625,0.39111328125,0.18115234375,44.29470588235294,305.98214958330664
0.70127734375,0.06158154296875,0.7076342773437501,0.998162546764443,-0.21630859375,0.5537109375,0.46337890625,44.20058823529412,305.98214958330664
0.64903125,0.07671826171875,0.7178881835937501,0.970819601832,-0.25,0.8701171875,0.3583984375,44.29470588235294,305.98214958330664
0.63584765625,0.06744091796875,0.7081225585937501,0.954090183035359,-0.32421875,0.83837890625,0.12353515625,44.48294117647059,305.98214958330664
0.70030078125,0.03765576171875,0.7012866210937501,0.9917873086176636,-0.31201171875,0.74951171875,-0.1005859375,44.57705882352941,306.3181064436878
0.75498828125,0.02300732421875,0.6895678710937501,1.0227612090010565,-0.23681640625,0.501953125,0.21142578125,44.388823529411766,306.3181064436878
0.7418046875,0.02593701171875,0.7144702148437501,1.0302497808166453,-0.21728515625,0.51904296875,0.55419921875,44.20058823529412,306.3181064436878
0.674421875,0.06402294921875,0.7149584960937501,0.9849413457875646,-0.22412109375,0.625,0.59423828125,44.48294117647059,306.3181064436878
0.61631640625,0.07867138671875,0.7042163085937501,0.939124969847237,-0.26708984375,0.92333984375,0.2353515625,44.57705882352941,305.97212773568066
0.6363359375,0.06939404296875,0.6866381835937501,0.938728370575044,-0.2998046875,0.7705078125,-0.1025390625,44.48294117647059,305.97212773568066
0.6949296875,0.06158154296875,0.6690600585937501,0.966623462889626,-0.2744140625,0.59228515625,-0.0107421875,44.57705882352941,305.97212773568066
0.72959765625,0.03423779296875,0.6890795898437501,1.004149215810128,-0.32568359375,0.232421875,0.39501953125,44.48294117647059,305.97212773568066
0.6988359375,0.04595654296875,0.6802905273437501,0.9763600119713935,-0.35205078125,-0.0576171875,0.66845703125,44.48294117647059,305.97212773568066
0.65049609375,0.05474560546875,0.7012866210937501,0.9580945539075136,-0.24609375,0.05322265625,0.5224609375,44.29470588235294,306.026028094753
0.64170703125,0.05132763671875,0.7130053710937501,0.960624327953106,-0.3125,0.0517578125,0.294921875,44.20058823529412,306.026028094753
0.66123828125,0.05279248046875,0.6846850585937501,0.953318802943708,-0.25439453125,0.24169921875,0.181640625,44.388823529411766,306.026028094753
0.70811328125,0.03912060546875,0.6900561523437501,0.9895111592308314,-0.2001953125,0.20654296875,0.1669921875,44.48294117647059,306.026028094753
0.7320390625,0.03912060546875,0.6978686523437501,1.0121424142492017,-0.158203125,0.01123046875,0.216796875,44.53,306.1990167172751
0.57871875,0.04497998046875,0.6944506835937501,0.9050968689529084,-0.09375,0.0009765625,0.29052734375,44.48294117647059,306.1990167172751
0.69737109375,0.05669873046875,0.7134936523437501,0.999306950025698,-0.08642578125,0.2431640625,0.220703125,44.388823529411766,306.1990167172751
0.70127734375,0.04644482421875,0.7198413085937501,1.0060410250639529,-0.1220703125,0.24560546875,-0.0166015625,44.29470588235294,306.1990167172751
0.71006640625,0.03179638671875,0.7071459960937501,1.0026269352478918,-0.14208984375,0.333984375,0.03564453125,44.388823529411766,306.1990167172751
0.73741015625,0.04449169921875,0.7032397460937501,1.0199506803399971,-0.0625,0.4345703125,0.12353515625,44.29470588235294,306.24226431485863
0.75694140625,0.01958935546875,0.7281420898437501,1.0504927121810186,-0.0849609375,0.2880859375,0.0166015625,44.48294117647059,306.24226431485863
0.75694140625,0.03570263671875,0.7169116210937501,1.0431669297018895,-0.08056640625,0.42724609375,0.1748046875,44.48294117647059,306.24226431485863
0.72666796875,0.04253857421875,0.7144702148437501,1.01996252627373,-0.09765625,0.68603515625,0.265625,44.53,306.24226431485863
0.6753984375,0.04253857421875,0.7022631835937501,0.9752672242545808,-0.15234375,0.85009765625,0.2373046875,44.20058823529412,306.1770765785338
0.64854296875,0.05328076171875,0.6724780273437501,0.93577428856778,-0.134765625,0.73779296875,0.1064453125,44.388823529411766,306.1770765785338
0.67198046875,0.05474560546875,0.6783374023437501,0.956397649055076,-0.1142578125,0.28173828125,-0.12451171875,44.53,306.1770765785338
0.709578125,0.04058544921875,0.6910327148437501,0.9912994033848336,-0.13720703125,-0.15625,-0.08154296875,44.29470588235294,306.1770765785338
0.75010546875,0.03863232421875,0.6871264648437501,1.0179849946889536,-0.2099609375,-0.234375,0.2978515625,44.34176470588236,306.1770765785338
0.7545,0.04351513671875,0.7120288085937501,1.0383394634661087,-0.158203125,-0.0888671875,0.3955078125,44.34176470588236,306.05735727192155
0.717390625,0.04888623046875,0.7110522460937501,1.0112539092840636,-0.1455078125,0.326171875,0.27392578125,44.53,306.05735727192155
0.6714921875,0.04351513671875,0.7271655273437501,0.99073963741959,-0.171875,1.0107421875,0.22412109375,44.388823529411766,306.05735727192155
0.6480546875,0.05767529296875,0.6783374023437501,0.9399164584303332,-0.310546875,1.001953125,0.07373046875,44.388823529411766,306.05735727192155
0.682234375,0.05914013671875,0.6529467773437501,0.9461927880967714,-0.1953125,0.50341796875,-0.28955078125,44.29470588235294,305.85367393375
0.76377734375,0.03374951171875,0.6768725585937501,1.0211029923295245,-0.13427734375,-0.12548828125,-0.13916015625,44.20058823529412,305.85367393375
0.77940234375,0.02642529296875,0.6998217773437501,1.047815265013849,-0.0693359375,-0.22265625,0.26904296875,44.48294117647059,305.85367393375
0.7164140625,0.03423779296875,0.7257006835937501,1.0203248588481812,-0.056640625,0.39306640625,0.46875,44.57705882352941,305.85367393375
0.6675859375,0.05865185546875,0.7232592773437501,0.9860096380672376,-0.1767578125,0.75146484375,0.20458984375,44.48294117647059,305.85367393375
0.68858203125,0.05523388671875,0.6905444335937501,0.9767536080147072,-0.23095703125,0.65087890625,-0.19921875,44.29470588235294,306.01537445545296
0.75108203125,0.03912060546875,0.6690600585937501,1.0066260484630525,-0.14697265625,0.50537109375,-0.18017578125,44.20058823529412,306.01537445545296
0.7730546875,0.02740185546875,0.6876147460937501,1.0349775121201548,-0.06005859375,0.37939453125,0.2041015625,44.57705882352941,306.01537445545296
0.7183671875,0.03472607421875,0.7007983398437501,1.0041790823528751,-0.02392578125,0.63671875,0.28515625,44.388823529411766,306.01537445545296
0.6636796875,0.05474560546875,0.7105639648437501,0.9738423676615776,-0.09033203125,0.83154296875,0.07080078125,44.20058823529412,306.2309776420962
0.6558671875,0.05669873046875,0.6920092773437501,0.955119549378897,-0.166015625,0.88720703125,-0.22607421875,44.53,306.2309776420962
0.7086015625,0.03960888671875,0.6690600585937501,0.9753596261328497,-0.1513671875,0.787109375,-0.2001953125,44.53,306.2309776420962
0.75059375,0.03570263671875,0.6715014648437501,1.0077598290738898,-0.1103515625,0.560546875,0.078125,44.388823529411766,306.2309776420962
0.7320390625,0.03863232421875,0.6881030273437501,1.0054150494895404,-0.1142578125,0.49365234375,0.39208984375,44.34176470588236,306.2309776420962
0.68565234375,0.04595654296875,0.6993334960937501,0.9804583005361388,-0.1162109375,0.58056640625,0.34912109375,44.48294117647059,305.89565708848335
0.6558671875,0.05083935546875,0.6988452148437501,0.9597557199692248,-0.15625,0.75537109375,0.09130859375,44.29470588235294,305.89565708848335
0.6773515625,0.03228466796875,0.6876147460937501,0.9657440023384128,-0.21923828125,0.86474609375,0.05078125,44.53,305.89565708848335
0.71153125,0.03765576171875,0.6656420898437501,0.9750764420745364,-0.189453125,0.70849609375,0.1328125,44.34176470588236,305.89565708848335
0.7261796875,0.04644482421875,0.6685717773437501,0.9881711803604116,-0.09716796875,0.4560546875,0.1904296875,44.29470588235294,306.33878030303174
0.73155078125,0.05962841796875,0.7042163085937501,1.0171738804483474,-0.05908203125,0.33154296875,0.115234375,44.20058823529412,306.33878030303174
0.72080859375,0.06060498046875,0.7257006835937501,1.0246362645592368,-0.07763671875,0.61376953125,0.11767578125,44.388823529411766,306.33878030303174
0.71592578125,0.03912060546875,0.7276538085937501,1.0215479485524184,-0.12939453125,1.19677734375,-0.11474609375,44.29470588235294,306.33878030303174
0.71006640625,0.03326123046875,0.7042163085937501,1.0006104237046969,-0.2119140625,1.61767578125,0.01806640625,44.29470588235294,306.33878030303174
0.7046953125,0.03667919921875,0.6793139648437501,0.9794939050073446,-0.1728515625,1.38916015625,0.08349609375,44.34176470588236,306.0686427852174
0.67881640625,0.03716748046875,0.6632006835937501,0.949741165643449,-0.1318359375,0.84619140625,0.1318359375,44.48294117647059,306.0686427852174
0.67246875,0.04205029296875,0.6744311523437501,0.953330911130568,-0.14453125,0.25439453125,0.08984375,44.29470588235294,306.0686427852174
0.69444140625,0.03423779296875,0.6876147460937501,0.977872758710161,-0.1650390625,-0.06689453125,0.13916015625,44.34176470588236,306.0686427852174
0.713484375,0.03228466796875,0.6998217773437501,0.9999263838901132,-0.14013671875,0.068359375,0.24560546875,44.29470588235294,306.3281266336168
0.71299609375,0.04009716796875,0.7022631835937501,1.0015711615322709,-0.1474609375,0.3134765625,0.32080078125,44.53,306.3281266336168
0.6949296875,0.05035107421875,0.6998217773437501,0.9875287445377956,-0.13037109375,0.43310546875,0.14404296875,44.20058823529412,306.3281266336168
0.68467578125,0.04546826171875,0.6900561523437501,0.973152496601372,-0.08935546875,0.4384765625,-0.1650390625,44.48294117647059,306.3281266336168
0.72373828125,0.03374951171875,0.7007983398437501,1.00799525912363,-0.17431640625,0.333984375,-0.060546875,44.34176470588236,306.3281266336168
0.76377734375,0.02886669921875,0.6841967773437501,1.0258237408430184,-0.25146484375,0.07666015625,0.3076171875,44.29470588235294,306.15513669423024
0.7574296875,0.02447216796875,0.6910327148437501,1.0255851166508618,-0.08349609375,0.01123046875,0.28076171875,44.388823529411766,306.15513669423024
0.690046875,0.03912060546875,0.7203295898437501,0.998283441450359,-0.00146484375,0.42333984375,0.072265625,44.388823529411766,306.15513669423024
0.65684375,0.04693310546875,0.7305834960937501,0.9835642699221896,-0.21923828125,0.732421875,-0.02197265625,44.48294117647059,306.15513669423024
0.6695390625,0.05621044921875,0.6617358398437501,0.943046389393685,-0.22998046875,0.626953125,-0.12939453125,44.48294117647059,306.0811942290941
0.74815234375,0.03033154296875,0.6592944335937501,0.9976577981077414,-0.140625,0.23876953125,-0.18701171875,44.53,306.0811942290941
0.79014453125,0.01665966796875,0.6866381835937501,1.0469374002155218,-0.14501953125,-0.12548828125,0.279296875,44.53,306.0811942290941
0.7535234375,0.03326123046875,0.6973803710937501,1.02725034061857,-0.09130859375,-0.0498046875,0.53515625,44.48294117647059,306.0811942290941
0.67198046875,0.04742138671875,0.7134936523437501,0.9812643528808244,-0.18115234375,0.3564453125,0.42529296875,44.29470588235294,306.0811942290941
0.64561328125,0.05230419921875,0.6924975585937501,0.948211530641033,-0.2314453125,0.623046875,-0.06787109375,44.48294117647059,305.9928033014162
0.72178515625,0.02935498046875,0.6675952148437501,0.9836253847595792,-0.22021484375,0.255859375,-0.2021484375,44.29470588235294,305.9928033014162
0.78623828125,0.01714794921875,0.6627124023437501,1.0284222942379202,-0.10546875,0.0986328125,0.20458984375,44.48294117647059,305.9928033014162
0.77354296875,0.01519482421875,0.6900561523437501,1.036714570445049,-0.02587890625,-0.03515625,0.46533203125,44.57705882352941,305.9928033014162
0.69834765625,0.03326123046875,0.7022631835937501,0.9909436600904172,-0.02197265625,0.09912109375,0.38623046875,44.48294117647059,306.1012359648104
0.6714921875,0.03863232421875,0.7032397460937501,0.973108603822862,-0.0986328125,0.314453125,0.04443359375,44.53,306.1012359648104
0.70908984375,0.03472607421875,0.6807788085937501,0.983602609273873,-0.1298828125,0.4228515625,-0.0400390625,44.29470588235294,306.1012359648104
0.74912890625,0.01617138671875,0.6651538085937501,1.001940727296031,-0.1064453125,0.2314453125,0.19970703125,44.34176470588236,306.1012359648104
0.74717578125,0.02447216796875,0.6607592773437501,0.9977341117188854,-0.046875,-0.08740234375,0.47802734375,44.53,306.1012359648104
0.71104296875,0.03765576171875,0.6651538085937501,0.9743868066051612,0.02734375,-0.34619140625,0.4013671875,44.48294117647059,306.1557692964757
0.69151171875,0.03081982421875,0.6973803710937501,0.9825872484010314,0.04638671875,-0.2783203125,0.15380859375,44.48294117647059,306.1557692964757
0.71299609375,0.03081982421875,0.6846850585937501,0.9889928820417064,-0.03125,-0.1083984375,0.0615234375,44.29470588235294,306.1557692964757
0.744734375,0.03277294921875,0.6744311523437501,1.0052664993716114,0.0126953125,-0.0078125,0.0791015625,44.48294117647059,306.1557692964757
0.75010546875,0.03374951171875,0.6661303710937501,1.0037564022627246,0.0625,-0.0732421875,0.20263671875,44.34176470588236,305.89565708848335
0.72862109375,0.02886669921875,0.6612475585937501,0.9843628997109892,0.07763671875,-0.14013671875,0.29443359375,44.29470588235294,305.89565708848335
0.72325,0.04400341796875,0.6710131835937501,0.9875654691459964,0.0888671875,-0.22216796875,0.22021484375,44.29470588235294,305.89565708848335
0.71885546875,0.03667919921875,0.6773608398437501,0.9883907405277234,0.0693359375,-0.134765625,0.06494140625,44.48294117647059,305.89565708848335
0.7300859375,0.02642529296875,0.6827319335937501,0.9999233297570363,0.044921875,-0.06494140625,0.029296875,44.34176470588236,305.89565708848335
0.73741015625,0.01910107421875,0.6754077148437501,1.0001570730877305,0.041015625,-0.0009765625,0.130859375,44.48294117647059,306.0799286317556
0.7398515625,0.02789013671875,0.6578295898437501,0.9904029298895872,0.03857421875,-0.38916015625,0.21923828125,44.53,306.0799286317556
0.7359453125,0.02105419921875,0.6563647460937501,0.9863434808474066,0.078125,-0.84619140625,0.1748046875,44.53,306.0799286317556
0.76866015625,0.03326123046875,0.6768725585937501,1.0247444587973231,0.07275390625,-1.3486328125,0.1337890625,44.34176470588236,306.0799286317556
0.78184375,-0.00580126953125,0.7003100585937501,1.049641597074839,0.0458984375,-1.244140625,0.13916015625,44.29470588235294,306.16579038799006
0.83408984375,-0.00335986328125,0.7037280273437501,1.0913066904391695,-0.02783203125,-0.841796875,0.16015625,44.34176470588236,306.16579038799006
0.86338671875,0.06988232421875,0.7066577148437501,1.117893237881103,0.06494140625,0.15771484375,0.373046875,44.29470588235294,306.16579038799006
0.81260546875,0.06158154296875,0.7300952148437501,1.0941475937982776,0.1396484375,1.5400390625,-0.0791015625,44.48294117647059,306.16579038799006
0.7769609375,0.04205029296875,0.7525561523437501,1.0824866225363092,0.07080078125,2.98876953125,-0.673828125,44.34176470588236,306.16579038799006
0.77158984375,0.02203076171875,0.7423022460937501,1.0709102978288536,-0.0185546875,4.04736328125,-1.03466796875,44.34176470588236,306.13446206773125
0.80772265625,-0.00433642578125,0.6910327148437501,1.0629961933104162,-0.099609375,4.38916015625,-0.56005859375,44.57705882352941,306.13446206773125
0.78233203125,5.810546874999989e-05,0.6319506835937501,1.0056863710872317,-0.083984375,3.814453125,-0.15283203125,44.34176470588236,306.13446206773125
0.69151171875,0.02886669921875,0.5792163085937501,0.9025038923092438,0.169921875,3.0029296875,-0.09814453125,44.29470588235294,306.13446206773125
0.64073046875,0.04302685546875,0.6270678710937501,0.8975527610308885,0.18017578125,2.18798828125,0.00244140625,44.34176470588236,306.1451156754405
0.6617265625,0.06206982421875,0.6573413085937501,0.934789977791994,-0.08349609375,1.30419921875,-0.017578125,44.29470588235294,306.1451156754405
0.72276171875,0.08404248046875,0.6573413085937501,0.9805841303006784,-0.1728515625,1.1650390625,-0.115234375,44.48294117647059,306.1451156754405
0.8023515625,0.08404248046875,0.7232592773437501,1.0834828797139968,-0.21728515625,1.6845703125,0.0166015625,44.53,306.1451156754405
0.8003984375,0.07818310546875,0.7706225585937501,1.1138264606960802,-0.2919921875,2.5087890625,0.16259765625,44.48294117647059,306.1451156754405
0.73350390625,0.07818310546875,0.7901538085937501,1.0809642083343718,-0.3740234375,3.8681640625,-0.01025390625,44.34176470588236,306.1225433511839
0.68174609375,0.07964794921875,0.7774584960937501,1.0370936531029835,-0.4521484375,4.498046875,-0.28515625,44.57705882352941,306.1225433511839
0.65684375,0.06792919921875,0.7178881835937501,0.9754083925023902,-0.486328125,4.4765625,-0.392578125,44.29470588235294,306.1225433511839
0.66709765625,0.05230419921875,0.6578295898437501,0.9383468343337416,-0.41455078125,3.6298828125,-0.26171875,44.29470588235294,306.1225433511839
0.6695390625,0.04693310546875,0.6295092773437501,0.9201995451336464,-0.2529296875,2.5107421875,-0.05322265625,44.20058823529412,306.3061862479296
0.64951953125,0.02349560546875,0.6607592773437501,0.9268389760618604,-0.1484375,1.61962890625,0.12353515625,44.34176470588236,306.3061862479296
0.62998828125,0.02154248046875,0.6988452148437501,0.9411343938498278,-0.15625,0.84619140625,0.216796875,44.388823529411766,306.3061862479296
0.6128984375,0.04546826171875,0.7178881835937501,0.9450266142586672,-0.19287109375,0.6875,0.09228515625,44.29470588235294,306.3061862479296
0.5953203125,0.05425732421875,0.7242358398437501,0.9390781029396108,-0.3330078125,0.79150390625,-0.13623046875,44.48294117647059,306.3061862479296
0.60362109375,0.06304638671875,0.7271655273437501,0.9471552015669612,-0.4853515625,1.02978515625,-0.29296875,44.29470588235294,306.0486004896288
0.611921875,0.06499951171875,0.7007983398437501,0.9326262009803004,-0.5556640625,1.09619140625,-0.46728515625,44.20058823529412,306.0486004896288
0.62998828125,0.04888623046875,0.6758959960937501,0.9252623928255894,-0.49365234375,1.0283203125,-0.50244140625,44.48294117647059,306.0486004896288
0.6373125,0.04205029296875,0.6656420898437501,0.9225046566638906,-0.39306640625,0.6572265625,-0.4951171875,44.57705882352941,306.0486004896288
0.64658984375,0.05474560546875,0.6636889648437501,0.928201782703609,-0.330078125,-0.00341796875,-0.34814453125,44.48294117647059,306.4259100708905
0.6441484375,0.04790966796875,0.6724780273437501,0.9324426218694148,-0.2724609375,-0.744140625,-0.41259765625,44.34176470588236,306.4259100708905
0.65147265625,0.02789013671875,0.6964038085937501,0.9540297407269344,-0.13525390625,-0.91064453125,-0.40478515625,44.34176470588236,306.4259100708905
0.67686328125,0.02593701171875,0.7159350585937501,0.9855859364890772,-0.08154296875,-0.69287109375,-0.29736328125,44.53,306.4259100708905
0.7027421875,0.01665966796875,0.7364428710937501,1.0180728014311746,-0.07470703125,-0.279296875,-0.03955078125,44.388823529411766,306.4259100708905
0.7144609375,0.01275341796875,0.7501147460937501,1.0359967245076385,-0.17236328125,0.08837890625,0.3056640625,44.48294117647059,306.2416313103601
0.70127734375,0.00591748046875,0.7393725585937501,1.0190665875366642,-0.29248046875,0.29541015625,0.58251953125,44.53,306.2416313103601
0.678328125,-0.00140673828125,0.7222827148437501,0.9908699936120104,-0.3544921875,0.28759765625,0.81494140625,44.15352941176471,306.2416313103601
0.65733203125,0.00396435546875,0.6920092773437501,0.9544516516573024,-0.34814453125,0.04296875,0.9921875,44.53,306.2416313103601
0.6382890625,0.00933544921875,0.6832202148437501,0.9350347265692248,-0.30810546875,-0.41064453125,1.0576171875,44.48294117647059,305.9401668794963
0.61533984375,0.01812451171875,0.6861499023437501,0.9218314974645068,-0.33935546875,-1.0107421875,0.87939453125,44.48294117647059,305.9401668794963
0.59971484375,0.01714794921875,0.6627124023437501,0.8939461248848949,-0.27001953125,-1.60693359375,0.619140625,44.48294117647059,305.9401668794963
0.68467578125,0.07330029296875,0.6817553710937501,0.9689913541383016,-0.07080078125,-1.96923828125,0.0654296875,44.48294117647059,305.9401668794963
0.7613359375,0.07671826171875,0.7276538085937501,1.0559347359430602,-0.06005859375,-1.95263671875,-0.21435546875,44.29470588235294,305.9401668794963
0.76573046875,0.02886669921875,0.7564624023437501,1.0767598633193745,0.0478515625,-0.82666015625,-0.26318359375,44.53,306.04733541332587
0.76084765625,-0.02191455078125,0.7862475585937501,1.094328390818631,0.09619140625,0.52880859375,-0.09228515625,44.57705882352941,306.04733541332587
0.75596484375,-0.01166064453125,0.7354663085937501,1.0547651429078244,-0.16455078125,1.03515625,0.4677734375,44.29470588235294,306.04733541332587
0.6968828125,0.01714794921875,0.6514819335937501,0.9541322844969508,-0.05712890625,0.76025390625,0.681640625,44.48294117647059,306.04733541332587
0.63877734375,0.05962841796875,0.6060717773437501,0.8825616366069702,0.1103515625,-0.32275390625,0.33837890625,44.48294117647059,306.00535338586815
0.596296875,0.02837841796875,0.6470874023437501,0.8803961631067896,0.23486328125,-1.134765625,0.09912109375,44.34176470588236,306.00535338586815
0.6324296875,0.03667919921875,0.6719897460937501,0.9235165900739516,0.0361328125,-2.31103515625,-0.21728515625,44.53,306.00535338586815
0.68272265625,0.02984326171875,0.6661303710937501,0.9543220195094352,0.15234375,-2.3955078125,-0.6337890625,44.53,306.00535338586815
0.79502734375,0.00591748046875,0.7120288085937501,1.0672808993665697,0.12841796875,-2.1123046875,-0.45556640625,44.53,306.00535338586815
0.84287890625,0.02935498046875,0.7071459960937501,1.1006189282721512,0.05419921875,-1.52978515625,-0.041015625,44.48294117647059,306.1990167172751
0.79893359375,0.02007763671875,0.7100756835937501,1.0690675727706045,0.11376953125,-0.52392578125,0.294921875,44.34176470588236,306.1990167172751
0.74619921875,0.03716748046875,0.7154467773437501,1.0344364585991073,-0.0849609375,-0.046875,0.38525390625,44.53,306.1990167172751
0.690046875,0.06597607421875,0.6671069335937501,0.9620546725188956,-0.14990234375,-0.10595703125,-0.0498046875,44.388823529411766,306.1990167172751
0.7144609375,0.04888623046875,0.6417163085937501,0.961584169720993,-0.060546875,-0.4306640625,-0.40478515625,44.34176470588236,305.9727600315471
0.78819140625,0.04497998046875,0.6339038085937501,1.0124736688324212,-0.1201171875,-1.03173828125,-0.294921875,44.48294117647059,305.9727600315471
0.8062578125,0.04546826171875,0.6470874023437501,1.0348145386072771,0.16162109375,-1.21728515625,-0.08544921875,44.29470588235294,305.9727600315471
0.78135546875,0.04742138671875,0.6856616210937501,1.0406233781271546,0.18212890625,-0.89697265625,-0.015625,44.53,305.9727600315471
0.7320390625,0.05572216796875,0.6983569335937501,1.01325641163897,0.099609375,-0.13671875,-0.12890625,44.34176470588236,305.9727600315471
0.7261796875,0.05279248046875,0.6807788085937501,0.99678672280582,-0.08984375,0.47119140625,-0.27294921875,44.34176470588236,305.8543060055692
0.76377734375,0.05083935546875,0.6378100585937501,0.9963644622996378,-0.1376953125,0.45654296875,-0.294921875,44.29470588235294,305.8543060055692
0.79600390625,0.03619091796875,0.6197436523437501,1.009462330118886,-0.060546875,0.19921875,-0.24853515625,44.34176470588236,305.8543060055692
0.7935625,0.03277294921875,0.6280444335937501,1.0125489213735992,0.02490234375,-0.1103515625,0.162109375,44.34176470588236,305.8543060055692
0.74424609375,0.04937451171875,0.6451342773437501,0.98617357816636,0.03173828125,-0.15576171875,0.146484375,44.53,305.9627392528558
0.7066484375,0.05425732421875,0.6675952148437501,0.9736422558285168,-0.02294921875,0.12109375,-0.1513671875,44.53,305.9627392528558
0.7183671875,0.05181591796875,0.6646655273437501,0.9800594720070562,-0.08203125,0.4892578125,-0.3916015625,44.48294117647059,305.9627392528558
0.75840625,0.04253857421875,0.6505053710937501,1.0000734013848405,-0.12255859375,0.6484375,-0.498046875,44.48294117647059,305.9627392528558
0.79698046875,0.03033154296875,0.6392749023437501,1.0221400446291329,-0.07861328125,0.6650390625,-0.3017578125,44.48294117647059,305.9627392528558
0.80528125,0.03570263671875,0.6402514648437501,1.0294049291240066,-0.06591796875,0.66357421875,0.025390625,44.20058823529412,306.26483866014013
0.76768359375,0.03814404296875,0.6500170898437501,1.006635626836173,-0.0634765625,0.650390625,0.16845703125,44.388823529411766,306.26483866014013
0.7320390625,0.05328076171875,0.6539233398437501,0.9830237855655444,-0.11083984375,0.69921875,0.03662109375,44.29470588235294,306.26483866014013
0.717390625,0.05425732421875,0.6519702148437501,0.97090593113477,-0.1474609375,0.77099609375,-0.18798828125,44.53,306.26483866014013
0.740828125,0.04351513671875,0.6495288085937501,0.9862086752345488,-0.162109375,0.78759765625,-0.31005859375,44.67117647058824,305.9640061569154
0.77940234375,0.03667919921875,0.6480639648437501,1.0142979244912824,-0.150390625,0.82568359375,-0.15283203125,44.48294117647059,305.9640061569154
0.78526171875,0.03716748046875,0.6382983398437501,1.0126411798785817,-0.14111328125,0.75146484375,0.06396484375,44.34176470588236,305.9640061569154
0.7593828125,0.04253857421875,0.6412280273437501,0.9948091119748206,-0.11279296875,0.626953125,0.13916015625,44.48294117647059,305.9640061569154
0.72764453125,0.04839794921875,0.6505053710937501,0.9772237017021386,-0.1240234375,0.8388671875,0.10205078125,44.53,305.9640061569154
0.71299609375,0.04546826171875,0.6490405273437501,0.9652380010448908,-0.16650390625,0.8203125,-0.087890625,44.15352941176471,305.87624552697764
0.72862109375,0.04888623046875,0.6446459960937501,0.9740877897122996,-0.14501953125,0.77685546875,-0.27197265625,44.20058823529412,305.87624552697764
0.74619921875,0.03374951171875,0.6519702148437501,0.9914723721051284,-0.1064453125,0.763671875,-0.28369140625,44.059411764705885,305.87624552697764
0.8121171875,0.03863232421875,0.6588061523437501,1.0464474803225574,-0.259765625,0.3017578125,0.0146484375,44.48294117647059,305.87624552697764
0.787703125,0.04156201171875,0.6207202148437501,1.0037415997499288,-0.11083984375,0.3466796875,0.31640625,44.53,306.0266605323399
0.75694140625,0.04790966796875,0.6607592773437501,1.0059117512865818,-0.00048828125,0.4287109375,-0.0947265625,44.53,306.0266605323399
0.69444140625,0.03130810546875,0.6890795898437501,0.9788052642491002,-0.0361328125,0.92041015625,-0.17626953125,44.57705882352941,306.0266605323399
0.717390625,0.05914013671875,0.6592944335937501,0.9761229506454128,-0.27197265625,1.0283203125,-0.29736328125,44.48294117647059,306.0266605323399
0.74278125,0.04595654296875,0.6143725585937501,0.965033486437767,-0.1484375,1.05322265625,-0.30908203125,44.388823529411766,306.0266605323399
0.803328125,0.03228466796875,0.6348803710937501,1.0244273823956511,-0.12890625,0.6064453125,-0.04541015625,44.29470588235294,306.1770765785338
0.795515625,0.03179638671875,0.6402514648437501,1.0216545688548926,-0.0869140625,0.251953125,0.212890625,44.48294117647059,306.1770765785338
0.740828125,0.03619091796875,0.6607592773437501,0.9933473289490796,-0.0322265625,0.603515625,0.390625,44.29470588235294,306.1770765785338
0.6753984375,0.07427685546875,0.6539233398437501,0.9430248326678208,-0.14453125,0.8095703125,0.255859375,44.34176470588236,306.1770765785338
0.6773515625,0.06206982421875,0.6397631835937501,0.9337851644686525,-0.2041015625,0.5908203125,-0.265625,44.29470588235294,306.25355132087816
0.7339921875,0.02642529296875,0.6202319335937501,0.9613170542900824,-0.20166015625,0.2939453125,-0.3603515625,44.34176470588236,306.25355132087816
0.81846484375,0.03570263671875,0.6216967773437501,1.028429026079577,-0.046875,0.00048828125,-0.12109375,44.53,306.25355132087816
0.80186328125,0.03033154296875,0.6358569335937501,1.023825553654102,-0.0322265625,0.18505859375,0.20849609375,44.29470588235294,306.25355132087816
0.7515703125,0.04107373046875,0.6705249023437501,1.0080419786045929,0.0751953125,0.35302734375,0.43115234375,44.53,306.25355132087816
0.70127734375,0.05572216796875,0.6934741210937501,0.987826517910378,-0.14453125,0.2724609375,0.10546875,44.57705882352941,306.1889964038117
0.69053515625,0.04497998046875,0.6578295898437501,0.9547783878650468,-0.22900390625,0.66943359375,-0.23193359375,44.53,306.1889964038117
0.74424609375,0.03667919921875,0.6309741210937501,0.9764097260922244,-0.14599609375,0.94580078125,-0.01806640625,44.059411764705885,306.1889964038117
0.7984453125,0.03863232421875,0.6280444335937501,1.0165860436263423,-0.0693359375,0.51416015625,0.0390625,44.53,306.1889964038117
0.78965625,0.03912060546875,0.6334155273437501,1.0130659629147871,-0.017578125,-0.03759765625,0.12255859375,44.29470588235294,306.00535338586815
0.74522265625,0.03228466796875,0.6592944335937501,0.995524111883716,0.0068359375,-0.0068359375,0.1552734375,44.48294117647059,306.00535338586815
0.72471484375,0.05181591796875,0.6583178710937501,0.9804483227115738,-0.02685546875,0.36083984375,0.05126953125,44.48294117647059,306.00535338586815
0.73155078125,0.04351513671875,0.6636889648437501,0.9887078207066562,-0.0908203125,0.60546875,-0.0693359375,44.388823529411766,306.00535338586815
0.75401171875,0.04253857421875,0.6358569335937501,0.9872473055461534,-0.1064453125,0.4599609375,-0.087890625,44.29470588235294,306.00535338586815
0.77549609375,0.03863232421875,0.6216967773437501,0.9946826282064324,-0.06982421875,0.216796875,0.06201171875,44.53,306.1770765785338
0.770125,0.03716748046875,0.6241381835937501,0.991979036799216,-0.02392578125,-0.08544921875,0.23291015625,44.48294117647059,306.1770765785338
0.75596484375,0.05181591796875,0.6397631835937501,0.9916978700304424,-0.029296875,-0.21728515625,0.20703125,44.29470588235294,306.1770765785338
0.73741015625,0.04839794921875,0.6524584960937501,0.9858083937328532,-0.06982421875,-0.138671875,0.044921875,44.48294117647059,306.1770765785338
0.7574296875,0.04351513671875,0.6553881835937501,1.002560207580729,-0.10693359375,0.08203125,-0.0107421875,44.059411764705885,305.80230446831297
0.77647265625,0.04058544921875,0.6485522460937501,1.0125102372348966,-0.0908203125,0.30078125,0.02978515625,44.29470588235294,305.80230446831297
0.78135546875,0.04058544921875,0.6441577148437501,1.013460758404854,-0.0009765625,0.33740234375,0.1513671875,44.388823529411766,305.80230446831297
0.756453125,0.04742138671875,0.6329272460937501,0.9874548177453047,-0.0888671875,0.3154296875,0.2099609375,44.34176470588236,305.80230446831297
0.74278125,0.04497998046875,0.6363452148437501,0.9791232897082318,-0.10791015625,0.083984375,0.07470703125,44.67117647058824,305.80230446831297
0.7535234375,0.05328076171875,0.6299975585937501,0.983632723258652,-0.08984375,-0.10595703125,-0.07080078125,44.67117647058824,305.95271904499657
0.7808671875,0.04058544921875,0.6500170898437501,1.0168200235495886,-0.08056640625,-0.00244140625,-0.03955078125,44.29470588235294,305.95271904499657
0.78526171875,0.04253857421875,0.6402514648437501,1.0140845307297297,-0.09228515625,0.20947265625,0.0205078125,44.48294117647059,305.95271904499657
0.7632890625,0.04986279296875,0.6461108398437501,1.0012770387951426,-0.05908203125,0.4375,-0.0263671875,44.53,305.95271904499657
0.77403125,0.03081982421875,0.6485522460937501,1.0102941420470997,-0.234375,0.3291015625,0.04150390625,44.53,305.7584245817252
0.7847734375,0.05279248046875,0.6124194335937501,0.9968520235435646,-0.0693359375,0.30126953125,0.26171875,44.53,305.7584245817252
0.81455859375,0.06402294921875,0.6319506835937501,1.0329406116390487,-0.14697265625,-0.34814453125,-0.0419921875,44.388823529411766,305.7584245817252
0.74522265625,0.02642529296875,0.6524584960937501,0.9908366124753908,-0.02001953125,0.544921875,-0.01513671875,44.34176470588236,305.7584245817252
0.7535234375,0.05230419921875,0.6695483398437501,1.0093702390625814,-0.1806640625,1.27685546875,0.208984375,43.73,305.7584245817252
0.73545703125,0.05474560546875,0.6031420898437501,0.9527195320104914,-0.27490234375,0.8193359375,-0.1689453125,44.48294117647059,306.1889964038117
0.78330859375,0.04595654296875,0.5997241210937501,0.9875998067567208,-0.1669921875,0.341796875,-0.1455078125,44.48294117647059,306.1889964038117
0.81260546875,0.02593701171875,0.6246264648437501,1.025260258179603,-0.115234375,0.2265625,0.1162109375,44.67117647058824,306.1889964038117
0.795515625,0.03179638671875,0.6519702148437501,1.029039008430154,-0.05322265625,0.61474609375,0.40478515625,44.34176470588236,306.1889964038117
0.7359453125,0.06255810546875,0.6558764648437501,0.987776774725189,-0.17626953125,0.89013671875,0.333984375,44.34176470588236,305.86559201487194
0.71690234375,0.05279248046875,0.6353686523437501,0.9593900879461909,-0.25,0.80419921875,-0.04345703125,44.48294117647059,305.86559201487194
0.75889453125,0.04546826171875,0.6114428710937501,0.9756283395823688,-0.25048828125,0.5302734375,-0.19970703125,44.48294117647059,305.86559201487194
0.811140625,0.03374951171875,0.6177905273437501,1.0201731611556506,-0.1298828125,0.38525390625,0.015625,44.20058823529412,305.86559201487194
0.80674609375,0.02984326171875,0.6334155273437501,1.0261311370049435,-0.109375,0.38134765625,0.30078125,44.388823529411766,305.86559201487194
0.75596484375,0.04546826171875,0.6451342773437501,0.9948610172348342,-0.1025390625,0.61572265625,0.294921875,44.48294117647059,306.0160069524386
0.71153125,0.05132763671875,0.6426928710937501,0.9601902793573897,-0.1748046875,0.81103515625,-0.02880859375,44.29470588235294,306.0160069524386
0.72959765625,0.04839794921875,0.6270678710937501,0.9632596827710176,-0.21240234375,0.84716796875,-0.1962890625,44.48294117647059,306.0160069524386
0.7779375,0.04107373046875,0.6021655273437501,0.9846202961355438,-0.20849609375,0.4248046875,-0.00048828125,44.388823529411766,306.0160069524386
0.78819140625,0.04009716796875,0.6104663085937501,0.9977587833206712,-0.0654296875,0.20361328125,-0.12451171875,44.388823529411766,306.09248116750496
0.77842578125,0.03570263671875,0.6407397460937501,1.00884527922156,-0.0712890625,0.1865234375,0.15576171875,44.34176470588236,306.09248116750496
0.74326953125,0.04888623046875,0.6407397460937501,0.982541033157558,-0.001953125,0.39794921875,0.0751953125,44.53,306.09248116750496
0.73350390625,0.04839794921875,0.6285327148437501,0.9671730535956036,-0.1708984375,0.58447265625,-0.1025390625,44.67117647058824,306.09248116750496
0.74912890625,0.03912060546875,0.6260913085937501,0.977095116479556,-0.13427734375,0.548828125,-0.25,44.34176470588236,306.09248116750496
0.7808671875,0.03716748046875,0.6158374023437501,0.9951837479802677,-0.24951171875,0.23974609375,-0.15087890625,44.34176470588236,306.32000947448495
0.7925859375,0.03667919921875,0.6177905273437501,1.0055858827836397,-0.0634765625,0.154296875,-0.0126953125,44.388823529411766,306.32000947448495
0.78428515625,0.03912060546875,0.6412280273437501,1.0138081727513768,-0.08251953125,0.2099609375,0.08154296875,44.34176470588236,306.32000947448495
0.7613359375,0.04107373046875,0.6378100585937501,0.9940428219684432,-0.14599609375,0.36572265625,0.0419921875,44.57705882352941,306.32000947448495
0.75840625,0.04742138671875,0.6280444335937501,0.9858339812186868,-0.14111328125,0.5244140625,-0.02685546875,44.53,306.18963014401226
0.7623125,0.04839794921875,0.6192553710937501,0.9833310346842964,-0.15087890625,0.5322265625,-0.05615234375,44.48294117647059,306.18963014401226
0.77403125,0.03619091796875,0.6119311523437501,0.9873671524457016,-0.11767578125,0.38720703125,-0.0537109375,44.34176470588236,306.18963014401226
0.7750078125,0.03960888671875,0.6153491210937501,0.990384023585793,-0.1357421875,0.26904296875,0.0126953125,44.53,306.18963014401226
0.76963671875,0.04058544921875,0.6231616210937501,0.9911197019234078,-0.11376953125,0.255859375,0.0419921875,44.29470588235294,306.18963014401226
0.7632890625,0.04205029296875,0.6192553710937501,0.983796541312961,-0.1201171875,0.32080078125,0.04248046875,44.29470588235294,306.0486004896288
0.76377734375,0.04693310546875,0.6251147460937501,0.9880926034530366,-0.140625,0.33642578125,0.0283203125,44.48294117647059,306.0486004896288
0.76866015625,0.04107373046875,0.6143725585937501,0.9848751839161776,-0.12255859375,0.359375,0.00390625,44.53,306.0486004896288
0.7730546875,0.04253857421875,0.6187670898437501,0.9911083652335854,-0.11083984375,0.27001953125,-0.03125,44.34176470588236,306.0486004896288
0.76866015625,0.04400341796875,0.6114428710937501,0.9831770548637592,-0.06982421875,0.28173828125,-0.046875,44.48294117647059,306.08182768582907
0.7789140625,0.03472607421875,0.6314624023437501,1.003323368891924,-0.10400390625,0.23779296875,-0.15185546875,44.57705882352941,306.08182768582907
0.7886796875,0.03374951171875,0.6202319335937501,1.003913507462567,-0.17578125,0.12646484375,0.044921875,44.48294117647059,306.08182768582907
0.80576953125,0.05328076171875,0.6124194335937501,1.0134894867256712,-0.06640625,0.2158203125,0.03515625,44.388823529411766,306.08182768582907
0.79112109375,0.04156201171875,0.6241381835937501,1.0085377821450277,-0.08447265625,0.2900390625,-0.03271484375,44.53,306.08182768582907
0.76963671875,0.04742138671875,0.6456225585937501,1.0056927736300665,-0.10400390625,0.7470703125,0.1552734375,44.29470588235294,305.9088387955088
0.740828125,0.05376904296875,0.6138842773437501,0.9636240588230708,-0.2080078125,0.87255859375,0.00390625,44.20058823529412,305.9088387955088
0.744734375,0.04693310546875,0.5923999023437501,0.9527694631926792,-0.1044921875,0.572265625,-0.18115234375,44.48294117647059,305.9088387955088
0.7984453125,0.04156201171875,0.6002124023437501,0.9997485912961256,-0.12255859375,0.08203125,-0.2490234375,44.388823529411766,305.9088387955088
0.8199296875,0.03912060546875,0.6177905273437501,1.0273656845990906,-0.068359375,0.03759765625,0.01806640625,44.48294117647059,306.36262322845766
0.79991015625,0.02837841796875,0.6392749023437501,1.0243700471240456,-0.08447265625,0.44482421875,0.29736328125,44.34176470588236,306.36262322845766
0.75059375,0.05132763671875,0.6348803710937501,0.9844280519318476,-0.14990234375,0.7900390625,0.220703125,44.29470588235294,306.36262322845766
0.7339921875,0.06011669921875,0.6016772460937501,0.9509858344386376,-0.15380859375,0.7373046875,-0.05712890625,44.48294117647059,306.36262322845766
0.78037890625,0.04400341796875,0.6055834960937501,0.988766357060154,-0.126953125,0.34765625,-0.25439453125,44.57705882352941,306.36262322845766
0.81358203125,0.03423779296875,0.6026538085937501,1.013054569632258,-0.0634765625,0.26904296875,-0.07177734375,44.57705882352941,306.07054070135047
0.80772265625,0.03277294921875,0.6285327148437501,1.023984047360556,-0.046875,0.37646484375,0.15380859375,44.388823529411766,306.07054070135047
0.770125,0.04302685546875,0.6314624023437501,0.9968393007352132,-0.087890625,0.7119140625,0.146484375,44.48294117647059,306.07054070135047
0.74912890625,0.05230419921875,0.6182788085937501,0.972727368069462,-0.1533203125,0.75341796875,0.02490234375,44.34176470588236,306.07054070135047
0.7652421875,0.05035107421875,0.5894702148437501,0.9672672693690736,-0.14013671875,0.58837890625,-0.091796875,44.53,305.9746595513847
0.79502734375,0.04107373046875,0.5977709960937501,0.9955328685762788,-0.0224609375,0.533203125,-0.04443359375,44.76529411764706,305.9746595513847
0.799421875,0.03667919921875,0.6212084960937501,1.01307487063045,-0.11376953125,0.42333984375,0.1396484375,44.388823529411766,305.9746595513847
0.7623125,0.04302685546875,0.6114428710937501,0.9781789419933076,-0.08740234375,0.6728515625,0.15185546875,44.20058823529412,305.9746595513847
0.75059375,0.04546826171875,0.6119311523437501,0.9694937212646284,-0.11962890625,0.7607421875,0.06689453125,44.34176470588236,305.9746595513847
0.75401171875,0.04986279296875,0.6011889648437501,0.9656335441485416,-0.0927734375,0.6796875,-0.10693359375,44.29470588235294,306.17086301481834
0.78721484375,0.04302685546875,0.6065600585937501,0.99472288864443,-0.09716796875,0.47412109375,-0.1005859375,44.48294117647059,306.17086301481834
0.80186328125,0.03423779296875,0.6163256835937501,1.0119359152346017,-0.0517578125,0.50146484375,0.00439453125,44.15352941176471,306.17086301481834
0.7925859375,0.03863232421875,0.6285327148437501,1.01229358312011,-0.076171875,0.6689453125,0.091796875,44.20058823529412,306.17086301481834
0.7730546875,0.04595654296875,0.6256030273437501,0.9955424157357766,-0.0947265625,0.85693359375,0.060546875,44.388823529411766,305.97529360208654
0.768171875,0.04742138671875,0.6158374023437501,0.9856939299726072,-0.0966796875,0.900390625,-0.01708984375,44.48294117647059,305.97529360208654
0.7730546875,0.04302685546875,0.6114428710937501,0.9865734867553556,-0.11083984375,0.7919921875,-0.06298828125,44.34176470588236,305.97529360208654
0.77940234375,0.04205029296875,0.6114428710937501,0.9915133005628916,-0.0859375,0.6337890625,-0.00390625,44.48294117647059,305.97529360208654
0.7828203125,0.04546826171875,0.6143725585937501,0.9961569380571282,-0.083984375,0.5205078125,0.0068359375,44.53,305.97529360208654
0.77647265625,0.04497998046875,0.6231616210937501,0.9966260033488442,-0.087890625,0.576171875,0.03564453125,44.48294117647059,306.1902643229315
0.775984375,0.03667919921875,0.6231616210937501,0.9959053769830044,-0.10693359375,0.64794921875,0.033203125,44.53,306.1902643229315
0.78135546875,0.04058544921875,0.6202319335937501,0.9984243580178028,-0.11474609375,0.71484375,0.0263671875,44.48294117647059,306.1902643229315
0.77744921875,0.04253857421875,0.6124194335937501,0.9906030388984474,-0.08251953125,0.7158203125,0.05615234375,44.20058823529412,306.1902643229315
0.77940234375,0.04790966796875,0.6192553710937501,0.9966145515475514,-0.08447265625,0.61328125,0.0263671875,44.48294117647059,306.15766973549944
0.76768359375,0.05083935546875,0.6138842773437501,0.9842645204147364,-0.0478515625,0.63525390625,-0.0419921875,44.53,306.15766973549944
0.7613359375,0.03960888671875,0.6275561523437501,0.9874350601333712,-0.0419921875,0.77685546875,-0.134765625,44.48294117647059,306.15766973549944
0.8101640625,0.05230419921875,0.6334155273437501,1.029716838603011,-0.154296875,0.51025390625,-0.037109375,44.48294117647059,306.15766973549944
0.8003984375,0.04205029296875,0.5958178710937501,0.9987015677397766,-0.0263671875,0.580078125,0.193359375,44.34176470588236,306.15766973549944
0.801375,0.05132763671875,0.6241381835937501,1.0170471420420184,-0.0400390625,0.40625,-0.00390625,44.48294117647059,305.93077879303627
0.72715625,0.04546826171875,0.6509936523437501,0.9770446817467676,0.0224609375,1.16015625,-0.0205078125,44.29470588235294,305.93077879303627
0.74424609375,0.05914013671875,0.6334155273437501,0.979088879578053,-0.236328125,1.10009765625,-0.1630859375,44.53,305.93077879303627
0.76182421875,0.04302685546875,0.5748217773437501,0.9553258743874806,-0.09423828125,0.9541015625,-0.26171875,44.53,305.93077879303627
0.81944140625,0.04253857421875,0.5904467773437501,1.0109011551329643,-0.052734375,0.42431640625,-0.02587890625,44.48294117647059,306.0830959154403
0.81455859375,0.04351513671875,0.6202319335937501,1.024737488933176,-0.02880859375,0.2646484375,0.1875,44.48294117647059,306.0830959154403
0.77256640625,0.05035107421875,0.6490405273437501,1.010271096723882,-0.0498046875,0.6982421875,0.279296875,44.53,306.0830959154403
0.72080859375,0.05718701171875,0.6368334960937501,0.9635311540786636,-0.14013671875,1.1103515625,0.1103515625,44.34176470588236,306.0830959154403
0.73155078125,0.05767529296875,0.6114428710937501,0.9551729527043176,-0.2119140625,0.93798828125,-0.14697265625,44.67117647058824,306.0830959154403
0.78575,0.04497998046875,0.5904467773437501,0.9838971785804596,-0.13671875,0.416015625,-0.17626953125,44.48294117647059,306.11505604407853
0.8238359375,0.03912060546875,0.6055834960937501,1.0232142710253187,-0.01220703125,0.1376953125,0.0478515625,44.48294117647059,306.11505604407853
0.80576953125,0.04009716796875,0.6417163085937501,1.0308599037139563,-0.01513671875,0.32666015625,0.30322265625,44.29470588235294,306.11505604407853
0.74619921875,0.05474560546875,0.6514819335937501,0.9920882345740734,-0.052734375,0.81005859375,0.17236328125,44.67117647058824,306.11505604407853
0.73252734375,0.05230419921875,0.6309741210937501,0.9682253767007842,-0.1572265625,0.9970703125,-0.03515625,44.388823529411766,305.95271904499657
0.75694140625,0.03960888671875,0.5997241210937501,0.96653927898689,-0.22314453125,0.8037109375,-0.064453125,44.34176470588236,305.95271904499657
0.79795703125,0.04644482421875,0.5840991210937501,0.9899819840181514,-0.08984375,0.2841796875,0.01611328125,44.48294117647059,305.95271904499657
0.7964921875,0.04205029296875,0.6163256835937501,1.0079808431436563,-0.0068359375,0.05859375,0.1337890625,44.34176470588236,305.95271904499657
0.7613359375,0.04595654296875,0.6348803710937501,0.99237971521529,-0.03857421875,0.310546875,0.1337890625,44.388823529411766,305.95271904499657
0.7466875,0.04742138671875,0.6402514648437501,0.9847400412338004,-0.1083984375,0.6884765625,0.01953125,44.48294117647059,305.8336315585106
0.760359375,0.04742138671875,0.6163256835937501,0.979924749828283,-0.1220703125,0.78076171875,-0.0986328125,44.34176470588236,305.8336315585106
0.77842578125,0.04546826171875,0.6055834960937501,0.9872919682036952,-0.08740234375,0.59912109375,-0.06005859375,44.48294117647059,305.8336315585106
0.787703125,0.04156201171875,0.6016772460937501,0.992078183622558,-0.056640625,0.341796875,0.01708984375,44.53,305.8336315585106
0.7789140625,0.04839794921875,0.6226733398437501,0.9983844782452324,-0.052734375,0.28857421875,0.0615234375,44.48294117647059,306.1044026545381
0.7691484375,0.05035107421875,0.6304858398437501,0.9958096925754198,-0.10205078125,0.40380859375,0.0126953125,44.34176470588236,306.1044026545381
0.77158984375,0.05083935546875,0.6231616210937501,0.993109225134284,-0.1279296875,0.58544921875,-0.0048828125,44.53,306.1044026545381
0.7886796875,0.05230419921875,0.6216967773437501,1.0056133758510857,-0.1201171875,0.568359375,-0.01806640625,44.48294117647059,306.1044026545381
0.78330859375,0.04205029296875,0.6143725585937501,0.9963905965706376,-0.10107421875,0.54248046875,0.060546875,44.29470588235294,306.1044026545381
0.7750078125,0.04937451171875,0.6119311523437501,0.9887035385049706,-0.09716796875,0.46875,0.03955078125,44.29470588235294,305.5653980602903
0.7750078125,0.05083935546875,0.6226733398437501,0.995461620381561,-0.109375,0.3935546875,0.01611328125,44.53,305.5653980602903
0.7730546875,0.04742138671875,0.6226733398437501,0.993772824108318,-0.0966796875,0.45458984375,-0.00146484375,44.29470588235294,305.5653980602903
0.775984375,0.04449169921875,0.6231616210937501,0.9962237035664744,-0.11767578125,0.375,0.0478515625,44.53,305.5653980602903
0.7779375,0.04693310546875,0.6163256835937501,0.9936029481399972,-0.12109375,0.50146484375,0.07666015625,44.53,305.9659098033384
0.7789140625,0.04693310546875,0.6158374023437501,0.9940651584653254,-0.1162109375,0.43359375,0.0478515625,44.48294117647059,305.9659098033384
0.772078125,0.04546826171875,0.6177905273437501,0.9898672282699884,-0.0986328125,0.423828125,0.02001953125,44.34176470588236,305.9659098033384
0.760359375,0.05083935546875,0.6143725585937501,0.9788690719232574,-0.09375,0.48095703125,-0.07568359375,44.48294117647059,305.9659098033384
0.7789140625,0.04351513671875,0.6256030273437501,0.9999899158019396,-0.1240234375,0.390625,-0.1337890625,44.059411764705885,305.9659098033384
0.807234375,0.04302685546875,0.6080249023437501,1.011520107730586,-0.20556640625,0.2880859375,0.16455078125,44.34176470588236,306.01790707565334
0.8179765625,0.05425732421875,0.6158374023437501,1.0253220080326926,-0.11376953125,0.21484375,0.2421875,44.29470588235294,306.01790707565334
0.7769609375,0.05181591796875,0.6265795898437501,0.9994774485522848,-0.048828125,0.3271484375,-0.0126953125,44.57705882352941,306.01790707565334
0.738875,0.04253857421875,0.6597827148437501,0.9914933316609614,-0.12060546875,1.06640625,0.0048828125,44.34176470588236,306.01790707565334
0.74912890625,0.06597607421875,0.5982592773437501,0.9609688462569976,-0.2587890625,0.91015625,-0.1875,44.48294117647059,306.11505604407853
0.7984453125,0.03863232421875,0.5889819335937501,0.9929285430621873,-0.162109375,0.52001953125,-0.11767578125,44.48294117647059,306.11505604407853
0.8248125,0.04497998046875,0.6046069335937501,1.0236642041943522,-0.10205078125,0.21826171875,0.1591796875,44.53,306.11505604407853
0.78184375,0.03619091796875,0.6295092773437501,1.0044258868723634,-0.10986328125,0.52099609375,0.33544921875,44.53,306.11505604407853
0.74229296875,0.05621044921875,0.6368334960937501,0.9796506355859984,-0.185546875,0.78173828125,0.22021484375,44.20058823529412,306.11505604407853
0.73936328125,0.05621044921875,0.6046069335937501,0.9567482534145424,-0.20263671875,0.72802734375,-0.03662109375,44.29470588235294,306.0085227484269
0.791609375,0.04644482421875,0.5909350585937501,0.9889422469284036,-0.20263671875,0.3115234375,-0.107421875,44.48294117647059,306.0085227484269
0.82041796875,0.03423779296875,0.6094897460937501,1.0226121554669056,-0.11572265625,0.279296875,0.0703125,44.388823529411766,306.0085227484269
0.81358203125,0.03570263671875,0.6334155273437501,1.0317003586903069,-0.10546875,0.3798828125,0.30224609375,44.20058823529412,306.0085227484269
0.76866015625,0.04986279296875,0.6290209960937501,0.9944808431818546,-0.1328125,0.73974609375,0.373046875,44.29470588235294,305.99660031221555
0.74131640625,0.05572216796875,0.6138842773437501,0.9641104086920806,-0.1591796875,0.80322265625,0.041015625,44.67117647058824,305.99660031221555
0.75303515625,0.04497998046875,0.6007006835937501,0.9643269447969552,-0.1669921875,0.7470703125,-0.05712890625,44.48294117647059,305.99660031221555
0.7945390625,0.03765576171875,0.5923999023437501,0.9917902613586618,-0.1484375,0.314453125,0.06005859375,44.67117647058824,305.99660031221555
0.78965625,0.04156201171875,0.6099780273437501,0.998677919964362,-0.07421875,0.265625,0.13623046875,44.34176470588236,305.99660031221555
0.77744921875,0.04497998046875,0.6290209960937501,1.0010583898578185,-0.12255859375,0.39453125,0.13720703125,44.29470588235294,306.06052076246505
0.76280078125,0.04693310546875,0.6187670898437501,0.9833313072094544,-0.1396484375,0.623046875,0.0517578125,44.48294117647059,306.06052076246505
0.77354296875,0.04497998046875,0.6026538085937501,0.9816229093486384,-0.1416015625,0.60986328125,-0.03857421875,44.29470588235294,306.06052076246505
0.783796875,0.04058544921875,0.6011889648437501,0.9886419429692194,-0.10888671875,0.45849609375,-0.0185546875,44.29470588235294,306.06052076246505
0.78721484375,0.04302685546875,0.6060717773437501,0.9944252208207904,-0.0654296875,0.341796875,-0.00341796875,44.29470588235294,306.0730773981626
0.7867265625,0.04156201171875,0.6202319335937501,1.0026732949523578,-0.08154296875,0.35498046875,0.00830078125,44.34176470588236,306.0730773981626
0.78428515625,0.04302685546875,0.6246264648437501,1.003550067106179,-0.12744140625,0.5791015625,0.0234375,44.57705882352941,306.0730773981626
0.78428515625,0.04644482421875,0.6148608398437501,0.99765433912962,-0.13330078125,0.6953125,0.03759765625,44.29470588235294,306.0730773981626
0.779890625,0.04107373046875,0.6085131835937501,0.9900528939935032,-0.13232421875,0.62890625,-0.0009765625,44.48294117647059,306.0730773981626
0.77842578125,0.04497998046875,0.6104663085937501,0.9902721895952252,-0.1025390625,0.5185546875,0.001953125,44.48294117647059,306.2780313923667
0.78037890625,0.04595654296875,0.6133959960937501,0.9936588394340528,-0.103515625,0.44775390625,0.00341796875,44.29470588235294,306.2780313923667
0.78135546875,0.04253857421875,0.6104663085937501,0.9924691495306924,-0.1259765625,0.49853515625,-0.015625,44.53,306.2780313923667
0.78184375,0.04351513671875,0.6138842773437501,0.995001066586148,-0.126953125,0.587890625,-0.00048828125,44.48294117647059,306.2780313923667
0.7847734375,0.04595654296875,0.6124194335937501,0.9965133790825362,-0.13525390625,0.56396484375,0.0458984375,44.48294117647059,306.1369973390348
0.77354296875,0.04400341796875,0.6016772460937501,0.9809793747895288,-0.13037109375,0.623046875,0.03955078125,44.48294117647059,306.1369973390348
0.77354296875,0.04888623046875,0.6104663085937501,0.9866243976104012,-0.1279296875,0.4267578125,0.03271484375,44.48294117647059,306.1369973390348
0.779890625,0.04693310546875,0.6090014648437501,0.9906133895388576,-0.12353515625,0.39453125,0.001953125,44.34176470588236,306.1369973390348
0.779890625,0.04058544921875,0.6094897460937501,0.9906332904988616,-0.10107421875,0.4775390625,0.015625,44.53,306.1369973390348
0.7730546875,0.04497998046875,0.6046069335937501,0.982438951110108,-0.119140625,0.56591796875,-0.005859375,44.48294117647059,306.25481940467125
0.77549609375,0.04058544921875,0.6085131835937501,0.98657471319571,-0.1103515625,0.48681640625,-0.119140625,44.48294117647059,306.25481940467125
0.79600390625,0.03912060546875,0.6016772460937501,0.9985830706578492,-0.1474609375,0.3369140625,0.025390625,44.53,306.25481940467125
0.8140703125,0.04546826171875,0.6070483398437501,1.0165065289631077,-0.0869140625,0.220703125,0.02734375,44.53,306.25481940467125
0.78721484375,0.05132763671875,0.6143725585937501,0.9998976833979064,-0.072265625,0.412109375,0.03759765625,44.059411764705885,306.15957412297155
0.760359375,0.04595654296875,0.6387866210937501,0.994136172906106,-0.12060546875,0.92919921875,0.07666015625,44.34176470588236,306.15957412297155
0.7457109375,0.04693310546875,0.6026538085937501,0.9599370457007178,-0.2763671875,0.82568359375,-0.08203125,44.53,306.15957412297155
0.77403125,0.04302685546875,0.5684741210937501,0.96132123279443,-0.11767578125,0.484375,-0.15673828125,44.48294117647059,306.15957412297155
0.817,0.04351513671875,0.5967944335937501,1.0126925313697817,-0.126953125,-0.05517578125,0.05712890625,44.48294117647059,306.15957412297155
0.818953125,0.04302685546875,0.6212084960937501,1.0288029582275962,-0.0810546875,-0.00048828125,0.10546875,44.48294117647059,305.98658138050496
0.79209765625,0.03667919921875,0.6461108398437501,1.022850564870386,-0.12109375,0.6484375,0.26123046875,44.48294117647059,305.98658138050496
0.74912890625,0.04888623046875,0.6138842773437501,0.9697617685177236,-0.22509765625,1.0244140625,0.2060546875,44.388823529411766,305.98658138050496
0.7476640625,0.05425732421875,0.5811694335937501,0.9485269200866482,-0.197265625,0.63037109375,-0.06884765625,44.29470588235294,305.98658138050496
0.78916796875,0.05181591796875,0.5704272460937501,0.975119590277031,-0.0546875,0.0849609375,-0.15966796875,44.53,305.90072053644684
0.8179765625,0.02984326171875,0.6065600585937501,1.0187695430030208,-0.01025390625,-0.01123046875,-0.0400390625,44.388823529411766,305.90072053644684
0.80381640625,0.03863232421875,0.6309741210937501,1.0226150854164229,-0.06787109375,0.26171875,0.12158203125,44.48294117647059,305.90072053644684
0.77158984375,0.04790966796875,0.6246264648437501,0.993883516236297,-0.12255859375,0.822265625,0.2490234375,44.34176470588236,305.90072053644684
0.76573046875,0.05035107421875,0.6026538085937501,0.9757407414162992,-0.16357421875,0.796875,0.02734375,44.53,305.90072053644684
0.7779375,0.04790966796875,0.5704272460937501,0.9658516103818564,-0.10986328125,0.4384765625,-0.08544921875,44.48294117647059,306.08436589991146
0.799421875,0.03814404296875,0.5953295898437501,0.9974706124924408,-0.0146484375,0.24609375,-0.08349609375,44.48294117647059,306.08436589991146
0.7945390625,0.03912060546875,0.6153491210937501,1.005722270033567,-0.0732421875,0.28173828125,0.02783203125,44.34176470588236,306.08436589991146
0.783796875,0.04790966796875,0.6138842773437501,0.9967380716690316,-0.0830078125,0.5732421875,-0.0068359375,44.29470588235294,306.08436589991146
0.7769609375,0.04595654296875,0.6011889648437501,0.9834675763300064,-0.09033203125,0.76904296875,-0.03173828125,44.20058823529412,306.2347826062445
0.7867265625,0.04937451171875,0.6002124023437501,0.9907731599502416,-0.1005859375,0.65087890625,-0.0625,44.34176470588236,306.2347826062445
0.79405078125,0.04742138671875,0.6002124023437501,0.9965040687570323,-0.05712890625,0.50634765625,-0.0693359375,44.48294117647059,306.2347826062445
0.79746875,0.04107373046875,0.6104663085937501,1.0051430607079082,-0.05859375,0.52734375,-0.0029296875,44.34176470588236,306.2347826062445
0.78575,0.04351513671875,0.6187670898437501,1.001084082930777,-0.07373046875,0.728515625,0.0556640625,44.29470588235294,306.2347826062445
0.7779375,0.04595654296875,0.6124194335937501,0.9911389006547862,-0.08349609375,0.80517578125,-0.00537109375,44.53,306.1815162467395
0.7808671875,0.04693310546875,0.5948413085937501,0.9827474056504172,-0.080078125,0.79052734375,-0.0419921875,44.48294117647059,306.1815162467395
0.78526171875,0.04497998046875,0.5914233398437501,0.9840938636578876,-0.09228515625,0.6171875,-0.0341796875,44.388823529411766,306.1815162467395
0.783796875,0.04546826171875,0.6026538085937501,0.989745683039862,-0.05517578125,0.51708984375,-0.03125,44.53,306.1815162467395
0.7828203125,0.04693310546875,0.6046069335937501,0.99023224659732,-0.0791015625,0.49560546875,-0.03125,44.57705882352941,306.202187314883
0.78330859375,0.04449169921875,0.6104663085937501,0.9940930430649104,-0.09130859375,0.544921875,-0.044921875,44.48294117647059,306.202187314883
0.79014453125,0.04449169921875,0.6148608398437501,1.002178499039475,-0.11669921875,0.62158203125,0.005859375,44.53,306.202187314883
0.791609375,0.04253857421875,0.5987475585937501,0.9934553698110604,-0.1005859375,0.58447265625,0.0205078125,44.388823529411766,306.202187314883
0.78623828125,0.04449169921875,0.5987475585937501,0.9892667916817494,-0.1005859375,0.5693359375,0.06298828125,44.29470588235294,306.202187314883
0.779890625,0.04449169921875,0.6036303710937501,0.9872074367472324,-0.09326171875,0.53076171875,0.01806640625,44.53,306.2893205361179
0.77403125,0.04888623046875,0.6026538085937501,0.9821944066825866,-0.06494140625,0.60009765625,-0.06591796875,44.53,306.2893205361179
0.77647265625,0.05132763671875,0.6090014648437501,0.988143257011298,-0.06982421875,0.6328125,-0.1591796875,44.48294117647059,306.2893205361179
0.80967578125,0.04351513671875,0.6129077148437501,1.0164272255215503,-0.099609375,0.44970703125,-0.14599609375,44.53,306.2893205361179
0.80479296875,0.03667919921875,0.5782397460937501,0.9916644040033562,-0.072265625,0.48193359375,0.1591796875,44.48294117647059,305.8449180392641
0.82871875,0.06011669921875,0.6143725585937501,1.0333646137155803,-0.06982421875,0.25830078125,0.021484375,44.29470588235294,305.8449180392641
0.7535234375,0.05035107421875,0.6299975585937501,0.9834783807338542,0.03564453125,0.9130859375,-0.07275390625,44.48294117647059,305.8449180392641
0.7554765625,0.05328076171875,0.6368334960937501,0.9895153246934252,-0.2021484375,1.14111328125,-0.11328125,44.29470588235294,305.8449180392641
0.76084765625,0.05230419921875,0.5582202148437501,0.9451109424492108,-0.15380859375,1.00537109375,-0.2509765625,44.20058823529412,305.8449180392641
0.8257890625,0.04253857421875,0.5777514648437501,1.008728834310932,-0.07958984375,0.4560546875,-0.1044921875,44.29470588235294,305.95271904499657
0.82334765625,0.04839794921875,0.6065600585937501,1.023796283067194,-0.02978515625,0.27490234375,0.09716796875,44.53,305.95271904499657
0.79502734375,0.04009716796875,0.6382983398437501,1.0203435846990865,-0.0869140625,0.6904296875,0.24951171875,44.29470588235294,305.95271904499657
0.75108203125,0.05328076171875,0.6251147460937501,0.9786375749069772,-0.1298828125,1.22705078125,0.19189453125,44.34176470588236,305.95271904499657
0.7378984375,0.05865185546875,0.5850756835937501,0.9435293846762604,-0.18994140625,1.0224609375,-0.0791015625,44.53,306.3099913497401
0.78135546875,0.04986279296875,0.5753100585937501,0.97158856013609,-0.11083984375,0.46533203125,-0.1943359375,44.29470588235294,306.3099913497401
0.82334765625,0.04205029296875,0.5977709960937501,1.0183318486436728,-0.048828125,0.1650390625,-0.00341796875,44.20058823529412,306.3099913497401
0.81553515625,0.03814404296875,0.6280444335937501,1.0300448386656806,-0.0302734375,0.45849609375,0.212890625,44.388823529411766,306.3099913497401
0.7691484375,0.04790966796875,0.6368334960937501,0.999720739477058,-0.0849609375,0.92626953125,0.15576171875,44.48294117647059,306.3099913497401
0.75010546875,0.05621044921875,0.6099780273437501,0.9684477387511436,-0.1416015625,1.05078125,-0.05078125,44.53,306.0291946697958
0.78037890625,0.04546826171875,0.5797045898437501,0.973198855131664,-0.1318359375,0.865234375,-0.060546875,44.67117647058824,306.0291946697958
0.79991015625,0.04205029296875,0.5753100585937501,0.9862079642396938,-0.064453125,0.361328125,0.05322265625,44.48294117647059,306.0291946697958
0.795515625,0.04839794921875,0.6070483398437501,1.0018458753794288,-0.0185546875,0.2890625,0.1484375,44.53,306.0291946697958
0.76963671875,0.04742138671875,0.6221850585937501,0.990809625459858,-0.0673828125,0.52099609375,0.0751953125,44.29470588235294,306.35324029440136
0.7593828125,0.05669873046875,0.6119311523437501,0.9769016005544918,-0.10498046875,0.7705078125,-0.04541015625,44.48294117647059,306.35324029440136
0.7779375,0.04888623046875,0.5928881835937501,0.9793329442435752,-0.08984375,0.78271484375,-0.083984375,44.34176470588236,306.35324029440136
0.79307421875,0.04546826171875,0.5943530273437501,0.9921137033537678,-0.06640625,0.548828125,0.03515625,45.28294117647059,306.35324029440136
0.7886796875,0.04986279296875,0.6007006835937501,0.9926445783198238,-0.05126953125,0.34716796875,0.06201171875,44.53,306.35324029440136
0.7750078125,0.04937451171875,0.6124194335937501,0.9890058212603148,-0.05419921875,0.37890625,0.05615234375,44.48294117647059,306.2673780999008
0.77158984375,0.04742138671875,0.6133959960937501,0.9868405762433576,-0.0859375,0.51904296875,0.00927734375,44.48294117647059,306.2673780999008
0.7789140625,0.05474560546875,0.6055834960937501,0.9881475440537828,-0.10205078125,0.6484375,0.005859375,44.53,306.2673780999008
0.79014453125,0.04546826171875,0.6050952148437501,0.9962609909631166,-0.11328125,0.5673828125,0.00439453125,44.388823529411766,306.2673780999008
0.78721484375,0.04742138671875,0.6026538085937501,0.9925460247017356,-0.0712890625,0.4814453125,0.03271484375,44.48294117647059,306.11632567217254
0.78526171875,0.05035107421875,0.6085131835937501,0.9947157846423204,-0.06494140625,0.4609375,0.0517578125,44.29470588235294,306.11632567217254
0.78233203125,0.04937451171875,0.6090014648437501,0.9926550426553272,-0.107421875,0.46630859375,0.009765625,44.53,306.11632567217254
0.78623828125,0.05035107421875,0.6065600585937501,0.9942942070932472,-0.080078125,0.51806640625,-0.0263671875,44.48294117647059,306.11632567217254
0.78916796875,0.04302685546875,0.6114428710937501,0.99924960735739,-0.13623046875,0.60498046875,0.06494140625,44.29470588235294,306.11632567217254
0.78575,0.05035107421875,0.6026538085937501,0.991529074806954,-0.1044921875,0.515625,0.05859375,44.29470588235294,306.25736083689134
0.78184375,0.05279248046875,0.6046069335937501,0.9897556463884118,-0.10888671875,0.43017578125,0.02294921875,44.388823529411766,306.25736083689134
0.77549609375,0.04742138671875,0.6055834960937501,0.9850758093065564,-0.091796875,0.42041015625,0.02587890625,44.388823529411766,306.25736083689134
0.7769609375,0.05425732421875,0.6075366210937501,0.9877818087018349,-0.0810546875,0.4521484375,-0.0859375,44.53,306.25736083689134
0.76670703125,0.05572216796875,0.6046069335937501,0.9780052023997436,-0.02587890625,0.55615234375,-0.1943359375,44.53,306.4297217818892
0.80869921875,0.04839794921875,0.6109545898437501,1.0146932042477597,-0.18505859375,0.3603515625,-0.07275390625,44.48294117647059,306.4297217818892
0.82823046875,0.04693310546875,0.5865405273437501,1.0159715625801098,-0.10498046875,0.271484375,0.30615234375,44.29470588235294,306.4297217818892
0.82920703125,0.06206982421875,0.6124194335937501,1.0327122185760536,-0.02783203125,0.02490234375,0.048828125,44.29470588235294,306.4297217818892
0.74278125,0.03570263671875,0.6465991210937501,0.9854385252360714,-0.025390625,0.91259765625,0.0078125,44.29470588235294,306.4297217818892
0.73643359375,0.06841748046875,0.6129077148437501,0.960557784077678,-0.2578125,1.1435546875,-0.1396484375,44.48294117647059,305.99723468283383
0.7789140625,0.06402294921875,0.5548022460937501,0.9584422711137016,-0.1767578125,0.64501953125,-0.3408203125,44.059411764705885,305.99723468283383
0.84385546875,0.03863232421875,0.5899584960937501,1.030356994311692,-0.1044921875,0.18115234375,-0.0341796875,44.48294117647059,305.99723468283383
0.838484375,0.04058544921875,0.6163256835937501,1.0414223802399925,-0.07080078125,0.32177734375,0.30322265625,44.48294117647059,305.99723468283383
0.77158984375,0.04644482421875,0.6334155273437501,0.9993614155824811,-0.14013671875,0.8544921875,0.39892578125,44.29470588235294,306.0317358266472
0.7125078125,0.07037060546875,0.5967944335937501,0.9320852970388808,-0.20654296875,0.92578125,0.09912109375,44.34176470588236,306.0317358266472
0.74619921875,0.06060498046875,0.5806811523437501,0.9474580932199552,-0.1962890625,0.4462890625,-0.22802734375,44.48294117647059,306.0317358266472
0.82432421875,0.04156201171875,0.5865405273437501,1.0125549904338982,-0.14013671875,0.01513671875,-0.181640625,44.71823529411765,306.0317358266472
0.85362109375,0.03130810546875,0.6177905273437501,1.0541889322311524,-0.09375,0.19677734375,0.255859375,44.20058823529412,306.0317358266472
0.79746875,0.04888623046875,0.6314624023437501,1.0183766672158912,-0.1201171875,0.5888671875,0.4189453125,44.67117647058824,305.8600143937016
0.75010546875,0.05767529296875,0.6148608398437501,0.971616439775002,-0.171875,0.71240234375,0.16748046875,44.34176470588236,305.8600143937016
0.7535234375,0.06011669921875,0.5904467773437501,0.959186626920118,-0.1826171875,0.59765625,-0.078125,44.48294117647059,305.8600143937016
0.80088671875,0.03960888671875,0.5850756835937501,0.9926237734962498,-0.18359375,0.32763671875,-0.02880859375,44.48294117647059,305.8600143937016
0.822859375,0.04449169921875,0.5894702148437501,1.0131891217895597,-0.11474609375,0.25830078125,0.20703125,44.48294117647059,305.8700314565314
0.7906328125,0.04742138671875,0.6133959960937501,1.0018002196764748,-0.083984375,0.39794921875,0.220703125,44.48294117647059,305.8700314565314
0.7691484375,0.05425732421875,0.6177905273437501,0.9880274853543998,-0.14892578125,0.62255859375,0.11279296875,44.29470588235294,305.8700314565314
0.77451953125,0.05132763671875,0.5963061523437501,0.9788238135138824,-0.1337890625,0.7109375,-0.05908203125,44.388823529411766,305.8700314565314
0.78819140625,0.04156201171875,0.5777514648437501,0.9781461285685084,-0.11376953125,0.59619140625,-0.00390625,44.57705882352941,305.8700314565314
0.79307421875,0.04449169921875,0.5943530273437501,0.99206942743841,-0.08544921875,0.42138671875,0.1240234375,44.48294117647059,306.10630793294087
0.78819140625,0.04790966796875,0.6031420898437501,0.9936404831287394,-0.0859375,0.40869140625,0.0146484375,44.48294117647059,306.10630793294087
0.79307421875,0.04986279296875,0.6168139648437501,1.0059386073686774,-0.10205078125,0.57861328125,0.00048828125,44.34176470588236,306.10630793294087
0.79746875,0.04546826171875,0.6119311523437501,1.0062223935388424,-0.12841796875,0.7197265625,0.02978515625,44.53,306.10630793294087
0.7906328125,0.04449169921875,0.6002124023437501,0.9936471624416222,-0.11181640625,0.7197265625,0.05712890625,44.29470588235294,305.7948242175016
0.79014453125,0.04644482421875,0.5923999023437501,0.9886471292922856,-0.1103515625,0.65283203125,0.025390625,44.48294117647059,305.7948242175016
0.7867265625,0.04986279296875,0.6041186523437501,0.9931688317578936,-0.095703125,0.61572265625,0.05517578125,44.71823529411765,305.7948242175016
0.78233203125,0.04937451171875,0.6070483398437501,0.9914579852087878,-0.109375,0.6474609375,0.00048828125,44.34176470588236,305.7948242175016
0.79014453125,0.04644482421875,0.5982592773437501,0.992169171506986,-0.1240234375,0.64599609375,0.0244140625,44.29470588235294,305.7948242175016
0.787703125,0.04742138671875,0.5958178710937501,0.9887992397690156,-0.24951171875,0.611328125,0.052734375,44.53,306.04111760764164
0.78916796875,0.04790966796875,0.5992358398437501,0.9920509114652944,-0.12353515625,0.52880859375,0.05322265625,44.48294117647059,306.04111760764164
0.7867265625,0.05181591796875,0.6046069335937501,0.9935658597434032,-0.11376953125,0.513671875,0.0615234375,44.34176470588236,306.04111760764164
0.78916796875,0.04644482421875,0.6026538085937501,0.994049705804626,-0.1240234375,0.53662109375,0.083984375,44.57705882352941,306.04111760764164
0.783796875,0.04937451171875,0.6021655273437501,0.9896356430466756,-0.140625,0.51318359375,0.0302734375,44.48294117647059,305.99850474020667
0.7828203125,0.04839794921875,0.5943530273437501,0.9840759748433344,-0.138671875,0.46728515625,-0.017578125,44.48294117647059,305.99850474020667
0.77354296875,0.04107373046875,0.6065600585937501,0.9838551115476488,-0.099609375,0.4794921875,-0.1025390625,44.57705882352941,305.99850474020667
0.81455859375,0.03716748046875,0.6124194335937501,1.0197767828793034,-0.15625,0.3798828125,-0.0478515625,44.29470588235294,305.99850474020667
0.801375,0.04351513671875,0.5958178710937501,0.9995470940697792,-0.1435546875,0.4716796875,0.2109375,44.29470588235294,305.99850474020667
0.82041796875,0.05621044921875,0.5938647460937501,1.0143572322915846,-0.13916015625,0.19189453125,0.04931640625,44.48294117647059,305.9659098033384
0.7847734375,0.05035107421875,0.6143725585937501,0.9979269610715904,-0.05419921875,0.77490234375,0.02880859375,44.48294117647059,305.9659098033384
0.752546875,0.04839794921875,0.6221850585937501,0.9776417583645628,-0.21044921875,1.17138671875,0.14892578125,44.34176470588236,305.9659098033384
0.740828125,0.06402294921875,0.5494311523437501,0.9245538599689384,-0.24658203125,0.7958984375,-0.1240234375,44.53,305.9659098033384
0.78916796875,0.04156201171875,0.5650561523437501,0.9714946932539744,-0.11962890625,0.2216796875,-0.12060546875,44.53,305.9126439218363
0.8296953125,0.04253857421875,0.6031420898437501,1.026637337340759,-0.11572265625,-0.087890625,0.06591796875,44.48294117647059,305.9126439218363
0.8218828125,0.04351513671875,0.6295092773437501,1.0361789685514815,-0.1279296875,0.31396484375,0.236328125,44.29470588235294,305.9126439218363
0.78135546875,0.04351513671875,0.6309741210937501,1.00525532933639,-0.169921875,1.0087890625,0.328125,44.20058823529412,305.9126439218363
0.752546875,0.06011669921875,0.5875170898437501,0.9566175554816524,-0.240234375,1.0068359375,0.17578125,44.388823529411766,305.9126439218363
0.770125,0.05035107421875,0.5694506835937501,0.9591151272633393,-0.1748046875,0.3857421875,-0.09326171875,44.53,306.31126322678256
0.8199296875,0.04058544921875,0.46202880859375,0.9420204303000522,-0.10595703125,-0.01806640625,-0.0830078125,44.53,306.31126322678256
0.82627734375,0.03081982421875,0.6216967773437501,1.0345003592648163,-0.0673828125,0.27978515625,0.1806640625,44.53,306.31126322678256
0.7906328125,0.04497998046875,0.6177905273437501,1.0043846765658555,-0.12646484375,0.70458984375,0.25830078125,44.48294117647059,306.31126322678256
0.75987109375,0.04107373046875,0.6041186523437501,0.9716225998612164,-0.18505859375,0.87255859375,0.09423828125,44.48294117647059,306.03109987936494
0.7632890625,0.05328076171875,0.5782397460937501,0.9590673784797518,-0.19580078125,0.61669921875,-0.00732421875,44.57705882352941,306.03109987936494
0.7945390625,0.04790966796875,0.5689624023437501,0.9784200904540064,-0.115234375,0.220703125,-0.046875,44.34176470588236,306.03109987936494
0.80772265625,0.04107373046875,0.5923999023437501,1.0025171245674858,-0.0673828125,0.14208984375,0.05224609375,44.48294117647059,306.03109987936494
0.79307421875,0.04400341796875,0.6158374023437501,1.0050665268350911,-0.11083984375,0.38818359375,0.146484375,44.388823529411766,306.03109987936494
0.78037890625,0.04742138671875,0.6036303710937501,0.9877295430152192,-0.1513671875,0.6005859375,0.03173828125,44.48294117647059,305.8900672946677
0.7828203125,0.04888623046875,0.5836108398437501,0.9776497929090808,-0.12158203125,0.548828125,-0.0234375,44.48294117647059,305.8900672946677
0.79405078125,0.04742138671875,0.5894702148437501,0.9900709900355638,-0.08447265625,0.29833984375,-0.08056640625,44.48294117647059,305.8900672946677
0.803328125,0.04058544921875,0.5982592773437501,1.0024457182472124,-0.05810546875,0.255859375,-0.03955078125,44.48294117647059,305.8900672946677
0.80674609375,0.04497998046875,0.6104663085937501,1.012685327410214,-0.08544921875,0.42724609375,0.03173828125,44.34176470588236,306.0730773981626
0.7925859375,0.04400341796875,0.6080249023437501,0.999911521578691,-0.1083984375,0.66064453125,-0.1201171875,44.48294117647059,306.0730773981626
0.7945390625,0.04546826171875,0.5923999023437501,0.9921175983516208,-0.10595703125,0.69482421875,-0.01123046875,44.29470588235294,306.0730773981626
0.79112109375,0.04644482421875,0.5889819335937501,0.9873851451043504,-0.10205078125,0.61083984375,-0.02099609375,44.48294117647059,306.0730773981626
0.78965625,0.04839794921875,0.5884936523437501,0.9860142663782964,-0.07373046875,0.49169921875,-0.03271484375,44.48294117647059,306.0730773981626
0.78721484375,0.04449169921875,0.5982592773437501,0.9897478893372668,-0.087890625,0.47509765625,-0.0869140625,44.34176470588236,306.23605443738154
0.79014453125,0.04888623046875,0.6021655273437501,0.9946464528237672,-0.09912109375,0.55126953125,-0.0986328125,44.34176470588236,306.23605443738154
0.79746875,0.04839794921875,0.5992358398437501,0.9986903226067566,-0.11083984375,0.572265625,-0.06005859375,44.57705882352941,306.23605443738154
0.79698046875,0.04644482421875,0.5923999023437501,0.994119023840991,-0.1171875,0.55322265625,-0.0185546875,44.48294117647059,306.23605443738154
0.79502734375,0.04449169921875,0.5889819335937501,0.9904280421663074,-0.103515625,0.5166015625,-0.0634765625,44.48294117647059,306.20409493806403
0.7935625,0.04937451171875,0.5894702148437501,0.9897749330032822,-0.09130859375,0.51904296875,-0.03564453125,44.53,306.20409493806403
0.78721484375,0.04742138671875,0.5953295898437501,0.9881160451496545,-0.083984375,0.5341796875,-0.08544921875,44.48294117647059,306.20409493806403
0.7886796875,0.04742138671875,0.5889819335937501,0.9854766133669836,-0.09814453125,0.54150390625,-0.10009765625,44.29470588235294,306.20409493806403
0.78526171875,0.05230419921875,0.5875170898437501,0.9821140601012632,-0.0703125,0.5283203125,-0.15234375,44.388823529411766,306.20409493806403
0.79746875,0.03667919921875,0.5904467773437501,0.9929396596760104,-0.06103515625,0.4140625,-0.17529296875,44.20058823529412,305.9878515566653
0.81553515625,0.03912060546875,0.5943530273437501,1.0098928329108163,-0.19091796875,0.33251953125,0.0283203125,44.48294117647059,305.9878515566653
0.83506640625,0.06499951171875,0.5850756835937501,1.0217017152298706,-0.10009765625,0.37353515625,0.0283203125,44.29470588235294,305.9878515566653
0.79405078125,0.04253857421875,0.6031420898437501,0.9980513784577352,-0.01416015625,0.74658203125,-0.02294921875,44.48294117647059,305.9878515566653
0.764265625,0.05083935546875,0.6241381835937501,0.9880460808286344,-0.16748046875,1.09375,0.04296875,44.34176470588236,306.10630793294087
0.74912890625,0.05914013671875,0.5616381835937501,0.9381519723482548,-0.2412109375,0.994140625,-0.13916015625,44.48294117647059,306.10630793294087
0.791609375,0.04790966796875,0.5474780273437501,0.9636767763607104,-0.0888671875,0.396484375,-0.203125,44.48294117647059,306.10630793294087
0.83799609375,0.04107373046875,0.5909350585937501,1.0262206136840544,-0.08740234375,0.03857421875,0.015625,44.48294117647059,306.10630793294087
0.8277421875,0.04400341796875,0.6241381835937501,1.0376135610042514,-0.1103515625,0.255859375,0.21923828125,44.48294117647059,306.10630793294087
0.78135546875,0.04205029296875,0.6251147460937501,1.0015253573765088,-0.1650390625,1.04833984375,0.3115234375,44.388823529411766,306.31189982338674
0.744734375,0.05816357421875,0.5850756835937501,0.9488550185382564,-0.2080078125,1.06884765625,0.09130859375,44.15352941176471,306.31189982338674
0.76963671875,0.05523388671875,0.5650561523437501,0.9563889984686408,-0.166015625,0.41845703125,-0.18603515625,44.29470588235294,306.31189982338674
0.811140625,0.04790966796875,0.5714038085937501,0.9933512783933534,-0.0654296875,0.00439453125,-0.14599609375,44.48294117647059,306.31189982338674
0.83408984375,0.03130810546875,0.6182788085937501,1.0387274666971356,-0.03564453125,0.248046875,0.11572265625,44.29470588235294,305.93395023445925
0.79698046875,0.05132763671875,0.6153491210937501,1.008199848587051,-0.10302734375,0.74169921875,0.2197265625,44.48294117647059,305.93395023445925
0.775984375,0.05425732421875,0.6046069335937501,0.9852132518521848,-0.146484375,0.869140625,0.05224609375,44.34176470588236,305.93395023445925
0.77842578125,0.05328076171875,0.5767749023437501,0.9702859498403784,-0.14111328125,0.63037109375,-0.0244140625,44.29470588235294,305.93395023445925
0.79991015625,0.05035107421875,0.5733569335937501,0.9854591123161374,-0.095703125,0.22802734375,-0.00634765625,44.29470588235294,305.93395023445925
0.8091875,0.04790966796875,0.5938647460937501,1.004865704009307,-0.04443359375,0.2041015625,0.05419921875,44.53,306.3012466691192
0.799421875,0.04400341796875,0.6109545898437501,1.0071132736056023,-0.09033203125,0.4814453125,0.09521484375,44.20058823529412,306.3012466691192
0.78721484375,0.04937451171875,0.6002124023437501,0.9911609256599342,-0.11572265625,0.791015625,0.01953125,44.48294117647059,306.3012466691192
0.79405078125,0.04986279296875,0.5801928710937501,0.984696252148036,-0.10546875,0.697265625,-0.0400390625,44.48294117647059,306.3012466691192
0.79600390625,0.05035107421875,0.5738452148437501,0.9825760937654194,-0.06884765625,0.47021484375,-0.03759765625,44.34176470588236,306.2366910110281
0.81065234375,0.04937451171875,0.5909350585937501,1.0043900180258822,-0.04736328125,0.36181640625,-0.0439453125,44.388823529411766,306.2366910110281
0.80381640625,0.04546826171875,0.6055834960937501,1.0074321557909092,-0.05615234375,0.5498046875,-0.0185546875,44.53,306.2366910110281
0.79698046875,0.04644482421875,0.6041186523437501,1.0011465104445547,-0.091796875,0.80419921875,-0.015625,44.34176470588236,306.2366910110281
0.79502734375,0.05181591796875,0.5919116210937501,0.9925284549326312,-0.09228515625,0.84765625,-0.02197265625,44.48294117647059,306.2366910110281
0.79502734375,0.04937451171875,0.5787280273437501,0.9845976078331868,-0.08984375,0.69091796875,-0.0185546875,44.388823529411766,306.1501927623326
0.79307421875,0.05328076171875,0.5840991210937501,0.9863961370959156,-0.060546875,0.5458984375,-0.01513671875,44.53,306.1501927623326
0.7906328125,0.04693310546875,0.6046069335937501,0.9964198436102316,-0.06298828125,0.5869140625,-0.0439453125,44.29470588235294,306.1501927623326
0.795515625,0.05376904296875,0.5958178710937501,0.995356797894908,-0.076171875,0.6689453125,-0.02294921875,44.53,306.1501927623326
0.79746875,0.04839794921875,0.5850756835937501,0.9902587158151334,-0.1064453125,0.69384765625,0.00390625,44.48294117647059,306.2034586249501
0.79405078125,0.05083935546875,0.5875170898437501,0.9890791748523888,-0.09521484375,0.6396484375,-0.00341796875,44.34176470588236,306.2034586249501
0.7925859375,0.04839794921875,0.5958178710937501,0.992740532730493,-0.07421875,0.60400390625,0.01904296875,44.48294117647059,306.2034586249501
0.787703125,0.04937451171875,0.5831225585937501,0.9812981065319304,-0.07958984375,0.52880859375,0.00390625,44.48294117647059,306.2034586249501
0.791609375,0.04986279296875,0.5904467773437501,0.9888170192640068,-0.0576171875,0.55810546875,-0.03369140625,44.20058823529412,306.2034586249501
0.79112109375,0.05376904296875,0.5919116210937501,0.9895064740282414,-0.064453125,0.5966796875,-0.0361328125,44.29470588235294,305.858107649291
0.783796875,0.05767529296875,0.5889819335937501,0.9821220386380856,-0.056640625,0.6123046875,-0.12109375,44.48294117647059,305.858107649291
0.78428515625,0.04742138671875,0.6002124023437501,0.988740068046032,-0.02880859375,0.6298828125,-0.181640625,44.53,305.858107649291
0.83213671875,0.05621044921875,0.5899584960937501,1.0215978467119973,-0.17431640625,0.35595703125,0.02783203125,44.34176470588236,305.858107649291
0.8336015625,0.05572216796875,0.5801928710937501,1.017162864379932,-0.04248046875,0.34130859375,0.2119140625,44.53,306.4848990765357
0.8062578125,0.04986279296875,0.6080249023437501,1.0110550134439056,-0.00927734375,0.3759765625,-0.037109375,44.53,306.4848990765357
0.75108203125,0.04546826171875,0.6431811523437501,0.989885637445349,-0.080078125,1.37109375,-0.0048828125,44.34176470588236,306.4848990765357
0.75303515625,0.07037060546875,0.5762866210937501,0.9508523746166656,-0.25048828125,1.10791015625,-0.2021484375,44.48294117647059,306.4848990765357
0.7867265625,0.04693310546875,0.5416186523437501,0.9562908370881044,-0.115234375,0.57861328125,-0.2109375,44.48294117647059,306.4848990765357
0.84385546875,0.04253857421875,0.5772631835937501,1.0232958348242398,-0.07373046875,0.12451171875,-0.03125,44.48294117647059,305.9452389557741
0.82725390625,0.04107373046875,0.6216967773437501,1.035636499791364,-0.05517578125,0.3125,0.26171875,44.34176470588236,305.9452389557741
0.78037890625,0.05035107421875,0.6251147460937501,1.0011467993150565,-0.138671875,0.91748046875,0.35302734375,44.53,305.9452389557741
0.7281328125,0.06109326171875,0.5987475585937501,0.9446737099065328,-0.2138671875,1.06201171875,0.09228515625,44.29470588235294,305.9452389557741
0.75889453125,0.07281201171875,0.5499194335937501,0.9400180221973192,-0.20166015625,0.39013671875,-0.21923828125,44.48294117647059,305.9665452295653
0.8160234375,0.04839794921875,0.5640795898437501,0.9931879961599366,-0.09130859375,-0.07373046875,-0.1435546875,44.34176470588236,305.9665452295653
0.8531328125,0.03374951171875,0.6036303710937501,1.045631029671649,-0.0791015625,-0.04931640625,0.1806640625,44.388823529411766,305.9665452295653
0.818953125,0.04790966796875,0.6124194335937501,1.0237368411244323,-0.08056640625,0.46240234375,0.35302734375,44.48294117647059,305.9665452295653
0.775984375,0.05572216796875,0.6212084960937501,0.9955685339876592,-0.16748046875,0.80322265625,0.18408203125,44.29470588235294,305.9665452295653
0.7652421875,0.05669873046875,0.5865405273437501,0.9658364984733376,-0.173828125,0.80810546875,-0.0205078125,44.48294117647059,305.8368012856713
0.80479296875,0.04937451171875,0.5655444335937501,0.9848705860801098,-0.1513671875,0.36669921875,-0.01171875,44.48294117647059,305.8368012856713
0.8218828125,0.05083935546875,0.5772631835937501,1.005638494032612,-0.0732421875,0.19091796875,0.10205078125,44.388823529411766,305.8368012856713
0.80772265625,0.04253857421875,0.6133959960937501,1.015125641356755,-0.0869140625,0.36083984375,0.16455078125,44.48294117647059,305.8368012856713
0.78233203125,0.05523388671875,0.6041186523437501,0.9899765327882472,-0.12060546875,0.62744140625,0.09423828125,44.48294117647059,305.77224733546234
0.7808671875,0.05181591796875,0.5860522460937501,0.977699181251899,-0.140625,0.7685546875,-0.00439453125,44.34176470588236,305.77224733546234
0.79405078125,0.05376904296875,0.5635913085937501,0.9752142925059734,-0.1015625,0.57373046875,0.0,44.48294117647059,305.77224733546234
0.79893359375,0.05035107421875,0.5762866210937501,0.9863753786205957,-0.0625,0.29638671875,0.0166015625,44.388823529411766,305.77224733546234
0.80088671875,0.05328076171875,0.5855639648437501,0.993550971396538,-0.06396484375,0.3271484375,0.0146484375,44.53,305.77224733546234
0.801375,0.05035107421875,0.6036303710937501,1.0045430534361186,-0.0869140625,0.56005859375,0.03271484375,44.48294117647059,306.0317358266472
0.80381640625,0.04790966796875,0.5919116210937501,0.999387571679462,-0.12353515625,0.658203125,0.0458984375,44.29470588235294,306.0317358266472
0.8003984375,0.04937451171875,0.5806811523437501,0.9900838862678112,-0.091796875,0.66162109375,0.04736328125,44.48294117647059,306.0317358266472
0.7984453125,0.05328076171875,0.5880053710937501,0.9930277302561352,-0.0703125,0.5751953125,0.0615234375,44.53,306.0317358266472
0.79112109375,0.05572216796875,0.5840991210937501,0.9849615871910056,-0.078125,0.5439453125,0.04931640625,44.29470588235294,306.10821715979694
0.79209765625,0.04693310546875,0.5914233398437501,0.9896479072567272,-0.0888671875,0.56640625,0.03271484375,44.48294117647059,306.10821715979694
0.7984453125,0.04986279296875,0.5870288085937501,0.9922721588832696,-0.1171875,0.53369140625,0.017578125,44.20058823529412,306.10821715979694
0.79893359375,0.05181591796875,0.5787280273437501,0.9878794998431856,-0.1025390625,0.4931640625,0.00830078125,44.388823529411766,306.10821715979694
