AccX,AccY,AccZ,Magnitude,GyroX,GyroY,GyroZ,Temperature,Altitude
0.06794287109375,0.9828662109375,-0.0805126953124999,0.98849608822776,0.88916015625,0.998046875,0.33642578125,32.388823529411766,326.95370490868345
0.20368505859375,1.0082568359375,-0.2118603515624999,1.050216291472011,0.89208984375,1.3193359375,0.56640625,32.43588235294118,326.95370490868345
0.10407568359375,1.1313037109375,-0.2152783203124999,1.156297794468638,0.9326171875,1.35986328125,0.73876953125,32.341764705882355,326.95370490868345
0.11481787109375,1.0204638671875,-0.2108837890624999,1.0483327812517955,0.9521484375,1.05859375,0.771484375,32.48294117647059,326.95370490868345
0.13239599609375,1.0365771484375,-0.2455517578124999,1.0734600831932612,1.04443359375,0.658203125,0.5478515625,32.43588235294118,326.95370490868345
0.13141943359375,1.0292529296875,-0.2377392578124999,1.0644964140388835,1.107421875,0.341796875,0.07568359375,32.341764705882355,326.95370490868345
0.11774755859375,0.8920458984375,-0.2226025390624999,0.926910061910554,1.23583984375,-0.1201171875,-0.30224609375,32.48294117647059,327.431016566799
0.11530615234375,0.9931201171875,-0.2514111328124999,1.0309173747846616,1.20458984375,-0.40283203125,-0.46142578125,32.388823529411766,327.431016566799
0.0371811523437499,0.9633349609375,-0.2201611328124999,0.988871887281334,1.0283203125,-0.529296875,0.080078125,32.388823529411766,327.431016566799
0.08747412109375,1.0028857421875,-0.2279736328124999,1.032183855232112,1.19580078125,-0.66748046875,-0.03466796875,32.48294117647059,327.431016566799
0.0596420898437499,0.9779833984375,-0.2230908203124999,1.004877216682713,0.955078125,-0.70947265625,-0.1015625,32.43588235294118,327.431016566799
0.08161474609375,1.0224169921875,-0.0810009765624999,1.0288627852623304,1.1044921875,-0.783203125,-0.1376953125,32.388823529411766,327.431016566799
-0.04094384765625,1.0492724609375,-0.1913525390624999,1.0673635229613203,1.12841796875,-0.6396484375,-0.75,32.43588235294118,327.431016566799
0.0542709960937499,1.0414599609375,-0.1815869140624999,1.0585641211620995,1.1943359375,-0.60009765625,-0.857421875,32.43588235294118,327.431016566799
0.0381577148437499,1.0170458984375,-0.1986767578124999,1.036971949874019,1.10107421875,-0.5283203125,-0.8583984375,32.388823529411766,326.9782018521876
0.0430405273437499,1.0258349609375,-0.2128369140624999,1.0485654038081356,1.099609375,-0.46484375,-0.72265625,32.388823529411766,326.9782018521876
0.06550146484375,1.0478076171875,-0.2040478515624999,1.069498373191888,1.29248046875,-0.51220703125,-0.90966796875,32.43588235294118,326.9782018521876
0.07966162109375,1.0297412109375,-0.2367626953124999,1.0596081866755998,1.31982421875,-0.6025390625,-1.009765625,32.48294117647059,326.9782018521876
0.06598974609375,1.0116748046875,-0.2230908203124999,1.0380799926483089,1.17919921875,-0.75244140625,-1.1376953125,32.43588235294118,326.9782018521876
0.08649755859375,1.0238818359375,-0.2753369140624999,1.0637792336057728,1.1162109375,-1.0859375,-1.60595703125,32.43588235294118,326.9782018521876
0.12458349609375,1.0351123046875,-0.2689892578124999,1.0767236189630691,0.73681640625,-1.37109375,-2.36767578125,32.388823529411766,326.9782018521876
0.11237646484375,1.0243701171875,-0.2572705078124999,1.0621443974467937,0.82861328125,-1.20703125,-3.0146484375,32.43588235294118,326.9782018521876
0.06501318359375,1.0316943359375,-0.2245556640624999,1.0578493102087196,1.23779296875,-0.89208984375,-3.53076171875,32.43588235294118,326.86388414070296
-0.00969384765625,0.9975146484375,-0.2387158203124999,1.0257264193717748,1.5166015625,-0.5029296875,-3.5732421875,32.43588235294118,326.86388414070296
-0.03166650390625,1.0043505859375,-0.2533642578124999,1.036299336137741,1.96875,-0.35693359375,-3.439453125,32.388823529411766,326.86388414070296
-0.01408837890625,0.9950732421875,-0.2299267578124999,1.0213890315134175,2.435546875,0.2919921875,-3.41162109375,32.388823529411766,326.86388414070296
-0.04680322265625,0.9882373046875,-0.1703564453124999,1.003904791544764,3.09423828125,0.875,-2.904296875,32.388823529411766,326.86388414070296
-0.01457666015625,0.9286669921875,-0.2435986328124999,0.9601953735089584,3.5791015625,0.86572265625,-2.2255859375,32.43588235294118,326.86388414070296
0.10456396484375,0.8417529296875,-0.3544384765624999,0.9192976944653348,3.21044921875,-0.95458984375,-1.4111328125,32.388823529411766,326.86388414070296
0.10993505859375,0.8290576171875,-0.3998486328124999,0.9269849938842872,2.42138671875,-3.22314453125,-0.4189453125,32.388823529411766,326.86388414070296
0.07868505859375,0.8129443359375,-0.4603955078124999,0.9375680537394044,1.6611328125,-5.51611328125,0.63427734375,32.48294117647059,326.39051567543737
0.0484116210937499,0.8817919921875,-0.4325634765624999,0.983367664609103,1.39208984375,-7.31396484375,1.3349609375,32.341764705882355,326.39051567543737
0.0503647460937499,0.9433154296875,-0.4076611328124999,1.0288674388576846,1.2490234375,-8.4267578125,0.880859375,32.388823529411766,326.39051567543737
0.0220444335937499,0.9672412109375,-0.3446728515624999,1.0270544736247127,0.6806640625,-8.45947265625,-0.23828125,32.43588235294118,326.39051567543737
-0.03752587890625,0.9643115234375,-0.2870556640624999,1.0068296082716288,0.150390625,-7.76806640625,-1.177734375,32.388823529411766,326.39051567543737
-0.14397119140625,0.9530810546875,-0.2279736328124999,0.9904863340889166,-0.16162109375,-6.44384765625,-1.72265625,32.43588235294118,326.39051567543737
-0.20500634765625,0.9125537109375,-0.1869580078124999,0.9538003850965758,-0.181640625,-4.744140625,-1.8671875,32.43588235294118,326.39051567543737
-0.24553369140625,0.8959521484375,-0.1781689453124999,0.9459181883118224,-0.173828125,-3.13427734375,-1.70849609375,32.388823529411766,326.39051567543737
-0.26262353515625,0.8754443359375,-0.2069775390624999,0.9371305182413948,-0.41259765625,-1.62060546875,-0.9033203125,32.43588235294118,326.8139791120283
-0.27043603515625,0.8832568359375,-0.2157666015624999,0.9485955480030396,-0.55078125,-0.6044921875,-0.23779296875,32.341764705882355,326.8139791120283
-0.24211572265625,0.8998583984375,-0.2133251953124999,0.955966944695776,-0.56982421875,0.02294921875,0.65283203125,32.388823529411766,326.8139791120283
-0.16789697265625,0.9257373046875,-0.2211376953124999,0.9664785724501784,-0.59814453125,0.1552734375,1.41650390625,32.341764705882355,326.8139791120283
-0.06340478515625,0.9291552734375,-0.2401806640624999,0.9617881473208792,-0.72119140625,-0.20751953125,1.79931640625,32.388823529411766,326.8139791120283
0.0230209960937499,0.9340380859375,-0.2694775390624999,0.972406939661641,-0.8974609375,-0.4658203125,1.62109375,32.43588235294118,326.8139791120283
0.0357163085937499,0.9608935546875,-0.3031689453124999,1.0082179762042716,-1.0166015625,-0.4404296875,1.083984375,32.341764705882355,326.8139791120283
-0.02092431640625,0.9916552734375,-0.3461376953124999,1.0505376302016605,-1.26123046875,-0.36767578125,0.7646484375,32.43588235294118,326.8139791120283
-0.11467431640625,0.9760302734375,-0.3803173828124999,1.0537678136947777,-1.79541015625,-0.384765625,0.736328125,32.43588235294118,326.80345370465443
-0.17815087890625,0.9555224609375,-0.3895947265624999,1.047160427048518,-2.2001953125,-0.91748046875,0.66064453125,32.341764705882355,326.80345370465443
-0.15813134765625,0.9174365234375,-0.3529736328124999,0.9956333075532988,-2.61376953125,-1.93310546875,0.33447265625,32.388823529411766,326.80345370465443
-0.15715478515625,0.9022998046875,-0.3339306640624999,0.9748601194211556,-2.89453125,-2.974609375,0.0732421875,32.48294117647059,326.80345370465443
-0.13420556640625,0.8817919921875,-0.2948681640624999,0.939422953582683,-3.06396484375,-3.81689453125,-0.2314453125,32.388823529411766,326.80345370465443
-0.11174462890625,0.8568896484375,-0.2206494140624999,0.891870447775271,-3.02197265625,-4.568359375,-0.42431640625,32.43588235294118,326.80345370465443
-0.11125634765625,0.8256396484375,-0.1776806640624999,0.8518387302462233,-2.849609375,-5.18408203125,-0.423828125,32.388823529411766,326.80345370465443
-0.12688134765625,0.8241748046875,-0.1483837890624999,0.8469833138387612,-2.61328125,-5.46826171875,-0.0537109375,32.388823529411766,326.80345370465443
-0.04680322265625,0.8481005859375,-0.1215283203124999,0.8580409536592755,-2.35888671875,-5.4013671875,0.71142578125,32.341764705882355,326.7699121954374
-0.21916650390625,0.8813037109375,-0.0995556640624999,0.913587170221661,-2.23974609375,-5.1865234375,1.41650390625,32.43588235294118,326.7699121954374
-0.22356103515625,0.9218310546875,-0.0697705078124999,0.9511151105869452,-2.25830078125,-4.9365234375,2.13720703125,32.388823529411766,326.7699121954374
-0.21379541015625,0.9662646484375,-0.0390087890624999,0.9904027129648058,-2.26806640625,-4.7685546875,2.7353515625,32.29470588235294,326.7699121954374
-0.18498681640625,1.0004443359375,-0.0155712890624999,1.017522214301296,-2.3330078125,-4.6201171875,2.70361328125,32.341764705882355,326.7699121954374
-0.28850244140625,1.0038623046875,0.0005419921875,1.0444967588391056,-2.466796875,-4.06396484375,2.462890625,32.43588235294118,326.7699121954374
-0.17766259765625,0.9975146484375,0.0083544921875,1.013246894884493,-2.513671875,-3.40771484375,1.9228515625,32.48294117647059,326.7699121954374
-0.16154931640625,1.0043505859375,0.0283740234375,1.0176558191797254,-2.6728515625,-2.80078125,1.51708984375,32.43588235294118,326.7699121954374
-0.16106103515625,0.9940966796875,0.0234912109375,1.0073334614727265,-2.74755859375,-2.14892578125,1.40771484375,32.43588235294118,326.7699121954374
-0.13322900390625,0.9677294921875,0.0078662109375,0.9768890493837268,-2.90087890625,-1.58056640625,1.345703125,32.24764705882353,326.9223795334613
-0.12541650390625,0.9774951171875,-0.0175244140624999,0.9856637908869864,-3.09228515625,-1.11328125,1.3671875,32.388823529411766,326.9223795334613
-0.09709619140625,1.0199755859375,-0.0360791015624999,1.025221716441718,-3.2568359375,-0.4521484375,1.47802734375,32.388823529411766,326.9223795334613
-0.07317041015625,1.0458544921875,-0.0272900390624999,1.048766072097701,-3.330078125,-0.1533203125,1.5556640625,32.341764705882355,326.9223795334613
-0.03117822265625,1.0585498046875,-0.0434033203124999,1.059897928475236,-3.33984375,-0.228515625,1.517578125,32.388823529411766,326.9223795334613
-0.00334619140625,1.0565966796875,-0.0570751953124999,1.0581423904387994,-3.34765625,-0.8125,1.41357421875,32.43588235294118,326.9223795334613
7.177734374999578e-05,1.0429248046875,-0.0668408203124999,1.0450645188908172,-3.37451171875,-1.6162109375,1.31103515625,32.48294117647059,326.9223795334613
-0.01262353515625,1.1293505859375,-0.0604931640624999,1.1310400180787186,-3.5341796875,-2.548828125,1.2177734375,32.388823529411766,326.66308633858927
-0.00432275390625,0.9901904296875,-0.0560986328124999,0.9917876939393238,-3.72314453125,-3.3466796875,1.10400390625,32.388823529411766,326.66308633858927
-0.00676416015625,0.9657763671875,-0.0502392578124999,0.9671058516553682,-4.0634765625,-3.8017578125,0.9345703125,32.43588235294118,326.66308633858927
-0.01652978515625,0.9594287109375,-0.0336376953124999,0.9601604968516676,-4.33056640625,-4.17919921875,0.796875,32.48294117647059,326.66308633858927
0.0078842773437499,0.9716357421875,-0.0048291015624999,0.9716797299251376,-4.40966796875,-4.1083984375,0.59619140625,32.388823529411766,326.66308633858927
0.0220444335937499,0.9838427734375,0.0049365234375,0.9841020928548574,-4.38232421875,-3.90380859375,0.51318359375,32.341764705882355,326.66308633858927
0.0098374023437499,0.9853076171875,0.0064013671875,0.9853775177435556,-4.40966796875,-3.42333984375,0.67041015625,32.341764705882355,326.66308633858927
0.0352280273437499,0.9740771484375,0.0181201171875,0.9748823742716616,-4.33837890625,-2.8173828125,0.86572265625,32.43588235294118,326.69426779070983
0.06696630859375,0.9618701171875,0.0352099609375,0.9648411009975624,-4.21826171875,-2.74609375,1.22119140625,32.388823529411766,326.69426779070983
0.09772802734375,0.9555224609375,0.0576708984375,0.9622369111664474,-4.1513671875,-3.1865234375,1.59130859375,32.43588235294118,326.69426779070983
0.14997412109375,0.9691943359375,0.0952685546875,0.985345622268359,-4.0947265625,-3.75732421875,1.869140625,32.43588235294118,326.69426779070983
0.19001318359375,1.0014208984375,0.1548388671875,1.0309820078734206,-4.107421875,-4.77880859375,2.05517578125,32.341764705882355,326.69426779070983
0.22468115234375,1.0297412109375,0.2388232421875,1.080687338100384,-4.11083984375,-5.63427734375,2.01416015625,32.341764705882355,326.69426779070983
0.22175146484375,1.0688037109375,0.3076708984375,1.134097203249994,-3.95751953125,-6.34423828125,1.9482421875,32.388823529411766,326.69426779070983
0.18122412109375,1.0971240234375,0.3926318359375,1.179272260108556,-3.66015625,-6.35546875,1.84716796875,32.341764705882355,326.69426779070983
0.12263037109375,1.1151904296875,0.4785693359375,1.2197198496707518,-3.47705078125,-5.69921875,1.8603515625,32.341764705882355,326.65020147297054
0.08259130859375,1.1068896484375,0.5107958984375001,1.2218586120881143,-3.23681640625,-4.470703125,1.611328125,32.48294117647059,326.65020147297054
0.0308334960937499,1.0751513671875,0.4277880859375,1.1575421432140531,-2.958984375,-2.75732421875,1.1591796875,32.341764705882355,326.65020147297054
0.0200913085937499,1.0663623046875,0.5527880859375001,1.2012938414450858,-3.01953125,-1.32373046875,0.845703125,32.43588235294118,326.65020147297054
0.0493881835937499,1.0497607421875,0.5386279296875001,1.180913568029508,-3.01708984375,0.2626953125,0.04931640625,32.388823529411766,326.65020147297054
0.0586655273437499,1.0331591796875,0.5230029296875001,1.1594790205660368,-3.45263671875,1.1435546875,-0.2724609375,32.388823529411766,326.65020147297054
0.07136083984375,1.0116748046875,0.4854052734375,1.1243649582691693,-3.62646484375,1.6201171875,-0.66552734375,32.43588235294118,326.65020147297054
-0.03508447265625,1.0028857421875,0.4634326171875,1.1053418126433994,-3.76708984375,1.41162109375,-0.8115234375,32.53,327.1282638808425
0.08356787109375,1.0263232421875,0.4526904296875,1.1248340373868746,-3.6259765625,1.23828125,-0.810546875,32.43588235294118,327.1282638808425
0.09186865234375,1.0585498046875,0.4302294921875,1.1463267222896425,-3.46630859375,0.958984375,-0.71630859375,32.53,327.1282638808425
0.11628271484375,1.1166552734375,0.4375537109375,1.2049456084912662,-3.41357421875,0.4072265625,-0.64111328125,32.53,327.1282638808425
0.16852880859375,1.1356982421875,0.4443896484375,1.2311354987458574,-3.46923828125,-0.09423828125,-1.04345703125,32.53,327.1282638808425
0.17487646484375,1.1122607421875,0.4839404296875,1.2255219606575225,-3.408203125,-0.52099609375,-1.35302734375,32.388823529411766,327.1282638808425
0.16706396484375,1.0522021484375,0.5269091796875001,1.1885592173571995,-3.265625,-1.02001953125,-1.53759765625,32.43588235294118,327.1282638808425
0.15632177734375,0.9882373046875,0.5703662109375001,1.151680113150837,-3.10009765625,-1.18798828125,-1.61328125,32.48294117647059,327.1282638808425
0.16852880859375,0.9599169921875,0.5923388671875001,1.1404858284070418,-3.0380859375,-1.12744140625,-1.68798828125,32.43588235294118,327.1282638808425
0.16511083984375,0.9325732421875,0.6147998046875001,1.1291294174370812,-3.0712890625,-0.8974609375,-1.796875,32.43588235294118,326.83620975089934
0.14850927734375,0.9130419921875,0.6191943359375001,1.113149725154691,-3.22216796875,-0.52587890625,-1.8818359375,32.388823529411766,326.83620975089934
0.12507177734375,0.9110888671875,0.6104052734375001,1.1037755529278748,-3.36474609375,-0.1630859375,-2.2041015625,32.388823529411766,326.83620975089934
0.11091162109375,0.9071826171875,0.5996630859375001,1.093104526226514,-3.45703125,0.0732421875,-2.36474609375,32.29470588235294,326.83620975089934
0.08747412109375,0.7636279296875,0.5889208984375001,0.9683011729190324,-3.5390625,0.201171875,-2.33154296875,32.388823529411766,326.83620975089934
0.07087255859375,0.8847216796875,0.5772021484375001,1.058734003530425,-3.6552734375,0.0908203125,-2.1796875,32.53,326.83620975089934
0.07966162109375,0.8647021484375,0.4336474609375,0.9706213987777385,-3.8017578125,-0.13525390625,-2.05615234375,32.43588235294118,326.83620975089934
0.09577490234375,0.8397998046875,0.5591357421875001,1.013444286610608,-3.92333984375,-0.4658203125,-1.99658203125,32.48294117647059,326.83620975089934
0.08649755859375,0.7978076171875,0.5635302734375001,0.9805841069309758,-4.10888671875,-0.794921875,-1.9326171875,32.388823529411766,326.7496476906398
0.07233740234375,0.7709521484375,0.5732958984375001,0.9634667104386632,-4.2587890625,-1.01806640625,-1.88623046875,32.48294117647059,326.7496476906398
0.0537827148437499,0.7489794921875,0.5845263671875001,0.95159546765988,-4.4677734375,-1.16552734375,-1.80908203125,32.341764705882355,326.7496476906398
0.0220444335937499,0.7431201171875,0.5986865234375001,0.9545360228754666,-4.74951171875,-1.19287109375,-1.65625,32.388823529411766,326.7496476906398
0.0088608398437499,0.7426318359375,0.6152880859375001,0.9644480218898636,-4.712890625,-1.15087890625,-1.56640625,32.341764705882355,326.7496476906398
-0.00041650390625,0.7563037109375,0.6372607421875001,0.9889877300486092,-4.693359375,-1.09326171875,-1.53955078125,32.43588235294118,326.7496476906398
-0.01018212890625,0.7602099609375,0.6509326171875001,1.0008676898452795,-4.6396484375,-1.0341796875,-1.61962890625,32.388823529411766,326.7496476906398
-0.01555322265625,0.7812060546875,0.6709521484375001,1.0299036790439684,-4.61865234375,-0.916015625,-1.4169921875,32.43588235294118,326.7496476906398
-0.01164697265625,0.7753466796875,0.6909716796875001,1.0386240839710257,-4.29052734375,-0.73779296875,-1.408203125,32.43588235294118,326.7496476906398
-0.00871728515625,0.8861865234375,0.6865771484375001,1.121066780410207,-4.07568359375,-0.51904296875,-1.37353515625,32.43588235294118,326.836603577453
-0.00236962890625,0.7602099609375,0.6772998046875001,1.0181649302934543,-3.94580078125,-0.36376953125,-1.36474609375,32.48294117647059,326.836603577453
-0.00090478515625,0.7397021484375,0.6807177734375001,1.0052545817418292,-3.81884765625,-0.2060546875,-1.38818359375,32.388823529411766,326.836603577453
0.0088608398437499,0.7182177734375,0.6758349609375001,0.9862394126121958,-3.7177734375,-0.0673828125,-1.470703125,32.388823529411766,326.836603577453
0.0083725585937499,0.6986865234375,0.6724169921875001,0.9697306683574932,-3.6064453125,0.146484375,-1.53271484375,32.43588235294118,326.836603577453
0.0122788085937499,0.6815966796875,0.6675341796875001,0.9541104149691324,-3.47265625,0.32373046875,-1.55712890625,32.388823529411766,326.836603577453
0.0137436523437499,0.6645068359375,0.6646044921875001,0.9399241214179036,-3.42822265625,0.365234375,-1.537109375,32.43588235294118,326.836603577453
0.0200913085937499,0.6474169921875,0.6621630859375001,0.9262895739629112,-3.43701171875,0.34814453125,-1.59033203125,32.43588235294118,326.836603577453
0.0039780273437499,0.6293505859375,0.6685107421875001,0.9181528179674144,-3.3662109375,0.2607421875,-1.56298828125,32.388823529411766,326.6747948779149
-0.00822900390625,0.6234912109375,0.6899951171875001,0.9300012195498408,-3.23486328125,0.20361328125,-1.50048828125,32.43588235294118,326.6747948779149
-0.00188134765625,0.6234912109375,0.5532763671875001,0.8335823702991272,-3.22900390625,0.1435546875,-1.6767578125,32.48294117647059,326.6747948779149
0.0308334960937499,0.6586474609375,0.6958544921875001,0.9586347879032464,-3.275390625,0.1162109375,-1.89892578125,32.48294117647059,326.6747948779149
0.0142319335937499,0.6645068359375,0.7173388671875001,0.97792992249922,-3.18701171875,-0.13525390625,-2.0791015625,32.48294117647059,326.6747948779149
0.0362045898437499,0.6620654296875,0.7231982421875001,0.9811509073614202,-3.0830078125,-0.15478515625,-2.28271484375,32.43588235294118,326.6747948779149
0.0264389648437499,0.6620654296875,0.7402880859375001,0.9935069714049874,-3.013671875,-0.19482421875,-2.33251953125,32.29470588235294,326.6747948779149
0.0132553710937499,0.6435107421875,0.7358935546875001,0.977661037376526,-3.037109375,-0.05078125,-2.30615234375,32.388823529411766,326.6747948779149
-0.00139306640625,0.6234912109375,0.7461474609375001,0.9723575804269748,-3.01318359375,0.1650390625,-2.375,32.48294117647059,326.79371712597447
-0.01799462890625,0.5844287109375,0.7256396484375001,0.9318978614751944,-2.88720703125,0.43994140625,-2.22021484375,32.341764705882355,326.79371712597447
-0.03606103515625,0.5731982421875,0.7417529296875001,0.9381119505705968,-2.98388671875,0.67431640625,-2.24755859375,32.48294117647059,326.79371712597447
-0.04973291015625,0.5492724609375,0.7314990234375001,0.9161137593044671,-2.94140625,0.75048828125,-2.099609375,32.43588235294118,326.79371712597447
-0.04289697265625,0.5531787109375,0.7236865234375001,0.9119040633216856,-2.96142578125,0.94921875,-2.14404296875,32.388823529411766,326.79371712597447
-0.04143212890625,0.5517138671875,0.7124560546875001,0.9020523501513472,-3.05419921875,0.8349609375,-2.30908203125,32.388823529411766,326.79371712597447
-0.04973291015625,0.5502490234375,0.7236865234375001,0.9104776407752072,-3.1318359375,0.552734375,-2.568359375,32.341764705882355,326.79371712597447
-0.05754541015625,0.5424365234375,0.7500537109375001,0.9274316284665558,-3.30615234375,0.22314453125,-2.6982421875,32.388823529411766,326.79371712597447
-0.06047509765625,0.5233935546875,0.7432177734375001,0.9110272824006672,-3.50927734375,-0.20166015625,-2.63037109375,32.43588235294118,326.79371712597447
-0.05998681640625,0.5048388671875,0.7725146484375001,0.924791642488312,-3.7158203125,-0.6171875,-2.8251953125,32.388823529411766,326.6315148700618
-0.06926416015625,0.4901904296875,0.8184130859375001,0.9564957712782156,-3.650390625,-0.90869140625,-2.8427734375,32.43588235294118,326.6315148700618
-0.07024072265625,0.4657763671875,0.8193896484375001,0.945135323282432,-3.7021484375,-1.1455078125,-2.93505859375,32.388823529411766,326.6315148700618
-0.08440087890625,0.4477099609375,0.8457568359375001,0.9606624500925476,-3.693359375,-1.322265625,-3.0302734375,32.43588235294118,326.6315148700618
-0.11320947265625,0.4232958984375,0.8711474609375001,0.9751377856646566,-3.64013671875,-1.3427734375,-3.08349609375,32.43588235294118,326.6315148700618
-0.13713525390625,0.4115771484375,0.9048388671875,1.00346160990495,-3.642578125,-1.28955078125,-2.94580078125,32.388823529411766,326.6315148700618
-0.29240869140625,0.4071826171875,0.9297412109375,1.0562761219799994,-3.6396484375,-1.02978515625,-2.7548828125,32.43588235294118,326.6315148700618
-0.17277978515625,0.4232958984375,0.9678271484375,1.0703838848961211,-3.74560546875,-0.57421875,-2.52880859375,32.388823529411766,326.6315148700618
-0.20549462890625,0.4232958984375,0.9551318359375,1.0647461125379454,-3.61083984375,-0.11474609375,-2.35498046875,32.43588235294118,326.82568482022486
-0.18645166015625,0.4438037109375,0.9907763671875,1.1015279230206458,-3.42822265625,0.48583984375,-2.3916015625,32.43588235294118,326.82568482022486
-0.16154931640625,0.4408740234375,1.0005419921875005,1.1052386006215251,-3.39697265625,0.630859375,-2.50048828125,32.48294117647059,326.82568482022486
-0.13860009765625,0.4193896484375,0.9482958984375,1.0461179547642978,-3.728515625,0.69140625,-2.99072265625,32.388823529411766,326.82568482022486
-0.18791650390625,0.4052294921875,0.9907763671875,1.0868124785611115,-3.44970703125,0.83935546875,-2.91650390625,32.48294117647059,326.82568482022486
-0.22160791015625,0.3798388671875,0.9795458984375,1.0737307847015625,-3.28515625,1.0234375,-2.771484375,32.43588235294118,326.82568482022486
-0.18645166015625,0.3725146484375,0.9858935546875,1.0702885059879372,-3.3271484375,1.0634765625,-2.7568359375,32.388823529411766,326.82568482022486
-0.18742822265625,0.3515185546875,0.9507373046875,1.0308229990944722,-3.2626953125,0.953125,-2.94091796875,32.43588235294118,326.82568482022486
-0.22063134765625,0.3256396484375,0.9707568359375,1.047419785340385,-3.26171875,1.12060546875,-2.9716796875,32.388823529411766,326.73951775239027
-0.22746728515625,0.3051318359375,0.9902880859375,1.060903999553542,-3.20263671875,1.07373046875,-2.9931640625,32.388823529411766,326.73951775239027
-0.23918603515625,0.3002490234375,0.9961474609375,1.0675529023992991,-3.32080078125,1.1123046875,-2.947265625,32.43588235294118,326.73951775239027
-0.24748681640625,0.2816943359375,0.9751513671875,1.0447591167928714,-3.3173828125,1.19921875,-2.75048828125,32.48294117647059,326.73951775239027
-0.25236962890625,0.2509326171875,0.9639208984375,1.027521827703628,-3.18896484375,1.171875,-2.60400390625,32.341764705882355,326.73951775239027
-0.25041650390625,0.2240771484375,0.9565966796875,1.0139014752280715,-2.923828125,1.287109375,-2.51025390625,32.43588235294118,326.73951775239027
-0.25139306640625,0.2099169921875,0.9380419921875,0.993572542169558,-2.65478515625,1.32373046875,-2.5546875,32.48294117647059,326.73951775239027
-0.24846337890625,0.2045458984375,0.9531787109375,1.0060431055424957,-2.31494140625,1.404296875,-2.69921875,32.341764705882355,326.73951775239027
-0.25383447265625,0.1981982421875,1.0464404296875005,1.094875360760051,-2.001953125,1.3857421875,-2.97705078125,32.341764705882355,326.73951775239027
-0.24504541015625,0.2299365234375,0.9194873046875,0.9789662718044236,-1.83154296875,1.24169921875,-3.3447265625,32.48294117647059,326.6634809595845
-0.25774072265625,0.2196826171875,0.8731005859375001,0.9364803070935992,-1.517578125,1.318359375,-3.5439453125,32.43588235294118,326.6634809595845
-0.23576806640625,0.2133349609375,0.8814013671875001,0.9369988029742304,-1.60009765625,0.9462890625,-3.666015625,32.48294117647059,326.6634809595845
-0.24455712890625,0.2089404296875,0.8931201171875001,0.949277533802354,-1.48681640625,0.8505859375,-3.71044921875,32.43588235294118,326.6634809595845
-0.25188134765625,0.1708544921875,0.8066943359375001,0.8622013815991142,-1.32568359375,0.56396484375,-3.67431640625,32.48294117647059,326.6634809595845
-0.25285791015625,0.2572802734375,0.8135302734375001,0.8899223379755982,-1.20849609375,0.0732421875,-3.6728515625,32.43588235294118,326.6634809595845
-0.27043603515625,0.0697802734375,0.6772998046875001,0.7326253893373956,-0.9521484375,-0.26025390625,-3.462890625,32.43588235294118,326.6634809595845
-0.24504541015625,0.1376513671875,0.8267138671875001,0.8731843849539135,-1.02880859375,-1.046875,-3.14501953125,32.43588235294118,326.6634809595845
-0.26067041015625,-0.0581494140625,0.7705615234375001,0.8155338610316317,-1.00927734375,-1.4326171875,-2.70849609375,32.43588235294118,326.73951775239027
-0.26408837890625,-0.0435009765625,0.8193896484375001,0.8619944331616952,-1.1416015625,-1.71728515625,-2.3466796875,32.388823529411766,326.73951775239027
-0.26945947265625,-0.0444775390625,0.8389208984375001,0.8822555937597805,-0.9013671875,-1.7900390625,-1.67431640625,32.43588235294118,326.73951775239027
-0.28606103515625,-0.0405712890625,0.9263232421875,0.9703358667737786,-0.6748046875,-1.93408203125,-1.3046875,32.43588235294118,326.73951775239027
-0.24992822265625,-0.0151806640625,0.8296435546875001,0.866604290824827,-0.6640625,-2.29150390625,-1.28173828125,32.43588235294118,326.73951775239027
-0.25334619140625,0.0189990234375,0.8853076171875001,0.9210400819952624,-0.4677734375,-2.85498046875,-1.392578125,32.43588235294118,326.73951775239027
-0.26018212890625,0.0302294921875,0.9077685546875,0.9448027896230702,-0.31787109375,-3.1396484375,-1.37646484375,32.43588235294118,326.73951775239027
-0.26164697265625,0.0331591796875,0.9263232421875,0.9631372791635108,-0.33447265625,-3.8388671875,-1.291015625,32.43588235294118,326.73951775239027
-0.26213525390625,0.0497607421875,0.9605029296875,0.9968735630669596,-0.3662109375,-4.4072265625,-1.1357421875,32.43588235294118,326.73951775239027
-0.26311181640625,0.0590380859375,0.9897998046875,1.0258737626448846,-0.37939453125,-4.88037109375,-1.076171875,32.388823529411766,326.82647368113913
-0.26067041015625,0.0766162109375,1.0254443359375005,1.060827597970447,-0.2705078125,-5.353515625,-1.0966796875,32.43588235294118,326.82647368113913
-0.27092431640625,0.0844287109375,1.0508349609375005,1.088477058820846,-0.01806640625,-5.53369140625,-1.1357421875,32.43588235294118,326.82647368113913
-0.26604150390625,0.0653857421875,1.0420458984375005,1.0774567423022263,0.19384765625,-5.5048828125,-1.09765625,32.43588235294118,326.82647368113913
-0.27580712890625,0.0653857421875,1.0273974609375005,1.0657815960025494,0.35009765625,-5.70068359375,-1.11865234375,32.48294117647059,326.82647368113913
-0.25578759765625,0.0658740234375,1.0015185546875005,1.0357635335644615,0.4453125,-5.7978515625,-0.8291015625,32.43588235294118,326.82647368113913
-0.22063134765625,0.0741748046875,0.9692919921875,0.9968485638941628,0.49658203125,-5.98486328125,-0.62744140625,32.43588235294118,326.82647368113913
-0.28703759765625,0.0712451171875,0.9404833984375,0.9858881640063852,0.56298828125,-6.140625,-0.40869140625,32.48294117647059,326.82647368113913
-0.11760400390625,0.0634326171875,0.9390185546875,0.948477856729106,0.54296875,-6.61669921875,-0.37451171875,32.388823529411766,326.81555481546854
-0.08440087890625,0.0502490234375,0.9468310546875,0.951912558398729,0.4208984375,-6.94482421875,-0.08740234375,32.43588235294118,326.81555481546854
-0.07805322265625,0.0419482421875,0.9648974609375,0.9689577239040318,0.068359375,-7.43017578125,0.15771484375,32.388823529411766,326.81555481546854
-0.08000634765625,0.0243701171875,1.0088427734375005,1.0123036401169825,-0.16845703125,-7.8662109375,0.46044921875,32.388823529411766,326.81555481546854
-0.09953759765625,-0.0049267578125,0.9971240234375,1.0020919740252932,-0.40673828125,-8.07275390625,0.8115234375,32.43588235294118,326.81555481546854
-0.13908837890625,0.0077685546875,1.0073779296875005,1.0169642180579292,-0.7421875,-8.1611328125,1.1943359375,32.388823529411766,326.81555481546854
-0.10149072265625,0.0302294921875,1.0718310546875005,1.0770496733093238,-0.63623046875,-8.064453125,1.30712890625,32.388823529411766,326.81555481546854
-0.07561181640625,0.0189990234375,1.1167529296875005,1.1194709534585727,-0.10498046875,-7.609375,1.36669921875,32.43588235294118,326.81555481546854
0.0371811523437499,0.0111865234375,1.0850146484375005,1.0857091524529852,-0.2470703125,-7.70947265625,1.0712890625,32.43588235294118,326.79411203794683
0.10847021484375,0.0312060546875,1.0405810546875005,1.0466845449952715,-0.37060546875,-7.71240234375,0.99169921875,32.43588235294118,326.79411203794683
0.18024755859375,0.0746630859375,1.0400927734375005,1.0582328364484015,-0.26171875,-8.080078125,1.08251953125,32.43588235294118,326.79411203794683
0.2632553710937499,0.1352099609375,1.0259326171875005,1.0677653576304216,-0.07568359375,-9.0751953125,1.158203125,32.43588235294118,326.79411203794683
0.21149755859375,0.1483935546875,1.0313037109375005,1.0631741195859536,0.07861328125,-9.9638671875,0.9072265625,32.43588235294118,326.79411203794683
0.3765366210937499,0.1230029296875,1.0459521484375005,1.1184477835631976,0.0,-10.76318359375,0.39990234375,32.48294117647059,326.79411203794683
0.3638413085937499,0.0907763671875,1.0703662109375005,1.1341537251165177,-0.17578125,-11.60107421875,-0.0263671875,32.43588235294118,326.79411203794683
0.3218491210937499,0.0268115234375,1.0791552734375005,1.1264465449926264,-0.1826171875,-11.888671875,-0.13525390625,32.43588235294118,326.79411203794683
0.3047592773437499,-0.0371533203125,1.0732958984375005,1.116343438167703,-0.31591796875,-12.18701171875,-0.48193359375,32.53,326.79411203794683
0.3257553710937499,-0.0947705078125,1.0610888671875005,1.1140052042143782,-0.69873046875,-12.12744140625,-0.55078125,32.53,326.93447864303533
0.3799545898437499,-0.1016064453125,1.0689013671875005,1.1389642193008882,-1.15087890625,-12.3798828125,-0.5927734375,32.43588235294118,326.93447864303533
0.4009506835937499,-0.0659619140625,1.1123583984375005,1.184252351213847,-1.5673828125,-12.06005859375,-0.51708984375,32.388823529411766,326.93447864303533
0.4463608398437499,-0.0195751953125,1.1519091796875005,1.235522539602524,-1.76611328125,-11.45703125,-0.486328125,32.388823529411766,326.93447864303533
0.4976303710937499,0.0316943359375,1.1777880859375005,1.2789938594620942,-1.77294921875,-10.82373046875,-0.05908203125,32.388823529411766,326.93447864303533
0.53522802734375,0.0731982421875,1.1592333984375005,1.2789249766763404,-1.662109375,-10.0908203125,0.455078125,32.43588235294118,326.93447864303533
0.57477880859375,0.0932177734375,1.1274951171875005,1.268978120920432,-1.556640625,-9.703125,0.89404296875,32.43588235294118,326.93447864303533
0.61384130859375,0.0790576171875,1.1191943359375005,1.2789242434820114,-1.00244140625,-8.8505859375,1.412109375,32.43588235294118,326.93447864303533
0.62897802734375,0.0741748046875,1.0869677734375005,1.2580199525537503,-0.4169921875,-7.81494140625,1.64306640625,32.341764705882355,326.93447864303533
0.68171240234375,0.0297412109375,1.0645068359375005,1.2644331310492396,-0.1455078125,-7.4775390625,1.55615234375,32.341764705882355,326.6319106376501
0.73444677734375,0.0028857421875,1.0430224609375005,1.2756630629906598,-0.02783203125,-7.36669921875,1.25830078125,32.388823529411766,326.6319106376501
0.77839208984375,-0.0107861328125,1.0352099609375005,1.295249107089671,0.01953125,-7.1494140625,0.83203125,32.43588235294118,326.6319106376501
0.79011083984375,-0.0454541015625,1.0147021484375005,1.286841740320514,-0.03369140625,-6.3349609375,0.6005859375,32.341764705882355,326.6319106376501
0.81940771484375,-0.0229931640625,1.0171435546875005,1.3063455513689268,0.009765625,-5.17529296875,0.49072265625,32.388823529411766,326.6319106376501
0.83893896484375,0.0316943359375,1.0342333984375005,1.3320892763276804,0.03955078125,-4.1826171875,0.53076171875,32.43588235294118,326.6319106376501
0.87897802734375,0.0990771484375,1.0317919921875005,1.3590487000243467,0.08544921875,-3.3759765625,0.5615234375,32.43588235294118,326.6319106376501
0.92536474609375,0.1342333984375,1.0293505859375005,1.390640552888886,-0.04638671875,-2.865234375,0.427734375,32.43588235294118,326.6319106376501
0.95661474609375,0.1542529296875,1.0210498046875005,1.4076393154546265,-0.12939453125,-2.365234375,-0.015625,32.388823529411766,326.8050309369151
0.97712255859375,0.1200732421875,0.9912646484375,1.397065381878792,-0.4189453125,-1.576171875,-1.1240234375,32.341764705882355,326.8050309369151
0.94147802734375,0.0614794921875,0.9565966796875,1.3435913856228243,-0.52099609375,-0.5068359375,-1.73193359375,32.388823529411766,326.8050309369151
0.84382177734375,0.0165576171875,0.8994677734375001,1.2334308339177786,-0.79296875,-0.15380859375,-1.5458984375,32.388823529411766,326.8050309369151
0.78473974609375,0.0141162109375,0.8853076171875001,1.1831252315628824,-0.85595703125,-0.28076171875,-1.2158203125,32.388823529411766,326.8050309369151
0.75007177734375,0.0214404296875,0.7861865234375001,1.086810292934116,-0.541015625,-0.62158203125,-1.02099609375,32.53,326.8050309369151
0.78229833984375,0.0004443359375,0.7632373046875001,1.0929419349733784,-0.35791015625,-1.65869140625,-1.2421875,32.43588235294118,326.8050309369151
0.78181005859375,-0.0415478515625,0.7788623046875001,1.1043458160155026,0.357421875,-3.26708984375,-1.69091796875,32.48294117647059,326.8050309369151
0.73688818359375,-0.1221142578125,0.8027880859375001,1.096533081126324,0.85693359375,-4.72216796875,-1.822265625,32.43588235294118,326.79371712597447
0.59040380859375,-0.2017041015625,0.7954638671875001,1.0109520096374671,1.0869140625,-5.26025390625,-1.52587890625,32.43588235294118,326.79371712597447
0.69684912109375,-0.2568798828125,0.8032763671875001,1.094001322597392,1.052734375,-5.70263671875,-0.5458984375,32.43588235294118,326.79371712597447
0.72126318359375,-0.3115673828125,0.7466357421875001,1.0838633426554758,0.7431640625,-5.587890625,0.4736328125,32.43588235294118,326.79371712597447
0.77790380859375,-0.3198681640625,0.7969287109375001,1.158682591619414,0.48046875,-4.75390625,1.0595703125,32.48294117647059,326.79371712597447
0.83893896484375,-0.2451611328125,0.9136279296875,1.2643727937914824,1.24755859375,-3.779296875,1.38818359375,32.48294117647059,326.79371712597447
0.89606787109375,-0.1621533203125,0.9370654296875,1.3066456858729043,1.97021484375,-3.19091796875,1.9052734375,32.48294117647059,326.79371712597447
0.93806005859375,-0.1240673828125,0.8804248046875001,1.2924771664195371,2.1982421875,-2.921875,2.373046875,32.388823529411766,326.79371712597447
0.98395849609375,-0.0942822265625,0.8003466796875001,1.2718562292835864,2.01611328125,-2.90087890625,2.40283203125,32.48294117647059,326.79371712597447
1.01960302734375,-0.0732861328125,0.7417529296875001,1.262995882547184,1.7451171875,-3.18994140625,2.19580078125,32.388823529411766,326.7500419144192
1.05768896484375,-0.0503369140625,0.7236865234375001,1.28256069465528,1.30419921875,-3.9404296875,2.1181640625,32.48294117647059,326.7500419144192
1.07819677734375,-0.0322705078125,0.7080615234375001,1.2903103492267114,1.18115234375,-4.83740234375,1.9814453125,32.388823529411766,326.7500419144192
1.09870458984375,-0.0527783203125,0.7305224609375001,1.3204546159459298,1.23583984375,-5.47412109375,1.59130859375,32.341764705882355,326.7500419144192
1.07673193359375,-0.0859814453125,0.7583544921875001,1.319790135430449,1.3740234375,-5.59130859375,1.36181640625,32.48294117647059,326.7500419144192
1.06891943359375,-0.1475048828125,0.7632373046875001,1.3216949834339813,1.07568359375,-5.296875,0.80859375,32.43588235294118,326.7500419144192
1.09431005859375,-0.1929150390625,0.7495654296875001,1.3403652673874196,0.83203125,-4.912109375,0.47216796875,32.48294117647059,326.7500419144192
1.12360693359375,-0.1138134765625,0.7231982421875001,1.3410673906147603,0.69970703125,-4.65673828125,0.2705078125,32.48294117647059,326.7500419144192
1.14704443359375,-0.2441845703125,0.7007373046875001,1.3661514583668273,0.63134765625,-4.84619140625,0.126953125,32.43588235294118,327.0643229158292
1.11628271484375,-0.2402783203125,0.6592333984375001,1.3184875593977308,0.85888671875,-4.8916015625,0.1201171875,32.43588235294118,327.0643229158292
1.08259130859375,-0.1128369140625,0.6528857421875001,1.269250134122348,0.86083984375,-4.7880859375,-0.23828125,32.43588235294118,327.0643229158292
1.05817724609375,-0.2266064453125,0.6602099609375001,1.2676619256445367,0.93896484375,-4.55712890625,-0.4580078125,32.388823529411766,327.0643229158292
1.01618505859375,-0.2153759765625,0.5547412109375001,1.1776063415682838,1.2197265625,-4.03564453125,-0.51171875,32.43588235294118,327.0643229158292
0.97956396484375,-0.1157666015625,0.6279833984375001,1.1693205787853262,1.4892578125,-3.32373046875,-0.046875,32.388823529411766,327.0643229158292
0.98151708984375,-0.2036572265625,0.6143115234375001,1.1756830828988634,1.5224609375,-2.40869140625,0.6669921875,32.43588235294118,327.0643229158292
0.98249365234375,-0.1714306640625,0.5645068359375001,1.146014928915343,1.80078125,-1.44970703125,1.212890625,32.53,327.18364311732773
0.98981787109375,-0.1592236328125,0.6758349609375001,1.2090676067151769,2.064453125,-0.91357421875,1.45654296875,32.388823529411766,327.18364311732773
1.00104833984375,-0.1323681640625,0.5347216796875001,1.1426050867596496,2.41162109375,-0.38671875,1.4619140625,32.341764705882355,327.18364311732773
1.01081396484375,-0.1186962890625,0.5361865234375001,1.150360668867092,2.783203125,-0.00341796875,0.90087890625,32.43588235294118,327.18364311732773
1.03669287109375,-0.1177197265625,0.5024951171875001,1.15805500119633,2.8271484375,-0.10400390625,0.54443359375,32.341764705882355,327.18364311732773
1.02595068359375,-0.0972119140625,0.5059130859375001,1.1480300570651372,2.85302734375,-0.58056640625,0.51025390625,32.388823529411766,327.18364311732773
1.00056005859375,-0.0835400390625,0.5361865234375001,1.138242222418271,2.94482421875,-1.07421875,0.80029296875,32.43588235294118,327.18364311732773
0.98395849609375,-0.0957470703125,0.4277880859375,1.0771928657295178,3.19677734375,-1.2734375,1.099609375,32.388823529411766,327.18364311732773
0.98737646484375,-0.0850048828125,0.5190966796875001,1.118749067616101,3.28173828125,-1.09912109375,1.22802734375,32.48294117647059,326.9656613819102
1.02546240234375,-0.0776806640625,0.5161669921875001,1.1506675401755695,3.19921875,-0.96435546875,1.0986328125,32.388823529411766,326.9656613819102
1.04011083984375,-0.0791455078125,0.5371630859375001,1.173302497850093,3.05419921875,-0.923828125,0.806640625,32.388823529411766,326.9656613819102
1.02546240234375,-0.0713330078125,0.5220263671875001,1.1528976817841086,2.8564453125,-0.79443359375,0.40185546875,32.43588235294118,326.9656613819102
1.02497412109375,-0.0498486328125,0.5606005859375001,1.169328804083201,2.41357421875,-0.86767578125,0.15869140625,32.388823529411766,326.9656613819102
0.99909521484375,-0.0298291015625,0.5693896484375001,1.1503415124959564,2.13232421875,-0.92724609375,-0.01708984375,32.53,326.9656613819102
1.01227880859375,-0.0190869140625,0.5938037109375001,1.1737442411954817,1.904296875,-1.00732421875,-0.15283203125,32.388823529411766,326.9656613819102
0.99421240234375,-0.0039501953125,0.5845263671875001,1.153319114102664,1.79638671875,-1.10009765625,-0.11279296875,32.43588235294118,326.9656613819102
0.98786474609375,0.0170458984375,0.5742724609375001,1.1427843972594407,1.6806640625,-0.9228515625,-0.0546875,32.48294117647059,326.9656613819102
1.01569677734375,0.0424365234375,0.5728076171875001,1.1668544760748714,1.4931640625,-0.67919921875,-0.18212890625,32.48294117647059,326.944609931747
1.04304052734375,0.0370654296875,0.5864794921875001,1.1971907043223962,1.5302734375,-0.46044921875,-0.6162109375,32.43588235294118,326.944609931747
1.05475927734375,0.1332568359375,0.5991748046875001,1.220362636284431,1.716796875,-0.294921875,-1.185546875,32.388823529411766,326.944609931747
1.04304052734375,-0.0210400390625,0.6113818359375001,1.2091997247103508,1.99853515625,-0.474609375,-1.37890625,32.388823529411766,326.944609931747
1.03473974609375,-0.0615673828125,0.5957568359375001,1.195576468628753,2.0009765625,-0.7900390625,-1.63525390625,32.43588235294118,326.944609931747
1.00886083984375,-0.1035595703125,0.5898974609375001,1.1732449843038135,2.1435546875,-1.0,-1.4736328125,32.43588235294118,326.944609931747
0.96540380859375,-0.1230908203125,0.5728076171875001,1.1292760645655,2.11376953125,-0.7841796875,-1.01611328125,32.48294117647059,326.944609931747
0.93708349609375,-0.1230908203125,0.5713427734375001,1.104404542482393,1.65185546875,-0.17333984375,-0.57958984375,32.388823529411766,326.944609931747
0.92243505859375,-0.1396923828125,0.5864794921875001,1.1019793981264792,1.52392578125,0.501953125,-0.18798828125,32.43588235294118,327.0639295777513
0.90095068359375,-0.1348095703125,0.5835498046875001,1.0818577212677765,1.55908203125,1.16259765625,-0.00927734375,32.43588235294118,327.0639295777513
0.89264990234375,-0.1289501953125,0.5811083984375001,1.0729114463738536,1.51025390625,1.642578125,0.03515625,32.48294117647059,327.0639295777513
0.87800146484375,-0.1255322265625,0.5767138671875001,1.0579431916600583,1.4375,1.94287109375,0.01416015625,32.341764705882355,327.0639295777513
0.87263037109375,-0.1103955078125,0.5527880859375001,1.038867460581397,1.29833984375,1.953125,-0.005859375,32.48294117647059,327.0639295777513
0.86139990234375,-0.0830517578125,0.6675341796875001,1.0929360764860092,1.15771484375,1.99365234375,0.02587890625,32.43588235294118,327.0639295777513
0.85749365234375,-0.0640087890625,0.5278857421875001,1.008987534953688,1.0,1.7548828125,0.08544921875,32.341764705882355,327.0639295777513
0.86042333984375,-0.0234814453125,0.5234912109375001,1.0074337446952266,0.91796875,1.61865234375,0.1689453125,32.43588235294118,327.0639295777513
0.86286474609375,-0.0098095703125,0.5483935546875001,1.0224320459296743,0.875,1.18017578125,0.18408203125,32.43588235294118,326.82568482022486
0.86188818359375,0.0038623046875,0.5454638671875001,1.0199985239318612,1.15087890625,0.8779296875,0.1396484375,32.341764705882355,326.82568482022486
0.87214208984375,0.0189990234375,0.5693896484375001,1.0417280640917677,1.29833984375,0.5390625,0.1142578125,32.388823529411766,326.82568482022486
0.88532568359375,0.0214404296875,0.5693896484375001,1.0528370385789556,1.4365234375,0.37158203125,-0.22314453125,32.43588235294118,326.82568482022486
0.87604833984375,0.0160693359375,0.5815966796875001,1.0516528016051625,1.5185546875,0.01318359375,-0.42626953125,32.53,326.82568482022486
0.90095068359375,0.0077685546875,0.5952685546875001,1.0798690369251835,1.6279296875,-0.287109375,-0.65234375,32.43588235294118,326.82568482022486
0.90192724609375,0.0019091796875,0.6172412109375001,1.092914962242226,1.72314453125,-0.67236328125,-0.7197265625,32.48294117647059,326.82568482022486
0.87848974609375,0.0038623046875,0.6172412109375001,1.0736600317926304,1.8642578125,-0.76708984375,-0.69482421875,32.43588235294118,326.82568482022486
0.87263037109375,0.0082568359375,0.6523974609375001,1.0895753241206465,2.1171875,-0.720703125,-0.525390625,32.388823529411766,326.82568482022486
0.71003271484375,-0.0034619140625,0.6533740234375001,0.9649124600191816,2.22119140625,-0.20751953125,-0.20263671875,32.388823529411766,326.95592227177536
0.81159521484375,-0.0215283203125,0.6650927734375001,1.049523062448623,2.26220703125,0.46044921875,0.0458984375,32.48294117647059,326.95592227177536
0.80329443359375,-0.0361767578125,0.6807177734375001,1.0535499000627524,2.3076171875,1.302734375,0.2138671875,32.388823529411766,326.95592227177536
0.78083349609375,-0.0483837890625,0.6704638671875001,1.0303221519845385,2.22314453125,2.61865234375,0.322265625,32.53,326.95592227177536
0.76520849609375,-0.0561962890625,0.6523974609375001,1.007136789337055,2.10888671875,3.720703125,0.341796875,32.341764705882355,326.95592227177536
0.74763037109375,-0.0522900390625,0.6484912109375001,0.9910732922595188,2.04736328125,4.85009765625,0.2861328125,32.43588235294118,326.95592227177536
0.74421240234375,-0.0459423828125,0.6255419921875001,0.9732756990342728,2.03466796875,5.72412109375,0.212890625,32.43588235294118,326.95592227177536
0.73981787109375,-0.0249462890625,0.5938037109375001,0.9489761044677704,2.03173828125,6.09130859375,0.134765625,32.43588235294118,326.95592227177536
0.71931005859375,-0.0278759765625,0.5610888671875001,0.9126909374729264,1.98828125,6.396484375,0.02197265625,32.388823529411766,327.25850381281674
0.71149755859375,-0.0225048828125,0.5386279296875001,0.8926675149655182,1.93505859375,6.4384765625,-0.017578125,32.341764705882355,327.25850381281674
0.69001318359375,-0.0205517578125,0.5034716796875001,0.8544145952227867,1.8896484375,6.29541015625,0.00634765625,32.388823529411766,327.25850381281674
0.69050146484375,-0.0166455078125,0.5078662109375001,0.8573199135058708,1.8583984375,5.814453125,0.0,32.388823529411766,327.25850381281674
0.69245458984375,-0.0137158203125,0.4873583984375,0.8468764321021609,1.82470703125,5.533203125,-0.0380859375,32.43588235294118,327.25850381281674
0.68806005859375,-0.0146923828125,0.4795458984375,0.8388127198922133,1.80615234375,4.96484375,-0.0048828125,32.43588235294118,327.25850381281674
0.69538427734375,-0.0098095703125,0.4741748046875,0.8417227965589587,1.734375,4.53369140625,-0.30078125,32.43588235294118,327.25850381281674
0.70954443359375,-0.0102978515625,0.4800341796875,0.8567334256692276,1.72802734375,4.1025390625,-0.55615234375,32.43588235294118,327.25850381281674
0.68561865234375,-0.0127392578125,0.4810107421875,0.8376195790638151,1.5703125,3.58740234375,-0.66455078125,32.43588235294118,327.3555969856081
0.67243505859375,-0.0200634765625,0.4990771484375,0.8376451821685961,1.49072265625,3.55029296875,-0.802734375,32.341764705882355,327.3555969856081
0.67292333984375,-0.0088330078125,0.5225146484375001,0.8520125592767086,1.21630859375,3.57373046875,-0.970703125,32.43588235294118,327.3555969856081
0.67341162109375,-0.0063916015625,0.5347216796875001,0.8599135646810483,1.11083984375,3.61572265625,-1.080078125,32.388823529411766,327.3555969856081
0.68806005859375,0.0058154296875,0.5586474609375001,0.8863111468702176,0.97265625,3.62548828125,-1.14306640625,32.48294117647059,327.3555969856081
0.67634130859375,0.1381396484375,0.5884326171875001,0.9070683949685786,0.8310546875,4.044921875,-1.05224609375,32.341764705882355,327.3555969856081
0.64069677734375,0.0287646484375,0.6128466796875001,0.8870743025825926,0.705078125,4.595703125,-0.77978515625,32.48294117647059,327.3555969856081
0.62458349609375,0.0492724609375,0.6523974609375001,0.9045190799741184,0.65380859375,5.34423828125,-0.484375,32.43588235294118,327.3555969856081
0.59431005859375,0.0448779296875,0.6978076171875001,0.9176894599610694,0.67724609375,6.0537109375,0.15576171875,32.48294117647059,327.3555969856081
0.54401708984375,0.0570849609375,0.7275927734375001,0.9102771724951536,0.72314453125,7.04296875,0.80322265625,32.388823529411766,327.2588960353756
0.50739599609375,0.0727099609375,0.7642138671875001,0.9201957781217948,0.783203125,8.32470703125,1.25927734375,32.48294117647059,327.2588960353756
0.4678452148437499,0.0780810546875,0.7939990234375001,0.9248839091329304,0.75146484375,9.7705078125,1.81005859375,32.341764705882355,327.2588960353756
0.4639389648437499,0.0834521484375,0.8418505859375001,0.9648399003059714,0.87548828125,10.91796875,1.8828125,32.388823529411766,327.2588960353756
0.4722397460937499,0.1034716796875,0.8560107421875001,0.9830926492596904,1.00927734375,11.6875,1.654296875,32.43588235294118,327.2588960353756
0.4839584960937499,0.1234912109375,0.8706591796875001,1.0037496262984336,1.28759765625,11.70361328125,1.27392578125,32.43588235294118,327.2588960353756
0.4839584960937499,0.1327685546875,0.8555224609375001,0.9918477686740482,1.35986328125,11.2548828125,1.00634765625,32.43588235294118,327.2588960353756
0.4683334960937499,0.1230029296875,0.8218310546875001,0.9538722486391306,1.224609375,10.39501953125,1.07861328125,32.43588235294118,327.2588960353756
0.4712631835937499,0.1000537109375,0.8252490234375001,0.9555813329946482,1.0771484375,8.97216796875,1.27734375,32.43588235294118,327.0631442318352
0.4937241210937499,0.0595263671875,0.8496630859375001,0.984496955681008,1.05517578125,7.02392578125,1.70751953125,32.48294117647059,327.0631442318352
0.51667333984375,0.0238818359375,0.9077685546875,1.0447800874214983,1.30419921875,4.78173828125,1.89697265625,32.53,327.0631442318352
0.4932358398437499,0.1371630859375,0.9277880859375,1.0596631720777303,1.65625,3.130859375,2.0908203125,32.341764705882355,327.0631442318352
0.4683334960937499,0.0248583984375,0.9429248046875,1.05311983688051,1.9990234375,1.97705078125,2.27392578125,32.53,327.0631442318352
0.4390366210937499,0.0224169921875,0.9795458984375,1.0736693361300214,2.1650390625,1.02734375,2.43359375,32.43588235294118,327.0631442318352
0.4160874023437499,0.0219287109375,0.9810107421875,1.0658291002969569,2.20166015625,0.85986328125,2.54736328125,32.43588235294118,327.0631442318352
0.3814194335937499,0.0326708984375,0.9956591796875,1.0667171012145986,2.20263671875,1.01318359375,2.66796875,32.48294117647059,327.0631442318352
0.3711655273437499,0.0414599609375,0.9829638671875,1.0515230578762924,2.11328125,1.66552734375,2.76171875,32.48294117647059,327.399271650563
0.3794663085937499,0.0385302734375,0.9692919921875,1.041636322066271,1.99609375,2.58984375,2.83935546875,32.388823529411766,327.399271650563
0.3911850585937499,0.0365771484375,0.9634326171875,1.0404643413954997,1.65966796875,3.30615234375,2.9033203125,32.388823529411766,327.399271650563
0.3740952148437499,0.0189990234375,0.9512255859375,1.0223200614302306,1.4814453125,3.896484375,3.01513671875,32.388823529411766,327.399271650563
0.3648178710937499,0.0063037109375,0.9565966796875,1.0238207965411277,1.4365234375,4.53076171875,3.4755859375,32.43588235294118,327.399271650563
0.3535874023437499,-4.394531249999993e-05,1.0474169921875005,1.105489216840445,1.48876953125,4.91943359375,3.865234375,32.53,327.399271650563
0.3482163085937499,-0.0117626953125,0.9028857421875,0.967778705085592,1.54052734375,5.19580078125,4.0009765625,32.48294117647059,327.399271650563
0.3487045898437499,-0.0156689453125,0.8774951171875001,0.9443717951703176,1.4814453125,5.22802734375,4.2412109375,32.48294117647059,327.399271650563
0.4571030273437499,0.0033740234375,0.8511279296875001,0.966112474991969,1.4052734375,5.07763671875,4.32666015625,32.48294117647059,327.399271650563
0.3169663085937499,0.0180224609375,0.8555224609375001,0.912530071312912,1.3232421875,4.6650390625,4.326171875,32.341764705882355,327.00933599609954
0.2988999023437499,0.0346240234375,0.8486865234375001,0.9004492154944299,1.361328125,4.21435546875,4.30810546875,32.48294117647059,327.00933599609954
0.2715561523437499,0.0321826171875,0.8638232421875001,0.9060734288500594,1.3642578125,3.2998046875,4.2861328125,32.43588235294118,327.00933599609954
0.2549545898437499,0.0282763671875,0.8652880859375001,0.9025103143394536,1.32958984375,2.453125,4.24267578125,32.48294117647059,327.00933599609954
0.24860693359375,0.0106982421875,0.8848193359375001,0.919143686844265,1.33056640625,1.61083984375,4.193359375,32.53,327.00933599609954
0.24372412109375,-0.0078564453125,0.8999560546875001,0.9324076744131612,1.36767578125,0.826171875,4.2099609375,32.388823529411766,327.00933599609954
0.23005224609375,-0.0298291015625,0.8032763671875001,0.8361021069909779,1.41455078125,0.05322265625,4.341796875,32.388823529411766,327.00933599609954
0.23981787109375,-0.0508251953125,0.9756396484375,1.0059664683167828,1.517578125,-0.384765625,4.65966796875,32.388823529411766,327.00933599609954
0.2500717773437499,-0.0786572265625,1.0147021484375005,1.048018751338947,1.73681640625,-0.8623046875,5.15185546875,32.43588235294118,327.00933599609954
0.2656967773437499,-0.0957470703125,1.0327685546875005,1.070688174267181,1.9248046875,-0.8876953125,5.72509765625,32.388823529411766,327.5400410636106
0.2974350585937499,-0.0791455078125,1.0444873046875005,1.088891801393015,1.95703125,-0.96337890625,6.44091796875,32.388823529411766,327.5400410636106
0.3457749023437499,-0.0635205078125,1.0557177734375005,1.112715217454772,1.7802734375,-1.00927734375,7.02392578125,32.43588235294118,327.5400410636106
0.3784897460937499,-0.0395947265625,1.0532763671875005,1.1199166647324117,1.53271484375,-0.64794921875,7.716796875,32.341764705882355,327.5400410636106
0.3872788085937499,0.0004443359375,1.0776904296875005,1.1451645013971787,1.3515625,-0.08935546875,8.01611328125,32.43588235294118,327.5400410636106
0.3740952148437499,0.0424365234375,1.0830615234375005,1.1466343583903336,1.30859375,0.75439453125,8.36083984375,32.43588235294118,327.5400410636106
0.3477280273437499,0.0712451171875,1.1021044921875005,1.1578536001685638,1.48486328125,1.5048828125,8.43994140625,32.43588235294118,327.5400410636106
0.3164780273437499,0.0878466796875,1.1177294921875005,1.1649869521283218,1.9375,2.24365234375,8.5009765625,32.48294117647059,327.1610198976218
0.2710678710937499,0.0795458984375,1.0962451171875005,1.132059493867245,2.34326171875,2.59228515625,8.59375,32.388823529411766,327.1610198976218
0.23493505859375,0.0668505859375,1.0864794921875005,1.1135982981042332,2.572265625,2.76220703125,8.6220703125,32.388823529411766,327.1610198976218
0.22761083984375,0.0365771484375,1.0532763671875005,1.0782094823724628,2.64208984375,2.64453125,8.51123046875,32.341764705882355,327.1610198976218
0.23639990234375,-0.0044384765625,1.0078662109375005,1.0352289181875882,2.50048828125,2.1630859375,8.302734375,32.53,327.1610198976218
0.24030615234375,-0.0078564453125,1.0147021484375005,1.0427987440685211,2.30419921875,1.3994140625,8.2099609375,32.53,327.1610198976218
0.2573959960937499,-0.0078564453125,1.0044482421875005,1.0369333121139477,2.130859375,0.50732421875,8.2216796875,32.388823529411766,327.1610198976218
0.3277084960937499,0.0043505859375,0.9961474609375,1.0486760939118691,2.05322265625,-0.2958984375,8.21240234375,32.43588235294118,327.1610198976218
0.3902084960937499,0.0204638671875,0.9990771484375,1.072770520108574,2.00048828125,-1.07666015625,8.25634765625,32.43588235294118,327.1610198976218
0.4390366210937499,0.0277880859375,1.0103076171875005,1.101928679057121,1.9619140625,-1.18701171875,8.26220703125,32.341764705882355,327.5400410636106
0.4478256835937499,0.0116748046875,1.0010302734375005,1.0966976576472922,1.91650390625,-0.7744140625,8.240234375,32.43588235294118,327.5400410636106
0.4439194335937499,-0.0181103515625,0.9907763671875,1.0858315975017363,1.82861328125,-0.02783203125,7.79345703125,32.341764705882355,327.5400410636106
0.4214584960937499,-0.0571728515625,0.9844287109375,1.072378611220618,1.81884765625,0.640625,7.37646484375,32.388823529411766,327.5400410636106
0.4185288085937499,-0.0781689453125,0.9941943359375,1.0815262942917194,1.93017578125,1.31591796875,7.03955078125,32.341764705882355,327.5400410636106
0.4136459960937499,-0.1118603515625,0.9736865234375,1.0638050546316662,2.0341796875,1.6171875,6.86669921875,32.388823529411766,327.5400410636106
0.4048569335937499,-0.1435986328125,0.9385302734375,1.0321670301764254,2.14208984375,1.62109375,7.0322265625,32.43588235294118,327.5400410636106
0.4053452148437499,-0.1650830078125,0.9302294921875,1.0280486616890088,2.18896484375,1.115234375,7.47802734375,32.43588235294118,327.5400410636106
0.3970444335937499,-0.1689892578125,0.8833544921875001,0.983115868233057,2.04931640625,0.08349609375,8.1435546875,32.43588235294118,327.5400410636106
0.3960678710937499,-0.1675244140625,0.8887255859375001,0.9873030714626954,1.9013671875,-1.45068359375,9.0126953125,32.43588235294118,327.17193859778297
0.4072983398437499,-0.1543408203125,0.9028857421875,1.0024548318501354,1.78271484375,-2.91162109375,9.685546875,32.53,327.17193859778297
0.4112045898437499,-0.1230908203125,0.9302294921875,1.0244840032373297,1.6025390625,-4.529296875,9.97998046875,32.43588235294118,327.17193859778297
0.4258530273437499,-0.0874462890625,0.9478076171875,1.0427544934294388,1.619140625,-5.70703125,9.64111328125,32.43588235294118,327.17193859778297
0.4375717773437499,-0.0581494140625,0.9878466796875,1.0819849708998728,1.50927734375,-5.72412109375,8.8076171875,32.43588235294118,327.17193859778297
0.4737045898437499,-0.0400830078125,1.0156787109375005,1.1214303053716688,1.6181640625,-4.79833984375,7.77392578125,32.48294117647059,327.17193859778297
0.4820053710937499,-0.0449658203125,1.0391162109375005,1.146347941330514,1.79833984375,-3.3466796875,6.93408203125,32.341764705882355,327.17193859778297
0.4780991210937499,-0.0635205078125,1.0430224609375005,1.1491342299851195,2.0419921875,-1.72607421875,6.65234375,32.388823529411766,327.17193859778297
0.4546616210937499,-0.0908642578125,1.0386279296875005,1.1374187792411183,2.28369140625,-0.2998046875,6.94921875,32.341764705882355,327.71278791016715
0.4234116210937499,-0.1186962890625,1.0230029296875005,1.1135085109974034,2.44873046875,0.841796875,7.42431640625,32.43588235294118,327.71278791016715
0.3980209960937499,-0.1435986328125,0.9961474609375,1.0822897230452242,2.59033203125,1.68896484375,7.93994140625,32.388823529411766,327.71278791016715
0.3965561523437499,-0.1572705078125,0.9829638671875,1.0715450334845875,2.671875,2.095703125,8.130859375,32.388823529411766,327.71278791016715
0.3877670898437499,-0.1582470703125,0.9590380859375,1.0464986868157284,2.62939453125,2.294921875,8.4189453125,32.53,327.71278791016715
0.3828842773437499,-0.1626416015625,1.0488818359375005,1.1283641992528308,2.62060546875,2.30322265625,8.3818359375,32.43588235294118,327.71278791016715
0.3794663085937499,-0.1514111328125,0.8994677734375001,0.9879080351682265,2.318359375,2.0458984375,8.169921875,32.43588235294118,327.71278791016715
0.3770249023437499,-0.1504345703125,0.8916552734375001,0.9797078460343795,2.10498046875,1.50830078125,7.8125,32.48294117647059,327.71278791016715
0.3814194335937499,-0.1387158203125,0.8843310546875001,0.9730181279979592,1.8779296875,0.6455078125,7.32568359375,32.388823529411766,327.4425550495158
0.3721420898437499,-0.1523876953125,0.8926318359375001,0.9790318377075798,1.72705078125,-0.31494140625,6.99072265625,32.53,327.4425550495158
0.3657944335937499,-0.1645947265625,0.9097216796875,0.9942286085975413,1.63623046875,-1.3330078125,6.46728515625,32.48294117647059,327.4425550495158
0.3511459960937499,-0.1728955078125,0.9385302734375,1.0168753322571469,1.65478515625,-2.0966796875,6.3740234375,32.43588235294118,327.4425550495158
0.3487045898437499,-0.1894970703125,0.9614794921875,1.0401667388127018,1.728515625,-2.552734375,6.19921875,32.43588235294118,327.4425550495158
0.3374741210937499,-0.2012158203125,0.9917529296875,1.0667476094633497,1.83251953125,-2.5126953125,6.26220703125,32.48294117647059,327.4425550495158
0.3399155273437499,-0.2036572265625,1.0132373046875005,1.0879653796288278,1.96044921875,-2.0341796875,6.34912109375,32.388823529411766,327.4425550495158
0.3516342773437499,-0.2056103515625,1.0269091796875005,1.1047464618631602,2.0830078125,-1.28271484375,6.42724609375,32.43588235294118,327.4425550495158
0.3628647460937499,-0.1953564453125,1.0293505859375005,1.108782031534013,2.17333984375,-0.47119140625,6.50244140625,32.43588235294118,327.4425550495158
0.3701889648437499,-0.1763134765625,1.0381396484375005,1.116181097030217,2.13232421875,0.572265625,6.5244140625,32.43588235294118,327.3450697361284
0.3775131835937499,-0.1523876953125,1.0278857421875005,1.1055710345618197,2.32470703125,1.1806640625,6.4482421875,32.43588235294118,327.3450697361284
0.3897202148437499,-0.1348095703125,1.0098193359375005,1.0907752093529417,2.3837890625,1.55810546875,6.22265625,32.43588235294118,327.3450697361284
0.4102280273437499,-0.1387158203125,1.0015185546875005,1.091131765006708,2.44287109375,1.5810546875,5.98828125,32.48294117647059,327.3450697361284
0.4204819335937499,-0.1313916015625,1.0034716796875005,1.0959125062589397,2.46533203125,1.35693359375,5.509765625,32.48294117647059,327.3450697361284
0.4141342773437499,-0.1396923828125,0.9829638671875,1.0757504941588776,2.466796875,1.123046875,5.2236328125,32.48294117647059,327.3450697361284
0.4009506835937499,-0.1504345703125,0.9722216796875,1.062359169524971,2.4443359375,0.67626953125,5.1259765625,32.388823529411766,327.3450697361284
0.3648178710937499,-0.1616650390625,0.9824755859375,1.0604178143013676,2.38330078125,0.40478515625,5.18798828125,32.388823529411766,327.3450697361284
0.3408920898437499,-0.1655712890625,1.0020068359375005,1.071279126999746,2.3603515625,0.3740234375,5.35546875,32.43588235294118,327.3450697361284
0.3267319335937499,-0.1704541015625,1.0239794921875005,1.088274945769662,2.41455078125,0.29052734375,5.45458984375,32.388823529411766,327.26903067580923
0.2998764648437499,-0.1602001953125,1.0322802734375005,1.0868268305822912,2.29931640625,1.45751953125,4.92236328125,32.43588235294118,327.26903067580923
0.3081772460937499,-0.1616650390625,1.0127490234375005,1.0708731877951831,2.2744140625,1.70654296875,4.6708984375,32.43588235294118,327.26903067580923
0.2964584960937499,-0.1426220703125,1.0083544921875005,1.06066369635295,2.28857421875,1.75341796875,4.6328125,32.43588235294118,327.26903067580923
0.2793686523437499,-0.1352978515625,1.0122607421875005,1.058784285264841,2.33740234375,1.51953125,4.7783203125,32.43588235294118,327.26903067580923
0.2681381835937499,-0.1245556640625,1.0059130859375005,1.0484623671888804,2.412109375,1.12451171875,4.953125,32.388823529411766,327.2468021309533
0.2735092773437499,-0.1226025390625,1.0137255859375005,1.0571084480610309,2.4912109375,0.5791015625,4.97119140625,32.43588235294118,327.2468021309533
0.2725327148437499,-0.1118603515625,1.0186083984375005,1.0603536618879572,2.51416015625,0.3349609375,4.779296875,32.388823529411766,327.2468021309533
0.2818100585937499,-0.1089306640625,1.0210498046875005,1.0648124258995535,2.50146484375,0.32958984375,4.3857421875,32.43588235294118,327.2468021309533
0.2847397460937499,-0.1118603515625,1.0156787109375005,1.0607510099494988,2.43408203125,0.47705078125,4.0048828125,32.388823529411766,327.2468021309533
0.2881577148437499,-0.1250439453125,1.0166552734375005,1.0640765018980385,2.3818359375,0.72021484375,3.68603515625,32.43588235294118,327.2468021309533
0.2779038085937499,-0.1357861328125,1.0205615234375005,1.0664024680279751,2.30126953125,0.85546875,3.4853515625,32.43588235294118,327.2468021309533
0.2676499023437499,-0.1465283203125,1.0049365234375005,1.0502401796812342,2.2265625,0.92578125,3.37841796875,32.43588235294118,327.2468021309533
0.2554428710937499,-0.1548291015625,0.9912646484375,1.0352916083525403,2.16748046875,0.88427734375,3.3818359375,32.43588235294118,327.6039918192334
0.2515366210937499,-0.1685009765625,0.9741748046875,1.0201371481039725,2.14208984375,1.04345703125,3.42431640625,32.43588235294118,327.6039918192334
0.24372412109375,-0.1714306640625,0.9590380859375,1.004262898877826,2.12841796875,1.04638671875,3.4716796875,32.43588235294118,327.6039918192334
0.24030615234375,-0.1826611328125,0.9522021484375,0.9988999288134894,2.10400390625,0.9619140625,3.4833984375,32.48294117647059,327.6039918192334
0.24860693359375,-0.1855908203125,0.9385302734375,0.9884778369664252,2.0390625,0.7294921875,3.41748046875,32.388823529411766,327.6039918192334
0.2554428710937499,-0.1811962890625,0.9375537109375,0.9884786879115384,1.89990234375,0.30126953125,3.27392578125,32.48294117647059,327.6039918192334
0.2656967773437499,-0.1758251953125,0.9463427734375,0.9985358890069562,1.7353515625,-0.0322265625,3.099609375,32.388823529411766,327.6039918192334
0.2739975585937499,-0.1489697265625,0.9546435546875,1.0042962501442627,1.56494140625,-0.62451171875,2.92529296875,32.388823529411766,327.6039918192334
0.2730209960937499,-0.1338330078125,0.9834521484375,1.029383245712936,1.462890625,-0.95263671875,2.79541015625,32.48294117647059,327.6039918192334
0.2730209960937499,-0.0986767578125,1.0132373046875005,1.0540054091183786,1.3876953125,-1.06298828125,2.720703125,32.48294117647059,327.5505689915877
0.2686264648437499,-0.0732861328125,1.0244677734375005,1.0616332952997714,1.25,-0.943359375,2.6474609375,32.48294117647059,327.5505689915877
0.2744858398437499,-0.0371533203125,1.0581591796875005,1.0938115445733307,1.353515625,-0.62890625,2.53173828125,32.388823529411766,327.5505689915877
0.2832749023437499,0.0033740234375,1.0913623046875005,1.1275316999644978,1.25537109375,-0.13818359375,2.48046875,32.388823529411766,327.5505689915877
0.2964584960937499,0.0424365234375,1.1045458984375005,1.144425681371549,1.4140625,0.31982421875,2.15283203125,32.388823529411766,327.5505689915877
0.3076889648437499,0.0731982421875,1.1191943359375005,1.163024695928913,1.37646484375,1.0458984375,1.96337890625,32.43588235294118,327.5505689915877
0.3057358398437499,0.0961474609375,1.1133349609375005,1.1585480021368977,1.50830078125,1.5146484375,1.83544921875,32.341764705882355,327.5505689915877
0.2925522460937499,0.1024951171875,1.1074755859375005,1.1500409728307015,1.8486328125,2.07421875,1.80810546875,32.388823529411766,327.5505689915877
0.2793686523437499,0.0888232421875,1.0820849609375005,1.1210906631277302,2.11328125,2.2548828125,1.9228515625,32.43588235294118,327.5505689915877
0.2539780273437499,0.0658740234375,1.0313037109375005,1.064157680764804,2.26513671875,2.1591796875,2.18408203125,32.43588235294118,327.34467835424607
0.22321630859375,0.0414599609375,1.0010302734375005,1.0264531441432267,2.38916015625,1.87744140625,2.44580078125,32.48294117647059,327.34467835424607
0.20173193359375,0.0058154296875,0.9692919921875,0.990079066727873,2.51171875,1.3974609375,2.65869140625,32.43588235294118,327.34467835424607
0.17194677734375,-0.0210400390625,1.0483935546875005,1.0626087817221093,2.5703125,0.83203125,2.73974609375,32.388823529411766,327.34467835424607
0.17145849609375,-0.0591259765625,0.9126513671875,0.9304979392864944,2.611328125,0.189453125,2.63623046875,32.53,327.34467835424607
0.17438818359375,-0.0776806640625,0.8789599609375001,0.8994532434082219,2.54638671875,-0.4287109375,2.29833984375,32.43588235294118,327.34467835424607
0.20514990234375,-0.0762158203125,0.8682177734375001,0.8953755836576781,2.3759765625,-0.88330078125,1.830078125,32.388823529411766,327.34467835424607
0.23102880859375,-0.0625439453125,0.8457568359375001,0.8789713766844243,2.06640625,-1.515625,0.9453125,32.53,327.34467835424607
0.2744858398437499,-0.0229931640625,0.8398974609375001,0.8839111418901751,1.71337890625,-2.205078125,-0.041015625,32.43588235294118,327.40979904604285
0.3120834960937499,-0.1030712890625,0.8467333984375001,0.9082825811346495,1.22607421875,-2.66259765625,-0.99951171875,32.388823529411766,327.40979904604285
0.3394272460937499,0.0614794921875,0.8735888671875001,0.939227391116954,0.662109375,-3.08837890625,-1.525390625,32.43588235294118,327.40979904604285
0.3657944335937499,0.1107958984375,0.9072802734375,0.984499260196558,0.38427734375,-3.4677734375,-1.912109375,32.388823529411766,327.40979904604285
0.3491928710937499,0.1273974609375,0.9326708984375,1.0040123400975864,0.37158203125,-3.69091796875,-1.86572265625,32.53,327.40979904604285
0.3418686523437499,0.1347216796875,0.9995654296875,1.0649672082554984,0.2880859375,-3.841796875,-1.3583984375,32.388823529411766,327.40979904604285
0.3198959960937499,0.1337451171875,1.0430224609375005,1.0991437843650984,0.5263671875,-3.87939453125,-0.5205078125,32.388823529411766,327.40979904604285
0.3023178710937499,0.1186083984375,1.0850146484375005,1.1325726619897367,0.857421875,-3.66455078125,0.28564453125,32.43588235294118,327.40979904604285
0.2720444335937499,0.1044482421875,1.1411669921875005,1.1777859369187889,1.3095703125,-3.169921875,1.44580078125,32.48294117647059,327.40979904604285
0.2603256835937499,0.0863818359375,1.1860888671875005,1.2173898652381718,1.74609375,-2.56396484375,2.34130859375,32.43588235294118,327.4203267765016
0.2544663085937499,0.0668505859375,1.2065966796875005,1.2349484404145854,1.9599609375,-1.5078125,2.6494140625,32.388823529411766,327.4203267765016
0.2705795898437499,0.0619677734375,1.2163623046875005,1.2476339910604797,1.98974609375,-0.18212890625,2.49072265625,32.43588235294118,327.4203267765016
0.3003647460937499,0.0541552734375,1.2046435546875005,1.242705865515726,1.5537109375,1.15234375,1.69970703125,32.43588235294118,327.4203267765016
0.3267319335937499,0.0595263671875,1.1899951171875005,1.2354697583310343,1.283203125,2.34521484375,0.65771484375,32.388823529411766,327.4203267765016
0.3169663085937499,0.0653857421875,1.1489794921875005,1.1936904161181845,1.14404296875,3.32177734375,0.13720703125,32.48294117647059,327.4203267765016
0.2842514648437499,0.0805224609375,1.1118701171875005,1.150451180831153,1.14501953125,3.94189453125,0.1572265625,32.48294117647059,327.4203267765016
0.2539780273437499,0.0971240234375,1.0625537109375005,1.0967945582146017,1.21337890625,4.01806640625,0.7138671875,32.53,327.4203267765016
0.21882177734375,0.1264208984375,1.0171435546875005,1.0480678530724747,1.39013671875,3.7294921875,1.35888671875,32.388823529411766,327.4534737452448
0.19587255859375,0.1479052734375,0.9775927734375,1.0079333607922238,1.5087890625,3.41259765625,1.94921875,32.53,327.4534737452448
0.17194677734375,0.1659716796875,0.9375537109375,0.9675325594468998,1.60595703125,2.90966796875,2.43408203125,32.43588235294118,327.4534737452448
0.17780615234375,0.1708544921875,0.9121630859375,0.9449062285004584,1.59375,2.37451171875,2.5703125,32.53,327.4534737452448
0.19147802734375,0.1762255859375,0.8960498046875001,0.9330726362802502,1.54296875,1.43896484375,2.494140625,32.53,327.4534737452448
0.19782568359375,0.1830615234375,0.8843310546875001,0.9244933405586538,1.453125,0.681640625,1.8974609375,32.43588235294118,327.4534737452448
0.20173193359375,0.1772021484375,0.8872607421875001,0.9269994601236036,1.36865234375,-0.28076171875,1.2802734375,32.388823529411766,327.4534737452448
0.21100927734375,0.1767138671875,0.9058154296875,0.9467070817530856,1.3408203125,-1.3486328125,0.6650390625,32.43588235294118,327.4534737452448
0.22565771484375,0.1547412109375,0.9346240234375,0.973852304929966,1.31884765625,-2.4716796875,0.16650390625,32.43588235294118,327.62621877785267
0.21296240234375,0.2602099609375,0.9443896484375,1.0024639727486575,1.326171875,-3.1025390625,-0.06298828125,32.341764705882355,327.62621877785267
0.20954443359375,0.1259326171875,0.9648974609375,0.99538686139885,1.3681640625,-3.3662109375,-0.0859375,32.43588235294118,327.62621877785267
0.20661474609375,0.1234912109375,1.0127490234375005,1.0409612466157447,1.4755859375,-3.27734375,0.16064453125,32.43588235294118,327.62621877785267
0.19831396484375,0.1151904296875,1.1748583984375005,1.1970336336639698,1.5693359375,-2.90966796875,0.59814453125,32.388823529411766,327.62621877785267
0.20270849609375,0.1161669921875,1.0894091796875005,1.1141803557996672,1.64892578125,-2.34228515625,1.1630859375,32.43588235294118,327.62621877785267
0.21491552734375,0.1068896484375,1.0991748046875005,1.125077478263759,1.783203125,-1.2529296875,1.66748046875,32.43588235294118,327.62621877785267
0.21345068359375,0.1088427734375,1.0933154296875005,1.1192616193048743,1.90283203125,0.08251953125,2.0244140625,32.43588235294118,327.62621877785267
0.19977880859375,0.1200732421875,1.0689013671875005,1.0940197843859425,1.9873046875,1.486328125,2.61376953125,32.43588235294118,327.39848960509653
0.18659521484375,0.1220263671875,1.0405810546875005,1.0641978856707592,1.95654296875,2.267578125,2.91943359375,32.57705882352941,327.39848960509653
0.19440771484375,0.1352099609375,1.0034716796875005,1.0310341919947863,1.88037109375,2.833984375,3.029296875,32.43588235294118,327.39848960509653
0.21198583984375,0.2567919921875,0.9634326171875,1.0193539774811502,1.66845703125,2.77294921875,2.92822265625,32.43588235294118,327.39848960509653
0.21784521484375,0.1234912109375,0.9385302734375,0.9713628008976865,1.5107421875,2.29150390625,2.7060546875,32.43588235294118,327.39848960509653
0.21735693359375,0.1024951171875,0.9414599609375,0.971646100016357,1.4443359375,1.31298828125,2.5517578125,32.43588235294118,327.39848960509653
0.2632553710937499,0.0839404296875,0.9565966796875,0.995704069357447,1.40234375,-0.4287109375,2.4033203125,32.48294117647059,327.39848960509653
0.3589584960937499,0.0697802734375,0.9795458984375,1.0455767095840591,1.34375,-2.736328125,2.16455078125,32.43588235294118,327.39848960509653
0.4297592773437499,0.0517138671875,0.9956591796875,1.085681611992436,1.36083984375,-4.580078125,1.92626953125,32.43588235294118,327.39848960509653
0.4336655273437499,0.0165576171875,1.0215380859375005,1.109900898870756,1.43505859375,-4.89697265625,1.78369140625,32.48294117647059,327.7233169933951
0.4297592773437499,-0.0063916015625,1.0689013671875005,1.1520781318160949,1.57080078125,-4.73291015625,1.841796875,32.53,327.7233169933951
0.4322006835937499,-0.0332470703125,1.1489794921875005,1.2280295892407134,1.69677734375,-4.54931640625,2.0087890625,32.43588235294118,327.7233169933951
0.4136459960937499,-0.0601025390625,1.1934130859375005,1.2644959940517873,1.8271484375,-3.79052734375,2.37158203125,32.388823529411766,327.7233169933951
0.3833725585937499,-0.0688916015625,1.2022021484375005,1.2637288384603345,1.859375,-2.064453125,2.57177734375,32.43588235294118,327.7233169933951
0.3247788085937499,-0.0576611328125,1.1860888671875005,1.2311023034723492,1.87109375,0.45166015625,2.85986328125,32.48294117647059,327.7233169933951
0.2769272460937499,-0.0376416015625,1.1792529296875005,1.2119171019396544,1.50439453125,2.89794921875,3.197265625,32.388823529411766,327.7233169933951
0.24323583984375,-0.0259228515625,1.1406787109375005,1.1666120133119078,1.27978515625,4.8935546875,3.5654296875,32.388823529411766,327.7233169933951
0.3306381835937499,-0.0029736328125,1.1035693359375005,1.152039812751197,1.05224609375,6.57177734375,3.888671875,32.48294117647059,327.4959759425758
0.17438818359375,0.0243701171875,1.0459521484375005,1.0606700891464238,0.99560546875,7.404296875,4.1015625,32.388823529411766,327.4959759425758
0.16315771484375,0.0453662109375,0.9941943359375,1.008514209427942,0.7216796875,8.0712890625,4.15869140625,32.43588235294118,327.4959759425758
0.16462255859375,0.0648974609375,0.9439013671875,0.9603447600796908,0.630859375,8.13916015625,4.064453125,32.48294117647059,327.4959759425758
0.17634130859375,0.0893115234375,0.8980029296875001,0.9195009880704949,0.6416015625,7.74169921875,3.841796875,32.43588235294118,327.4959759425758
0.19977880859375,0.1029833984375,0.8633349609375001,0.8921123289663863,0.72021484375,6.5400390625,3.53271484375,32.48294117647059,327.4959759425758
0.23493505859375,0.1098193359375,0.8467333984375001,0.8855575736967758,0.8037109375,5.03173828125,3.19091796875,32.43588235294118,327.4959759425758
0.2608139648437499,0.1190966796875,0.8218310546875001,0.8704103778212163,0.9013671875,3.0517578125,2.7890625,32.53,327.4959759425758
0.2866928710937499,0.1239794921875,0.8438037109375001,0.8997602010596735,0.8759765625,0.44580078125,2.31396484375,32.53,327.4959759425758
0.2891342773437499,0.1186083984375,0.8960498046875001,0.948984633698306,1.01611328125,-2.412109375,1.90185546875,32.43588235294118,327.2253561909638
0.2783920898437499,0.1132373046875,0.9502490234375,0.9966433912911792,1.23583984375,-4.0146484375,1.560546875,32.388823529411766,327.2253561909638
0.24763037109375,0.0854052734375,1.0205615234375005,1.0536416300336815,1.2666015625,-4.56640625,1.2978515625,32.48294117647059,327.2253561909638
0.2500717773437499,0.0565966796875,1.0962451171875005,1.125829665150527,1.279296875,-3.91552734375,1.1337890625,32.48294117647059,327.2253561909638
0.2588608398437499,0.0263232421875,1.1558154296875005,1.1847409653538508,1.24072265625,-2.39697265625,1.1650390625,32.341764705882355,327.2253561909638
0.2569077148437499,0.0004443359375,1.1890185546875005,1.2164566966282917,1.37060546875,0.02001953125,1.40185546875,32.53,327.2253561909638
0.24811865234375,-0.0068798828125,1.1870654296875005,1.21273844368337,1.2861328125,2.75244140625,1.64453125,32.624117647058824,327.2253561909638
0.24421240234375,-0.0156689453125,1.1602099609375005,1.1857370563342902,1.23291015625,5.19921875,2.0078125,32.48294117647059,327.2253561909638
0.21198583984375,-0.0181103515625,1.1006396484375005,1.1210145480057794,1.08935546875,6.6611328125,2.2919921875,32.43588235294118,327.2253561909638
0.19977880859375,-0.0098095703125,1.0566943359375005,1.0754583765238193,0.9609375,7.25048828125,2.29345703125,32.388823529411766,327.2253561909638
0.20026708984375,-4.394531249999993e-05,0.9966357421875,1.0165577759337163,0.8515625,7.46240234375,2.13330078125,32.341764705882355,327.2253561909638
0.19733740234375,0.0009326171875,0.9639208984375,0.9839138268075892,0.771484375,6.84716796875,1.8876953125,32.48294117647059,327.2253561909638
0.18464208984375,0.0063037109375,0.9136279296875,0.9321203956670612,0.72705078125,5.638671875,1.68603515625,32.43588235294118,327.2253561909638
0.17145849609375,0.0087451171875,0.9072802734375,0.9233807381173698,0.73779296875,4.328125,1.599609375,32.341764705882355,327.2253561909638
0.15388037109375,-0.0019970703125,0.8853076171875001,0.8985837378608587,0.703125,2.64453125,1.5849609375,32.48294117647059,327.2253561909638
0.13874365234375,-0.0142041015625,0.8892138671875001,0.9000849177524475,0.59716796875,0.90966796875,1.6240234375,32.48294117647059,327.2253561909638
0.12458349609375,-0.0166455078125,0.9111865234375,0.9198146557450556,0.52392578125,-0.70068359375,1.57177734375,32.341764705882355,327.2253561909638
0.12360693359375,-0.0059033203125,0.9561083984375,0.9640833951406296,0.53564453125,-1.4609375,1.46044921875,32.388823529411766,327.60438156585485
0.12263037109375,-0.0112744140625,0.9902880859375,0.9979157346573914,0.576171875,-1.73974609375,1.29736328125,32.48294117647059,327.60438156585485
0.11823583984375,-0.0073681640625,1.0366748046875005,1.0434216091010746,0.58154296875,-1.7255859375,1.2041015625,32.43588235294118,327.60438156585485
0.10895849609375,-0.0078564453125,1.0723193359375005,1.0778693964620212,0.57958984375,-1.04248046875,1.16357421875,32.43588235294118,327.60438156585485
0.10114599609375,-0.0039501953125,1.0967333984375005,1.101394690298202,0.60498046875,-0.23828125,1.19189453125,32.388823529411766,327.60438156585485
0.09968115234375,0.0028857421875,1.1128466796875005,1.1173058632854498,0.64501953125,0.900390625,1.30224609375,32.48294117647059,327.60438156585485
0.09772802734375,0.0141162109375,1.1338427734375005,1.1381342054503834,0.734375,2.02294921875,1.4658203125,32.53,327.60438156585485
0.09675146484375,0.0224169921875,1.1157763671875005,1.120187604404852,0.818359375,3.1826171875,1.6728515625,32.388823529411766,327.60438156585485
0.09186865234375,0.0316943359375,1.0879443359375005,1.0922761822508371,0.9541015625,3.77734375,1.83837890625,32.48294117647059,327.18207328011783
0.08747412109375,0.0360888671875,1.0679248046875005,1.0721089108214876,1.0087890625,4.220703125,1.93505859375,32.43588235294118,327.18207328011783
0.10798193359375,0.0390185546875,1.0503466796875005,1.0566033755024176,1.06298828125,4.1533203125,1.93212890625,32.388823529411766,327.18207328011783
0.09235693359375,0.0380419921875,1.0195849609375005,1.02446595303229,1.08349609375,3.96142578125,1.81396484375,32.53,327.18207328011783
0.09577490234375,0.0365771484375,0.9941943359375,0.9994664062973704,1.02587890625,3.3447265625,1.5556640625,32.48294117647059,327.18207328011783
0.10700537109375,0.0492724609375,0.9795458984375,0.98660432392904,0.90478515625,2.31298828125,1.16943359375,32.341764705882355,327.18207328011783
0.11384130859375,0.0517138671875,0.9712451171875,0.9792605604548692,0.78662109375,1.478515625,0.86376953125,32.53,327.18207328011783
0.11432958984375,0.0409716796875,0.9829638671875,0.9904382352506697,0.6962890625,0.45361328125,0.39990234375,32.388823529411766,327.18207328011783
0.09235693359375,0.0404833984375,0.9834521484375,0.9886085357704658,0.74462890625,-0.62451171875,0.29541015625,32.43588235294118,327.3119225438789
0.07917333984375,0.0331591796875,1.0083544921875005,1.0120013492354016,0.59326171875,-1.158203125,0.34228515625,32.341764705882355,327.3119225438789
0.06794287109375,0.0375537109375,1.0254443359375005,1.028378627278854,0.6484375,-1.4560546875,0.4765625,32.43588235294118,327.3119225438789
0.0576889648437499,0.0375537109375,1.0488818359375005,1.0511381467863974,0.740234375,-1.41650390625,0.65185546875,32.43588235294118,327.3119225438789
0.0479233398437499,0.0282763671875,1.0591357421875005,1.0605963981751818,0.81787109375,-1.220703125,0.708984375,32.43588235294118,327.3119225438789
0.0488999023437499,0.0321826171875,1.0728076171875005,1.074403604235293,0.8955078125,-0.73828125,0.642578125,32.388823529411766,327.3119225438789
0.0601303710937499,0.0307177734375,1.0698779296875005,1.0720065426877028,0.9130859375,-0.15576171875,0.501953125,32.388823529411766,327.3119225438789
0.06354833984375,0.0258349609375,1.0615771484375005,1.063791275950425,0.89111328125,0.306640625,0.34326171875,32.43588235294118,327.3119225438789
0.0581772460937499,0.0209521484375,1.0488818359375005,1.0507029505273224,0.8212890625,0.5,0.2080078125,32.48294117647059,327.3119225438789
0.0552475585937499,0.0263232421875,1.0498583984375005,1.0516405576904997,0.775390625,0.822265625,0.09326171875,32.388823529411766,327.787661576393
0.0547592773437499,0.0253466796875,1.0322802734375005,1.0340423567507238,0.69970703125,0.99853515625,-0.00830078125,32.388823529411766,327.787661576393
0.0493881835937499,0.0209521484375,1.0200732421875005,1.0214830417729683,0.66943359375,0.8408203125,-0.09619140625,32.43588235294118,327.787661576393
0.0493881835937499,0.0175341796875,1.0171435546875005,1.0184928330520189,0.64990234375,0.6611328125,-0.16796875,32.48294117647059,327.787661576393
0.0508530273437499,0.0214404296875,1.0273974609375005,1.028878644523265,0.65869140625,0.5419921875,-0.27099609375,32.43588235294118,327.787661576393
0.0532944335937499,0.0263232421875,1.0264208984375005,1.0281405888693362,0.705078125,0.44873046875,-0.3427734375,32.48294117647059,327.787661576393
0.0503647460937499,0.0214404296875,1.0181201171875005,1.0195905416862996,0.7578125,0.3681640625,-0.3955078125,32.341764705882355,327.787661576393
0.0396225585937499,0.0238818359375,1.0264208984375005,1.0274629676959195,0.8115234375,-0.02587890625,-0.34912109375,32.43588235294118,327.787661576393
0.0454819335937499,0.0229052734375,1.0371630859375005,1.038412502171498,0.97021484375,-0.1337890625,-0.5166015625,32.48294117647059,327.6472765062687
0.0562241210937499,0.0282763671875,1.0298388671875005,1.0317600482205738,1.1220703125,0.00830078125,-0.85986328125,32.341764705882355,327.6472765062687
0.20710302734375,0.0321826171875,1.0269091796875005,1.0480791230200313,0.90966796875,0.2724609375,-1.2353515625,32.43588235294118,327.6472765062687
0.09040380859375,0.0277880859375,1.0405810546875005,1.0448703066423486,0.8212890625,0.494140625,-1.41357421875,32.48294117647059,327.6472765062687
0.0523178710937499,0.0214404296875,1.0293505859375005,1.0309022652176305,0.74267578125,0.50439453125,-1.22021484375,32.43588235294118,327.6472765062687
-0.00041650390625,-0.1113720703125,0.9272998046875,0.9339640460396064,0.787109375,0.76416015625,-0.833984375,32.43588235294118,327.6472765062687
-0.02776025390625,0.0014208984375,1.0479052734375005,1.048273872968048,0.857421875,0.935546875,-0.35791015625,32.48294117647059,327.6472765062687
-0.00432275390625,0.1371630859375,1.0278857421875005,1.037006025699745,0.8193359375,0.70361328125,-0.2978515625,32.43588235294118,327.6472765062687
-0.00578759765625,0.0155810546875,1.0269091796875005,1.0270436840165371,0.87158203125,0.58642578125,-0.2431640625,32.341764705882355,327.6145209926637
0.0156967773437499,0.0150927734375,1.0132373046875005,1.013471270554526,0.83642578125,0.49560546875,-0.296875,32.43588235294118,327.6145209926637
0.0469467773437499,-0.1069775390625,1.0059130859375005,1.0126743455954323,0.80517578125,0.06982421875,-0.34130859375,32.53,327.6145209926637
0.0479233398437499,0.0053271484375,0.9922412109375,0.9934121227843816,0.83154296875,-0.306640625,-0.29443359375,32.388823529411766,327.6145209926637
0.0572006835937499,0.0087451171875,0.9985888671875,1.000264025619751,0.853515625,-0.65869140625,-0.1455078125,32.388823529411766,327.6145209926637
0.0542709960937499,0.0043505859375,1.0098193359375005,1.0112859931039595,0.84326171875,-1.0849609375,-0.01220703125,32.43588235294118,327.6145209926637
0.0532944335937499,-0.0044384765625,1.0127490234375005,1.014160037272168,0.84228515625,-1.39208984375,-0.06103515625,32.43588235294118,327.6145209926637
0.0567124023437499,0.0072802734375,1.0142138671875005,1.015824328984273,0.81005859375,-1.45361328125,-0.2373046875,32.43588235294118,327.6145209926637
0.0615952148437499,0.0092333984375,1.0190966796875005,1.0209981727155248,0.6767578125,-1.41162109375,-0.4482421875,32.388823529411766,327.6145209926637
0.0493881835937499,0.0116748046875,1.0327685546875005,1.0340146910438408,0.662109375,-1.2646484375,-0.5361328125,32.48294117647059,327.4526919746601
0.0279038085937499,-0.0044384765625,1.0503466796875005,1.0507266391116143,0.7841796875,-1.1416015625,-0.61279296875,32.53,327.4526919746601
0.0137436523437499,-0.0205517578125,1.0503466796875005,1.050637620809138,0.9482421875,-1.1689453125,-0.271484375,32.43588235294118,327.4526919746601
0.0152084960937499,-0.0454541015625,1.0464404296875005,1.0475375633297586,1.0458984375,-1.451171875,-0.04541015625,32.53,327.4526919746601
0.0220444335937499,-0.0469189453125,1.0381396484375005,1.0394331503947924,1.0849609375,-1.83447265625,0.10693359375,32.53,327.4526919746601
0.0342514648437499,-0.0581494140625,1.0332568359375005,1.0354584521898158,1.09521484375,-2.2197265625,0.1298828125,32.43588235294118,327.4526919746601
0.0445053710937499,-0.0561962890625,1.0254443359375005,1.0279469038169673,1.05712890625,-2.3798828125,0.06103515625,32.53,327.4526919746601
0.0454819335937499,-0.0561962890625,1.0435107421875005,1.0460120927831236,1.16259765625,-2.74169921875,0.04541015625,32.48294117647059,327.4526919746601
0.0308334960937499,-0.0630322265625,0.9277880859375,0.9304377993581084,1.36669921875,-3.0224609375,0.28564453125,32.53,327.35520598595303
0.0342514648437499,-0.0654736328125,1.1753466796875005,1.1776670908580404,1.53955078125,-3.337890625,0.50390625,32.43588235294118,327.35520598595303
0.0405991210937499,-0.0591259765625,1.0361865234375005,1.0386658178122297,1.59765625,-3.72607421875,1.037109375,32.388823529411766,327.35520598595303
0.07429052734375,-0.0435009765625,1.0303271484375005,1.03391752583185,1.49169921875,-4.02587890625,1.21533203125,32.48294117647059,327.35520598595303
0.10749365234375,-0.0093212890625,1.0264208984375005,1.032076369496575,1.375,-4.24755859375,1.21923828125,32.388823529411766,327.35520598595303
0.10309912109375,0.0272998046875,1.0244677734375005,1.0300043334463544,1.21630859375,-4.11572265625,1.14111328125,32.48294117647059,327.35520598595303
0.09528662109375,0.0658740234375,1.0166552734375005,1.0232335374349235,1.041015625,-3.5859375,1.00390625,32.57705882352941,327.35520598595303
0.09528662109375,0.1049365234375,1.0044482421875005,1.0144000617824174,0.85546875,-2.9482421875,0.7978515625,32.388823529411766,327.35520598595303
0.10456396484375,0.1273974609375,0.9893115234375,1.0029461731336304,0.8076171875,-2.01611328125,0.455078125,32.48294117647059,327.300613274655
0.11091162109375,0.1405810546875,1.0083544921875005,1.0241304616822045,0.98828125,-1.25537109375,0.2373046875,32.388823529411766,327.300613274655
0.15290380859375,0.1352099609375,1.0000537109375005,1.020670727011929,1.126953125,-0.98828125,-0.31689453125,32.43588235294118,327.300613274655
0.18317724609375,0.0932177734375,0.9819873046875,1.003265928524714,0.9453125,-1.052734375,-0.865234375,32.43588235294118,327.300613274655
0.16169287109375,0.0448779296875,0.9756396484375,0.989965320977874,0.72998046875,-1.0537109375,-1.28515625,32.388823529411766,327.300613274655
0.19636083984375,0.0238818359375,1.0244677734375005,1.0433897355848762,0.44677734375,-1.54638671875,-1.52880859375,32.388823529411766,327.300613274655
0.24665380859375,0.1371630859375,1.0308154296875005,1.06875266714031,0.412109375,-2.62939453125,-1.57666015625,32.48294117647059,327.300613274655
0.21931005859375,-0.0210400390625,1.0293505859375005,1.0526643405255167,0.36669921875,-3.4228515625,-1.48583984375,32.48294117647059,327.300613274655
0.20905615234375,-0.0254345703125,1.0415576171875005,1.0626352441553302,0.529296875,-3.76904296875,-1.142578125,32.43588235294118,327.300613274655
0.14167333984375,-0.0498486328125,1.0732958984375005,1.0837528809735728,0.7001953125,-3.98828125,-0.615234375,32.388823529411766,327.2249650388252
0.13483740234375,-0.0737744140625,1.0908740234375005,1.1016487299733049,0.72314453125,-4.400390625,0.240234375,32.43588235294118,327.2249650388252
0.17829443359375,-0.0288525390625,1.0635302734375005,1.078757626429085,0.95654296875,-4.59619140625,0.58447265625,32.48294117647059,327.2249650388252
0.20026708984375,-0.0034619140625,1.0864794921875005,1.1047880244949568,1.029296875,-4.2841796875,0.671875,32.43588235294118,327.2249650388252
0.2544663085937499,0.0331591796875,1.0654833984375005,1.0959505033316068,0.99609375,-4.1162109375,0.56787109375,32.43588235294118,327.2249650388252
0.3067124023437499,0.0277880859375,1.0679248046875005,1.1114441344207904,0.2890625,-3.861328125,0.3466796875,32.388823529411766,327.2249650388252
0.3345444335937499,0.0473193359375,1.0869677734375005,1.1382697562940896,-0.22021484375,-3.1357421875,0.06591796875,32.48294117647059,327.2249650388252
0.3633530273437499,-0.0415478515625,1.1001513671875005,1.1593466596207769,-0.880859375,-3.3017578125,-0.3955078125,32.43588235294118,327.2249650388252
0.22321630859375,0.1811083984375,1.1611865234375005,1.1962357270286177,-1.10498046875,-2.0107421875,0.28662109375,32.43588235294118,327.59307329535466
0.2661850585937499,0.2304248046875,1.2734912109375005,1.3212607389795896,0.6533203125,-0.69091796875,1.43798828125,32.388823529411766,327.59307329535466
0.60016943359375,0.0863818359375,1.5249560546875005,1.6410838306827114,5.1162109375,-2.01220703125,0.3232421875,32.388823529411766,327.59307329535466
0.3447983398437499,-0.1733837890625,0.6582568359375001,0.7630530096442346,3.2578125,0.96826171875,0.50732421875,32.43588235294118,327.59307329535466
0.3482163085937499,0.1230029296875,0.8267138671875001,0.9054502396501296,0.75830078125,2.11376953125,1.57373046875,32.43588235294118,327.59307329535466
0.60114599609375,0.0575732421875,1.1323779296875005,1.283343664993472,1.5859375,-0.5048828125,1.591796875,32.48294117647059,327.59307329535466
0.4092514648437499,-0.1182080078125,0.8091357421875001,0.91441814498241,0.37451171875,0.271484375,1.14990234375,32.48294117647059,327.59307329535466
0.2862045898437499,0.0233935546875,0.9775927734375,1.018895458977892,-0.02587890625,1.1826171875,0.93994140625,32.43588235294118,327.59307329535466
0.19782568359375,-0.0034619140625,0.9072802734375,0.9286035109276378,-0.03466796875,1.72412109375,1.20947265625,32.48294117647059,327.59307329535466
0.2500717773437499,0.0243701171875,0.8369677734375001,0.8738677532719245,-1.24853515625,1.9208984375,1.4873046875,32.388823529411766,327.5279517633388
0.18122412109375,0.0570849609375,0.9033740234375,0.9231389391923054,-1.44677734375,1.23095703125,1.4033203125,32.48294117647059,327.5279517633388
0.2661850585937499,0.0771044921875,1.0459521484375005,1.0820422750313747,-0.44677734375,-0.85693359375,1.078125,32.57705882352941,327.5279517633388
0.3330795898437499,0.0458544921875,0.8125537109375001,0.879368057631477,-0.638671875,-3.20361328125,0.7978515625,32.43588235294118,327.5279517633388
0.52790380859375,0.1508349609375,1.1221240234375005,1.2492381440479503,0.7548828125,-7.41162109375,-0.61865234375,32.43588235294118,327.5279517633388
0.4605209960937499,0.0287646484375,0.9927294921875,1.0947231784801874,1.81689453125,-9.4814453125,-2.35009765625,32.53,327.5279517633388
0.4634506835937499,-0.1240673828125,1.0239794921875005,1.1308020392721392,2.74267578125,-10.298828125,-3.97607421875,32.388823529411766,327.5279517633388
0.4502670898437499,-0.1904736328125,0.8325732421875001,0.9655044591299184,0.16162109375,-11.03955078125,-2.859375,32.43588235294118,327.5279517633388
0.3555405273437499,-0.2808056640625,0.9834521484375,1.0827922311412232,-2.09716796875,-8.8740234375,-2.17431640625,32.43588235294118,327.2900854067259
0.3418686523437499,-0.0644970703125,1.1909716796875005,1.2407447720429423,0.36669921875,-3.9033203125,-1.0703125,32.48294117647059,327.2900854067259
0.2901108398437499,0.1435107421875,1.0654833984375005,1.1135593854231476,-1.0126953125,-4.625,2.38720703125,32.388823529411766,327.2900854067259
0.63239599609375,0.1356982421875,1.2061083984375005,1.3685891193450486,-2.43994140625,-5.70458984375,2.83740234375,32.43588235294118,327.2900854067259
0.74811865234375,-0.0112744140625,1.2515185546875005,1.4581177329434585,-3.1396484375,-6.4580078125,2.00927734375,32.43588235294118,327.2900854067259
0.73591162109375,-0.0405712890625,1.2188037109375005,1.424322445709554,-3.32763671875,-6.0703125,1.31982421875,32.48294117647059,327.2900854067259
0.53181005859375,0.0678271484375,1.1523974609375005,1.2710005383405028,-3.2734375,-3.76904296875,1.5224609375,32.43588235294118,327.2900854067259
0.75397802734375,0.0956591796875,1.3828662109375005,1.577958333330857,-2.10888671875,-3.07861328125,0.568359375,32.43588235294118,327.2900854067259
0.80329443359375,-0.0151806640625,1.3579638671875005,1.5778397460423264,-0.36572265625,-1.20849609375,-1.13818359375,32.43588235294118,327.8960698612777
0.52936865234375,-0.0400830078125,1.0815966796875005,1.204860653814606,-0.19921875,2.10693359375,-1.54296875,32.53,327.8960698612777
0.23347021484375,-0.1509228515625,0.9199755859375,0.9610624990415502,-1.583984375,6.96435546875,-1.10205078125,32.48294117647059,327.8960698612777
0.14020849609375,-0.1855908203125,0.9116748046875,0.9408790169108509,-2.9345703125,10.9814453125,-0.95849609375,32.48294117647059,327.8960698612777
0.18464208984375,-0.0435009765625,1.0010302734375005,1.0188457413377725,-3.1455078125,13.01123046875,-1.14794921875,32.53,327.8960698612777
0.2739975585937499,0.1029833984375,1.0483935546875005,1.0884894523969284,-3.4375,13.01708984375,-1.2802734375,32.388823529411766,327.8960698612777
0.4483139648437499,0.1840380859375,1.0928271484375005,1.1954608335330354,-3.4912109375,11.4912109375,-1.92138671875,32.48294117647059,327.8960698612777
0.57770849609375,0.1718310546875,1.1484912109375005,1.297037038566982,-3.0556640625,8.69873046875,-3.22509765625,32.43588235294118,327.8960698612777
0.58893896484375,0.2357958984375,1.1792529296875005,1.33906171710184,-1.76025390625,5.3505859375,-4.22607421875,32.43588235294118,327.8960698612777
0.73884130859375,0.1952685546875,1.3276904296875005,1.5319197644844358,0.177734375,2.50732421875,-4.94189453125,32.341764705882355,327.7338464116117
0.54450537109375,0.0663623046875,1.1387255859375005,1.2639564924086917,1.84228515625,2.79150390625,-4.4345703125,32.43588235294118,327.7338464116117
0.3408920898437499,-0.0674267578125,1.0371630859375005,1.0938286206799233,2.88525390625,6.2109375,-3.0830078125,32.388823529411766,327.7338464116117
0.0352280273437499,-0.2275830078125,0.8374560546875001,0.8685434260232873,3.53955078125,12.86669921875,-1.1552734375,32.48294117647059,327.7338464116117
0.0230209960937499,-0.4102001953125,0.7798388671875001,0.8814436030012611,3.4541015625,15.99951171875,-0.6640625,32.43588235294118,327.7338464116117
0.0171616210937499,-0.5391064453125,0.7153857421875001,0.8959391947789789,2.80419921875,15.99951171875,-0.513671875,32.43588235294118,327.7338464116117
-0.01897119140625,-0.5068798828125,0.7305224609375001,0.8893538034087264,1.47705078125,15.99951171875,0.5625,32.48294117647059,327.7338464116117
-0.07512353515625,-0.4116650390625,0.7300341796875001,0.8414639347189534,-0.1650390625,15.99951171875,3.17724609375,32.48294117647059,327.7338464116117
-0.02238916015625,-0.2944775390625,0.7788623046875001,0.8329734600621634,-1.2900390625,15.99951171875,5.66845703125,32.43588235294118,327.7338464116117
0.0366928710937499,-0.1899853515625,0.7197802734375001,0.7453351210208677,-1.99267578125,15.99951171875,6.93115234375,32.48294117647059,327.50611480247795
0.07429052734375,-0.1304150390625,0.6152880859375001,0.6333297668381918,-1.71630859375,13.2421875,6.419921875,32.341764705882355,327.50611480247795
0.0542709960937499,-0.1133251953125,0.3779833984375,0.3983207129989426,-1.45263671875,8.77978515625,3.9794921875,32.43588235294118,327.50611480247795
-0.16154931640625,-0.0835400390625,0.5005419921875001,0.5325592978259999,-0.64208984375,1.4873046875,2.83837890625,32.388823529411766,327.50611480247795
0.23444677734375,0.3153857421875,0.7461474609375001,0.8433086571626716,1.81884765625,-9.83935546875,1.86279296875,32.624117647058824,327.50611480247795
0.4068100585937499,0.3749560546875,0.6816943359375001,0.8779485374263887,3.3251953125,16.0,0.4072265625,32.48294117647059,327.50611480247795
0.4551499023437499,0.2309130859375,0.6133349609375001,0.797911060939068,3.06982421875,16.0,-0.474609375,32.48294117647059,327.50611480247795
0.10505224609375,0.0468310546875,0.7964404296875001,0.8047027278028173,2.181640625,16.0,2.056640625,32.53,327.50611480247795
-0.34660791015625,-0.0693798828125,1.1475146484375005,1.2007249809596698,4.00732421875,16.0,5.18310546875,32.53,327.4195462599392
-0.30461572265625,-0.1196728515625,1.3359912109375005,1.3754944004221676,5.86376953125,-12.81884765625,4.60791015625,32.388823529411766,327.4195462599392
-0.16545556640625,-0.4282666015625,1.4375537109375005,1.5090886316909569,5.45947265625,-3.1337890625,1.3017578125,32.341764705882355,327.4195462599392
0.0537827148437499,-0.4819775390625,1.5166552734375005,1.5923059213048498,2.85595703125,3.3056640625,-0.689453125,32.43588235294118,327.4195462599392
0.19196630859375,-0.2236767578125,1.3940966796875005,1.4249168073737972,1.2080078125,7.8984375,-1.83642578125,32.43588235294118,327.4195462599392
0.08845068359375,0.1889208984375,1.4111865234375005,1.4265209543593296,1.9580078125,11.287109375,-0.951171875,32.43588235294118,327.4195462599392
0.18073583984375,0.1508349609375,1.0288623046875005,1.055449795704143,2.849609375,11.4033203125,-0.5732421875,32.48294117647059,327.4195462599392
0.21735693359375,0.2030810546875,0.8682177734375001,0.9177625256388688,2.5576171875,7.5771484375,-0.162109375,32.43588235294118,327.4195462599392
0.2779038085937499,0.1464404296875,0.7896044921875001,0.8497944341784377,2.22216796875,2.62353515625,-0.63623046875,32.43588235294118,327.59268405335854
0.2554428710937499,-0.0181103515625,0.7793505859375001,0.8203452815902949,2.1240234375,-1.375,-1.69140625,32.43588235294118,327.59268405335854
0.06989599609375,-0.1704541015625,0.8491748046875001,0.8689291685318605,1.765625,-3.84814453125,-1.55419921875,32.43588235294118,327.59268405335854
-0.00725244140625,-0.2080517578125,0.8765185546875001,0.9009011646938228,1.3916015625,-4.703125,-0.84375,32.57705882352941,327.59268405335854
0.0488999023437499,-0.1987744140625,0.9717333984375,0.993060051444026,0.90283203125,-4.23876953125,-0.23291015625,32.48294117647059,327.59268405335854
0.0108139648437499,-0.1626416015625,1.0337451171875005,1.0465171760193217,0.52294921875,-2.37646484375,0.56005859375,32.48294117647059,327.59268405335854
-0.03264306640625,-0.1240673828125,1.0508349609375005,1.058637048468862,0.21484375,-0.60009765625,0.93798828125,32.48294117647059,327.59268405335854
-0.02873681640625,-0.0810986328125,1.0586474609375005,1.062138051013445,-0.095703125,1.10009765625,0.9140625,32.388823529411766,327.59268405335854
0.0357163085937499,-0.0259228515625,1.0518115234375005,1.0527369708377352,-0.35986328125,1.86328125,0.4150390625,32.48294117647059,327.59268405335854
0.20612646484375,0.0219287109375,1.0342333984375005,1.0548022138372404,-0.2978515625,2.013671875,-0.15576171875,32.43588235294118,327.36534377862256
0.12946630859375,0.0219287109375,1.0054248046875005,1.013963229759921,-0.06689453125,2.126953125,-0.5166015625,32.48294117647059,327.36534377862256
0.15290380859375,0.0312060546875,0.9946826171875,1.0068499895548533,0.369140625,1.8115234375,-0.68896484375,32.388823529411766,327.36534377862256
0.18708349609375,-0.0112744140625,0.9507373046875,0.9690349681242496,0.6357421875,1.259765625,-0.6044921875,32.48294117647059,327.36534377862256
0.16511083984375,-0.0693798828125,1.0449755859375005,1.0602118339173576,0.9287109375,0.6953125,-0.34423828125,32.388823529411766,327.36534377862256
0.13483740234375,-0.0718212890625,0.9263232421875,0.938836605405952,0.984375,-0.30615234375,0.3369140625,32.43588235294118,327.36534377862256
0.15192724609375,-0.1387158203125,0.9146044921875,0.9374568491616856,0.94091796875,-1.44189453125,0.5712890625,32.43588235294118,327.36534377862256
0.10407568359375,-0.1514111328125,0.9146044921875,0.9328764420782776,0.77783203125,-2.36669921875,0.80029296875,32.388823529411766,327.36534377862256
0.12653662109375,-0.1069775390625,0.9468310546875,0.9612204515418592,0.71630859375,-3.2470703125,0.86474609375,32.43588235294118,327.36534377862256
0.13190771484375,-0.1147900390625,0.9717333984375,0.987340972482234,0.61083984375,-3.84228515625,0.552734375,32.48294117647059,327.5166440188819
0.09040380859375,-0.0942822265625,1.0366748046875005,1.0448715890135518,0.68798828125,-4.37890625,0.61376953125,32.43588235294118,327.5166440188819
0.08649755859375,-0.1299267578125,1.0366748046875005,1.0483594043610305,0.6767578125,-4.8662109375,0.6357421875,32.388823529411766,327.5166440188819
0.09089208984375,-0.1113720703125,1.0493701171875005,1.0591707855147652,0.6533203125,-4.90673828125,0.54150390625,32.388823529411766,327.5166440188819
0.13337255859375,-0.0088330078125,1.1172412109375005,1.125208507268742,0.79736328125,-4.89990234375,0.62744140625,32.43588235294118,327.5166440188819
0.24128271484375,0.1649951171875,1.1670458984375005,1.203094703769358,1.162109375,-4.59716796875,0.5546875,32.53,327.5166440188819
0.2925522460937499,0.2294482421875,1.1987841796875005,1.2551162583627322,1.220703125,-2.68994140625,-0.2890625,32.388823529411766,327.5166440188819
0.2505600585937499,0.2060107421875,1.2407763671875005,1.2824768076773,1.203125,0.25927734375,-1.4326171875,32.43588235294118,327.5166440188819
0.15729833984375,0.0761279296875,1.2178271484375005,1.2303012610200472,1.22021484375,3.49951171875,-1.74267578125,32.48294117647059,327.6032136562743
0.13386083984375,-0.0166455078125,1.1475146484375005,1.155415797776995,1.3466796875,5.86181640625,-1.0888671875,32.48294117647059,327.6032136562743
0.15729833984375,-0.0908642578125,1.1724169921875005,1.1864066270193374,1.41748046875,6.62646484375,-0.318359375,32.388823529411766,327.6032136562743
0.15192724609375,-0.0933056640625,0.9761279296875,0.9922769624292302,1.5986328125,5.82666015625,0.5439453125,32.43588235294118,327.6032136562743
0.3335678710937499,-0.1518994140625,0.8877490234375001,0.9604370282495268,1.48974609375,3.99853515625,-0.822265625,32.43588235294118,327.6032136562743
0.23981787109375,-0.2012158203125,0.8872607421875001,0.9408677071018456,1.00537109375,1.33154296875,-1.03759765625,32.48294117647059,327.6032136562743
0.18220068359375,-0.1611767578125,0.8975146484375001,0.929896542912634,0.9306640625,-1.38427734375,-0.59130859375,32.43588235294118,327.6032136562743
0.24958349609375,-0.1250439453125,0.9175341796875,0.959060415550818,1.04931640625,-3.732421875,-0.15869140625,32.48294117647059,327.6032136562743
0.2715561523437499,-0.1079541015625,0.9434130859375,0.9876361084114056,1.0791015625,-4.962890625,0.1689453125,32.43588235294118,327.40823825770445
0.21296240234375,-0.1011181640625,0.9956591796875,1.0231886776207884,1.1162109375,-5.4814453125,0.802734375,32.43588235294118,327.40823825770445
0.16804052734375,-0.0649853515625,0.9326708984375,0.9499135326648848,1.2294921875,-5.4052734375,1.3125,32.388823529411766,327.40823825770445
0.16755224609375,-0.0405712890625,1.0698779296875005,1.0836782590324792,1.302734375,-4.546875,1.02734375,32.388823529411766,327.40823825770445
0.19733740234375,-0.0093212890625,1.0815966796875005,1.0994909341620742,1.26904296875,-3.1376953125,0.30859375,32.43588235294118,327.40823825770445
0.24274755859375,0.0063037109375,1.0615771484375005,1.0889959394136897,1.24365234375,-1.830078125,-0.396484375,32.43588235294118,327.40823825770445
0.2666733398437499,0.0424365234375,0.9272998046875,0.9658159537294656,1.24853515625,-0.8291015625,-0.64697265625,32.48294117647059,327.40823825770445
0.2871811523437499,0.0497607421875,1.0239794921875005,1.064651654836034,1.24609375,-0.06005859375,-0.396484375,32.48294117647059,327.40823825770445
0.2779038085937499,0.0453662109375,1.0117724609375005,1.0502248010008444,1.28466796875,0.27099609375,0.03125,32.388823529411766,327.40823825770445
0.23054052734375,0.0370654296875,0.9985888671875,1.0255254782289265,1.37060546875,0.80810546875,0.1318359375,32.43588235294118,327.5922952547887
0.21589208984375,0.0268115234375,0.9805224609375,1.0043667401149208,1.37841796875,0.99560546875,0.28857421875,32.388823529411766,327.5922952547887
0.20124365234375,0.0536669921875,0.9780810546875,1.000010851539981,1.296875,1.0166015625,0.18115234375,32.48294117647059,327.5922952547887
0.19929052734375,0.0717333984375,0.9702685546875,0.9931180508659146,1.2421875,1.0458984375,-0.16748046875,32.43588235294118,327.5922952547887
0.16608740234375,0.0854052734375,0.9785693359375,0.996231414474262,1.2333984375,0.95751953125,-0.6064453125,32.43588235294118,327.5922952547887
0.13581396484375,0.0854052734375,0.9717333984375,0.9848884664856252,1.18994140625,0.642578125,-0.94580078125,32.43588235294118,327.5922952547887
0.09968115234375,0.0502490234375,0.9863818359375,0.9926784085273708,1.11572265625,0.11083984375,-1.10009765625,32.388823529411766,327.5922952547887
0.10700537109375,0.0321826171875,1.0024951171875005,1.0087032914969238,0.9990234375,-0.759765625,-1.2373046875,32.43588235294118,327.5922952547887
0.15632177734375,0.0126513671875,1.0039599609375005,1.016135895601198,0.7607421875,-1.64453125,-1.40966796875,32.53,327.80911027965203
0.18024755859375,-0.0127392578125,1.0190966796875005,1.0349925186293418,0.75634765625,-2.3505859375,-1.44140625,32.53,327.80911027965203
0.19001318359375,-0.0195751953125,1.0347216796875005,1.0522058508800816,0.76171875,-2.6162109375,-1.2958984375,32.388823529411766,327.80911027965203
0.19001318359375,-0.0625439453125,1.1768115234375005,1.19369263913705,1.10498046875,-2.685546875,-1.13134765625,32.48294117647059,327.80911027965203
0.21345068359375,-0.0815869140625,1.0615771484375005,1.0858930246380514,1.30810546875,-2.7451171875,-0.962890625,32.43588235294118,327.80911027965203
0.22126318359375,-0.1055126953125,1.0635302734375005,1.091415121667367,1.46630859375,-2.57275390625,-0.76806640625,32.48294117647059,327.80911027965203
0.23444677734375,-0.0942822265625,1.0796435546875005,1.1088212817360217,1.5927734375,-2.66162109375,-0.4443359375,32.53,327.80911027965203
0.23102880859375,-0.0420361328125,1.0781787109375005,1.1034539771014138,1.6787109375,-2.5546875,-0.0380859375,32.388823529411766,327.80911027965203
0.23932958984375,-0.0190869140625,1.0547412109375005,1.0817217687155565,1.548828125,-2.0771484375,0.212890625,32.43588235294118,327.80911027965203
0.2617905273437499,-0.0356884765625,0.9316943359375,0.968432900713462,1.43310546875,-1.09814453125,0.06591796875,32.388823529411766,327.5162552052546
0.2676499023437499,-0.0659619140625,0.9297412109375,0.9697454117689532,1.37890625,-0.08203125,-0.01806640625,32.48294117647059,327.5162552052546
0.22175146484375,-0.0771923828125,1.0400927734375005,1.0662670179094595,1.3125,1.1376953125,0.09033203125,32.48294117647059,327.5162552052546
0.18903662109375,-0.0835400390625,0.9321826171875,0.9548184194011148,1.306640625,2.06640625,0.2392578125,32.48294117647059,327.5162552052546
0.22614599609375,-0.0810986328125,1.0640185546875005,1.0908045125101786,1.431640625,2.0712890625,0.2939453125,32.48294117647059,327.5162552052546
0.24079443359375,-0.0249462890625,1.0439990234375005,1.071698762491671,1.59326171875,1.63037109375,0.44873046875,32.48294117647059,327.5162552052546
0.2549545898437499,-0.1108837890625,1.0215380859375005,1.0586959519050327,1.5263671875,0.99072265625,0.5146484375,32.53,327.5162552052546
0.2569077148437499,0.0507373046875,1.0059130859375005,1.0394407075410768,1.37890625,0.06982421875,0.83544921875,32.48294117647059,327.5162552052546
0.24811865234375,0.0570849609375,1.0088427734375005,1.0404735940537762,1.25537109375,-0.40673828125,0.77685546875,32.43588235294118,327.5380919492353
0.22712255859375,0.0473193359375,0.9971240234375,1.0237578299050638,1.1240234375,-0.50146484375,0.71484375,32.53,327.5380919492353
0.22907568359375,0.0297412109375,1.0107958984375005,1.0368551281350955,0.673828125,-0.30322265625,0.53564453125,32.341764705882355,327.5380919492353
0.22956396484375,0.0136279296875,1.0293505859375005,1.0547264873853437,0.56689453125,0.24462890625,0.2939453125,32.53,327.5380919492353
0.22419287109375,-0.0024853515625,1.0488818359375005,1.0725771422985244,0.58544921875,1.0341796875,0.0419921875,32.43588235294118,327.5380919492353
0.24421240234375,0.0072802734375,1.0732958984375005,1.1007528266793556,0.61328125,2.064453125,-0.1357421875,32.48294117647059,327.5380919492353
0.2554428710937499,0.0268115234375,1.0933154296875005,1.1230799379271368,0.654296875,2.97021484375,-0.08544921875,32.48294117647059,327.5380919492353
0.23542333984375,0.0414599609375,1.0801318359375005,1.1062675355942793,0.7021484375,3.89697265625,0.15185546875,32.43588235294118,327.5380919492353
0.21638037109375,0.0385302734375,1.0469287109375005,1.069749864571664,0.78515625,4.89892578125,0.45947265625,32.48294117647059,327.84147763980826
0.21540380859375,0.0297412109375,1.0264208984375005,1.0492012205168115,0.85205078125,5.611328125,0.603515625,32.53,327.84147763980826
0.19489599609375,0.0214404296875,1.0000537109375005,1.0190935021274667,0.857421875,5.38916015625,0.64599609375,32.388823529411766,327.84147763980826
0.18659521484375,0.0214404296875,0.9863818359375,1.0041048712635563,0.763671875,4.76953125,0.53271484375,32.43588235294118,327.84147763980826
0.16364599609375,-0.1079541015625,0.9629443359375,0.9826982722055612,0.71240234375,3.8740234375,0.39111328125,32.388823529411766,327.84147763980826
0.16120458984375,-0.0059033203125,0.9487841796875,0.962399703139338,0.65869140625,2.55224609375,0.42822265625,32.53,327.84147763980826
0.13044287109375,0.0087451171875,0.9834521484375,0.9921037989848333,0.8134765625,0.89404296875,0.6083984375,32.388823529411766,327.84147763980826
0.12458349609375,-0.0044384765625,0.9932177734375,1.0010106358302506,1.04833984375,-0.62353515625,0.6103515625,32.53,327.84147763980826
0.12214208984375,-0.0293408203125,1.0127490234375005,1.0205097541530994,1.29931640625,-1.3896484375,0.490234375,32.48294117647059,327.63596894443504
0.13679052734375,-0.0278759765625,1.0195849609375005,1.0290977655258116,1.60986328125,-1.953125,0.0927734375,32.388823529411766,327.63596894443504
0.17341162109375,-0.0151806640625,0.9302294921875,0.946376748989088,1.94873046875,-2.72021484375,-0.03564453125,32.53,327.63596894443504
0.23444677734375,-0.0024853515625,1.1284716796875005,1.152570952365184,2.369140625,-3.96337890625,0.0322265625,32.48294117647059,327.63596894443504
0.17927099609375,0.0668505859375,0.9688037109375,0.987515934659742,1.9794921875,-3.5673828125,0.369140625,32.341764705882355,327.63596894443504
0.08356787109375,0.0258349609375,1.0811083984375005,1.084641140404457,1.26318359375,-2.57763671875,0.16015625,32.388823529411766,327.63596894443504
0.2554428710937499,0.1586474609375,1.2959521484375005,1.330380414879258,2.458984375,-2.37060546875,-0.08935546875,32.48294117647059,327.63596894443504
0.13239599609375,0.1762255859375,1.1494677734375005,1.170410320824298,2.8251953125,-0.6318359375,-0.3505859375,32.388823529411766,327.63596894443504
0.06794287109375,0.1117724609375,0.9878466796875,0.9964689555255122,1.89404296875,2.63623046875,0.2001953125,32.43588235294118,327.63596894443504
-0.05363916015625,0.1234912109375,0.8120654296875001,0.8231509586792826,-1.5732421875,8.35302734375,0.25732421875,32.48294117647059,327.32167001544
0.3135483398437499,0.1400927734375,1.1533740234375005,1.2034160479770035,-2.35498046875,9.9599609375,-1.279296875,32.48294117647059,327.32167001544
0.10309912109375,0.0644091796875,1.1841357421875005,1.1903593688984275,-1.36376953125,10.1259765625,-1.861328125,32.388823529411766,327.32167001544
-0.06877587890625,-0.0420361328125,1.0923388671875005,1.0953087960706007,-0.2548828125,8.79638671875,-0.93798828125,32.48294117647059,327.32167001544
-0.04875634765625,0.0111865234375,1.0342333984375005,1.0354424378916367,0.61962890625,6.71630859375,-0.11181640625,32.53,327.32167001544
0.09577490234375,-0.1035595703125,0.9863818359375,0.9964168519197664,1.384765625,3.451171875,0.22998046875,32.53,327.32167001544
0.17194677734375,-0.1211376953125,0.8970263671875001,0.9213557070394306,1.375,0.42724609375,0.49169921875,32.43588235294118,327.32167001544
0.15290380859375,-0.1089306640625,0.9023974609375,0.9217193942637956,0.9453125,-1.65380859375,0.580078125,32.43588235294118,327.32167001544
0.11677099609375,-0.0605908203125,0.9492724609375,0.9583448847514164,0.87109375,-2.5869140625,0.447265625,32.43588235294118,327.32167001544
0.0547592773437499,-0.0415478515625,1.0024951171875005,1.0048488754083618,0.8349609375,-2.43310546875,0.287109375,32.341764705882355,327.7003143264592
0.0391342773437499,-0.0093212890625,1.0449755859375005,1.0457496609124126,0.84375,-2.01416015625,0.115234375,32.43588235294118,327.7003143264592
0.0386459960937499,0.0194873046875,1.0786669921875005,1.0795349684437694,0.83935546875,-1.38916015625,0.01318359375,32.43588235294118,327.7003143264592
0.0542709960937499,0.0443896484375,1.0820849609375005,1.0843540217993957,0.85888671875,-0.705078125,0.02197265625,32.388823529411766,327.7003143264592
0.0396225585937499,0.0536669921875,1.0772021484375005,1.0792657512393946,0.8486328125,0.4052734375,0.0947265625,32.43588235294118,327.7003143264592
0.0459702148437499,0.0497607421875,1.0864794921875005,1.088589490606923,0.900390625,1.37060546875,0.18701171875,32.43588235294118,327.7003143264592
0.0562241210937499,0.0478076171875,1.0654833984375005,1.068036325412126,0.93017578125,1.82275390625,0.20458984375,32.48294117647059,327.7003143264592
0.0518295898437499,0.0370654296875,1.0532763671875005,1.0552019987362555,0.97021484375,2.0634765625,0.21728515625,32.388823529411766,327.7003143264592
0.0562241210937499,0.0385302734375,1.0381396484375005,1.0403747706580884,1.107421875,1.9052734375,0.0947265625,32.48294117647059,327.27838615993164
0.0606186523437499,0.0507373046875,1.0269091796875005,1.029947260021298,1.16015625,1.53515625,0.0263671875,32.48294117647059,327.27838615993164
0.0386459960937499,0.0541552734375,1.0020068359375005,1.0042131277376576,1.18994140625,1.009765625,-0.0546875,32.43588235294118,327.27838615993164
0.0181381835937499,0.0668505859375,0.9976123046875,1.0000141524039412,1.18017578125,0.58056640625,-0.0986328125,32.43588235294118,327.27838615993164
0.0010483398437499,0.0653857421875,0.9800341796875,0.9822135142898356,1.15576171875,0.2685546875,-0.115234375,32.43588235294118,327.27838615993164
-0.03313134765625,0.0541552734375,1.0000537109375005,1.0020668164341513,1.2158203125,0.01318359375,-0.0556640625,32.43588235294118,327.27838615993164
-0.06242822265625,0.0409716796875,0.9844287109375,0.9872567287380224,1.2294921875,-0.12939453125,0.05859375,32.53,327.27838615993164
-0.07219384765625,0.0326708984375,0.9595263671875,0.9627929105327732,1.2001953125,-0.564453125,0.294921875,32.43588235294118,327.27838615993164
-0.08147119140625,0.0312060546875,0.9473193359375,0.9513281752998696,1.01220703125,-1.1953125,0.521484375,32.48294117647059,327.4078491691856
-0.05266259765625,0.0414599609375,0.9448779296875,0.9472521203794582,0.9541015625,-1.81005859375,0.46337890625,32.43588235294118,327.4078491691856
-0.00529931640625,0.0370654296875,0.9653857421875,0.96611156708281,0.76416015625,-2.671875,0.00537109375,32.43588235294118,327.4078491691856
0.0357163085937499,0.0321826171875,1.0098193359375005,1.0109631381914257,0.63671875,-3.59814453125,-0.55224609375,32.341764705882355,327.4078491691856
0.06501318359375,0.0331591796875,1.0435107421875005,1.0460597087639167,0.5302734375,-3.94775390625,-1.08154296875,32.388823529411766,327.4078491691856
0.07282568359375,0.0453662109375,1.0903857421875005,1.0937562525771034,0.474609375,-3.56298828125,-1.564453125,32.48294117647059,327.4078491691856
