AccX,AccY,AccZ,Magnitude,GyroX,GyroY,GyroZ,Temperature,Altitude
-0.90666650390625,0.2636279296875,-0.0077587890624999,0.9442478665184348,1.4609375,0.361328125,-0.21630859375,31.635882352941177,310.5994165785662
-0.88518212890625,0.2567919921875,-0.0150830078124999,0.9218009685996744,1.548828125,0.17822265625,-0.2939453125,31.635882352941177,310.5994165785662
-0.86858056640625,0.2528857421875,-0.0253369140624999,0.9050001978754124,1.5810546875,0.0634765625,-0.55712890625,31.541764705882358,310.5994165785662
-0.83293603515625,0.2411669921875,-0.0180126953124999,0.8673340844075023,1.62255859375,0.09423828125,-0.93603515625,31.635882352941177,310.5994165785662
-0.85539697265625,0.2455615234375,-0.0189892578124999,0.8901488833530562,1.3974609375,0.15185546875,-0.970703125,31.58882352941177,310.5994165785662
-0.86565087890625,0.2592333984375,-0.0199658203124999,0.9038539887600042,1.26806640625,0.1875,-0.7275390625,31.58882352941177,310.5994165785662
-0.86467431640625,0.3852099609375,-0.0004345703124999,0.9465984239948018,1.16357421875,0.2158203125,-0.44873046875,31.58882352941177,310.68704650745343
-0.86320947265625,0.2670458984375,-0.0145947265624999,0.9036908274400084,1.05517578125,0.27099609375,-0.19677734375,31.541764705882358,310.68704650745343
-0.85295556640625,0.2797412109375,-0.0165478515624999,0.8978096539643134,0.9990234375,0.37939453125,-0.06494140625,31.58882352941177,310.68704650745343
-0.85783837890625,0.2904833984375,-0.0072705078124999,0.905715269483823,1.03271484375,0.84423828125,-0.00244140625,31.635882352941177,310.68704650745343
-0.84563134765625,0.2890185546875,-0.0043408203124999,0.8936682515416795,1.158203125,1.24951171875,-0.30517578125,31.73,310.68704650745343
-0.85295556640625,0.2870654296875,-0.0180126953124999,0.9001467749081239,1.24951171875,1.56591796875,-0.40966796875,31.635882352941177,310.68704650745343
-0.85588525390625,0.2831591796875,-0.0365673828124999,0.9022504432701708,1.27880859375,1.62744140625,-0.4638671875,31.635882352941177,310.68704650745343
-0.86076806640625,0.2753466796875,-0.0565869140624999,0.9055051280930452,1.30126953125,1.80322265625,-0.416015625,31.635882352941177,310.7160557275617
-0.88029931640625,0.2636279296875,-0.0673291015624999,0.9213901343588622,1.306640625,1.77783203125,-0.31787109375,31.635882352941177,310.7160557275617
-0.91008447265625,0.2582568359375,-0.1962353515624999,0.9661566404477648,1.2998046875,1.7607421875,-0.25830078125,31.635882352941177,310.7160557275617
-0.92766259765625,0.2548388671875,-0.0829541015624999,0.9655993611668306,1.2685546875,1.67041015625,-0.267578125,31.58882352941177,310.7160557275617
-0.95549462890625,0.2533740234375,-0.0858837890624999,0.9922421110018116,1.21826171875,1.61083984375,-0.28173828125,31.635882352941177,310.7160557275617
-0.95891259765625,0.2470263671875,-0.0800244140624999,0.9934481883197318,1.15478515625,1.61474609375,-0.2685546875,31.58882352941177,310.7160557275617
-0.95988916015625,0.2563037109375,-0.1039501953124999,0.9989416575212546,1.0859375,1.6337890625,-0.17236328125,31.58882352941177,310.7160557275617
-0.94963525390625,0.2636279296875,-0.1034619140624999,0.9909647664949454,1.0458984375,1.609375,-0.06298828125,31.58882352941177,310.7729681226321
-0.93303369140625,0.2724169921875,-0.1273876953124999,0.980301235258167,1.03759765625,1.56787109375,-0.06103515625,31.635882352941177,310.7729681226321
-0.79289697265625,0.2689990234375,-0.1220166015624999,0.8461289115227281,1.09912109375,1.60595703125,-0.173828125,31.58882352941177,310.7729681226321
-0.90129541015625,0.2616748046875,-0.1439892578124999,0.9494946161734455,1.1474609375,1.33349609375,-0.2705078125,31.635882352941177,310.7729681226321
-0.89983056640625,0.2587451171875,-0.1478955078124999,0.9479014532842974,1.2080078125,1.154296875,-0.3740234375,31.635882352941177,310.7729681226321
-0.88420556640625,0.2592333984375,-0.1488720703124999,0.933372557904068,1.26611328125,1.046875,-0.50537109375,31.635882352941177,310.7729681226321
-0.86662744140625,0.2572802734375,-0.1444775390624999,0.91548349007067,1.29345703125,1.03955078125,-0.52978515625,31.635882352941177,310.7729681226321
-0.84318994140625,0.2504443359375,-0.1454541015624999,0.8915427854865995,1.37158203125,1.07373046875,-0.53955078125,31.58882352941177,310.7210531763937
-0.81975244140625,0.2548388671875,-0.1596142578124999,0.8731630000852938,1.42724609375,1.0810546875,-0.576171875,31.541764705882358,310.7210531763937
-0.81633447265625,0.2455615234375,-0.1845166015624999,0.8722091545564504,1.427734375,1.11279296875,-0.6357421875,31.541764705882358,310.7210531763937
-0.83781884765625,0.2440966796875,-0.2069775390624999,0.8968630398220664,1.330078125,0.7197265625,-0.66162109375,31.541764705882358,310.7210531763937
-0.84416650390625,0.2450732421875,-0.2191845703124999,0.9059359007218276,1.16357421875,0.37353515625,-0.68212890625,31.635882352941177,310.7210531763937
-0.84660791015625,0.2348193359375,-0.2216259765624999,0.9060922400928856,1.02880859375,-0.32421875,-0.689453125,31.58882352941177,310.7210531763937
-0.85539697265625,0.2113818359375,-0.1991650390624999,0.9033565044756984,0.99267578125,-0.74462890625,-0.607421875,31.58882352941177,310.7210531763937
-0.85149072265625,0.1957568359375,-0.1596142578124999,0.8881632174791745,0.75341796875,-0.82958984375,-0.4677734375,31.68294117647059,310.3988540287787
-0.85539697265625,0.1742724609375,-0.1478955078124999,0.8854083536435643,0.72119140625,-0.7119140625,-0.2890625,31.635882352941177,310.3988540287787
-0.85295556640625,0.1840380859375,-0.1254345703124999,0.8815537685067354,0.63330078125,-0.26806640625,-0.1943359375,31.58882352941177,310.3988540287787
-0.86565087890625,0.1894091796875,-0.1259228515624999,0.8950328742826635,0.861328125,0.0126953125,-0.2744140625,31.635882352941177,310.3988540287787
-0.86369775390625,0.1947802734375,-0.1298291015624999,0.894856838067193,0.91259765625,0.3720703125,-0.54736328125,31.541764705882358,310.3988540287787
-0.87785791015625,0.2055224609375,-0.1449658203124999,0.9131752742122298,0.86181640625,0.27734375,-0.80908203125,31.58882352941177,310.3988540287787
-0.87004541015625,0.2152880859375,-0.1268994140624999,0.905224522961014,0.72607421875,-0.2099609375,-0.908203125,31.541764705882358,310.3988540287787
-0.87004541015625,0.2108935546875,-0.1151806640624999,0.9026193508431808,0.53955078125,-0.677734375,-0.8037109375,31.58882352941177,310.74582885088984
-0.90422509765625,0.2221240234375,-0.0990673828124999,0.936363420556803,0.453125,-1.10302734375,-0.7412109375,31.635882352941177,310.74582885088984
-0.91203759765625,0.2382373046875,-0.0902783203124999,0.946952885840576,0.5390625,-1.29150390625,-0.443359375,31.635882352941177,310.74582885088984
-0.91643212890625,0.2475146484375,-0.0966259765624999,0.9541739502991252,0.77978515625,-1.23779296875,-0.5185546875,31.635882352941177,310.74582885088984
-0.91301416015625,0.2533740234375,-0.1029736328124999,0.9530985371163534,1.0078125,-0.9619140625,-0.6220703125,31.541764705882358,310.74582885088984
-0.92131494140625,0.2489794921875,-0.1229931640624999,0.9622574121275722,1.21728515625,-0.64013671875,-0.66455078125,31.58882352941177,310.74582885088984
-0.93693994140625,0.2421435546875,-0.1474072265624999,0.9788865334255517,1.38720703125,-0.4189453125,-0.736328125,31.58882352941177,310.74582885088984
-0.93108056640625,0.2309130859375,-0.1332470703124999,0.968497112098651,1.3837890625,-0.42724609375,-0.66455078125,31.58882352941177,310.46458428226407
-0.93401025390625,0.2235888671875,-0.1503369140624999,0.972094812074441,1.48193359375,-0.66162109375,-0.40478515625,31.635882352941177,310.46458428226407
-0.96916650390625,0.2250537109375,-0.1610791015624999,1.007908409559512,1.4169921875,-1.0380859375,-0.06591796875,31.541764705882358,310.46458428226407
-0.99992822265625,0.2304248046875,-0.1762158203124999,1.0411551548199562,1.38525390625,-1.38671875,0.1025390625,31.541764705882358,310.46458428226407
-0.99846337890625,0.2314013671875,-0.1615673828124999,1.0375836019049312,1.3388671875,-1.916015625,0.1728515625,31.635882352941177,310.46458428226407
-1.00481103515625,0.2431201171875,-0.1537548828124999,1.0451761438828022,1.30126953125,-2.1669921875,0.23681640625,31.635882352941177,310.46458428226407
-0.98527978515625,0.2196826171875,-0.1459423828124999,1.0199685712966289,1.29541015625,-2.1611328125,0.2587890625,31.635882352941177,310.46458428226407
-0.98430322265625,0.2104052734375,-0.1615673828124999,1.0194249518285636,1.23388671875,-1.93896484375,0.28466796875,31.58882352941177,310.6705779584712
-0.98088525390625,0.2226123046875,-0.2045361328124999,1.0264147062249749,1.20703125,-1.76171875,0.32666015625,31.541764705882358,310.6705779584712
-0.96233056640625,0.2328662109375,-0.2401806640624999,1.0188196811142125,1.1982421875,-1.83740234375,0.29833984375,31.635882352941177,310.6705779584712
-0.90129541015625,0.2147998046875,-0.2514111328124999,0.9600416293914424,1.14111328125,-2.173828125,0.17626953125,31.73,310.6705779584712
-0.84318994140625,0.1977099609375,-0.2665478515624999,0.9061491395543934,1.05029296875,-2.65087890625,0.00830078125,31.635882352941177,310.6705779584712
-0.79338525390625,0.1908740234375,-0.2567822265624999,0.8554707276216406,0.95849609375,-3.14306640625,-0.00439453125,31.58882352941177,310.6705779584712
-0.78996728515625,0.1855029296875,-0.2567822265624999,0.8511150101003839,0.80517578125,-3.99169921875,-0.1552734375,31.58882352941177,310.6705779584712
-0.78410791015625,0.1864794921875,-0.2392041015624999,0.8407249359811046,0.595703125,-4.7509765625,-0.09326171875,31.58882352941177,310.47697634237
-0.80461572265625,0.1923388671875,-0.2352978515624999,0.860096378277771,0.41162109375,-5.54541015625,0.06201171875,31.58882352941177,310.47697634237
-0.82561181640625,0.2001513671875,-0.2118603515624999,0.8755456868381222,0.26171875,-6.11279296875,0.20458984375,31.58882352941177,310.47697634237
-0.84856103515625,0.1962451171875,-0.1840283203124999,0.8901878448296305,0.103515625,-6.4716796875,0.33349609375,31.58882352941177,310.47697634237
-0.86906884765625,0.1933154296875,-0.1478955078124999,0.9025101653460432,-0.00537109375,-6.7822265625,0.5732421875,31.635882352941177,310.47697634237
-0.89299462890625,0.1942919921875,-0.1073681640624999,0.92017210788947,-0.34619140625,-7.04931640625,0.87353515625,31.541764705882358,310.47697634237
-0.90031884765625,0.1713427734375,-0.1898876953124999,0.9359432195840864,-0.48876953125,-7.16796875,1.00830078125,31.635882352941177,310.47697634237
-0.88957666015625,0.1522998046875,-0.0292431640624999,0.9029933706550594,-0.52001953125,-7.216796875,0.93798828125,31.58882352941177,310.38053703705737
-0.89641259765625,0.1337451171875,-0.0092236328124999,0.9063820259750212,-0.53759765625,-7.27294921875,0.8486328125,31.635882352941177,310.38053703705737
-0.94133447265625,0.1059130859375,0.0093310546875,0.9473200302777336,-0.6240234375,-7.48046875,0.87744140625,31.58882352941177,310.38053703705737
-0.96867822265625,0.0746630859375,-0.0727001953124999,0.9742676192138676,-0.748046875,-7.8271484375,0.99169921875,31.635882352941177,310.38053703705737
-1.00725244140625,0.0487841796875,0.1069873046875,1.014092530428525,-0.96533203125,-8.205078125,1.296875,31.635882352941177,310.38053703705737
-1.04094384765625,0.0522021484375,0.1519091796875,1.0532642389961877,-1.24951171875,-8.5439453125,1.85986328125,31.635882352941177,310.38053703705737
-1.05852197265625,0.0932177734375,0.1958544921875,1.0805171456255322,-1.37646484375,-8.82958984375,2.341796875,31.635882352941177,310.38053703705737
-0.99748681640625,0.1156787109375,0.2583544921875,1.0368744170351096,-1.72314453125,-8.9619140625,2.30029296875,31.635882352941177,310.41340293706963
-0.96672509765625,0.1371630859375,0.3052294921875,1.0230035041403442,-1.87060546875,-8.93896484375,2.13037109375,31.58882352941177,310.41340293706963
-0.92668603515625,0.1547412109375,0.3594287109375,1.0059228839042322,-1.99658203125,-8.91455078125,2.00341796875,31.58882352941177,310.41340293706963
-0.89299462890625,0.1425341796875,0.3984912109375,0.988205770489646,-2.13818359375,-8.82177734375,1.9921875,31.68294117647059,310.41340293706963
-0.89104150390625,0.1693896484375,0.4316943359375,1.0044938100166725,-2.18896484375,-8.6904296875,1.65625,31.541764705882358,310.41340293706963
-0.90422509765625,0.1972216796875,0.4766162109375,1.0410006871749091,-2.19677734375,-8.8291015625,1.55322265625,31.541764705882358,310.41340293706963
-0.92912744140625,0.2216357421875,0.5064013671875001,1.0811302184651477,-2.18603515625,-9.0458984375,1.5546875,31.635882352941177,310.41340293706963
-0.93889306640625,0.2577685546875,0.5596240234375001,1.1230066186535987,-2.1787109375,-9.49072265625,1.56787109375,31.635882352941177,310.5215167311747
-0.95256494140625,0.2914599609375,0.5933154296875001,1.1594619767509602,-2.20166015625,-9.66796875,1.6865234375,31.58882352941177,310.5215167311747
-0.93645166015625,0.3153857421875,0.6211474609375001,1.1671478254332912,-2.19091796875,-9.595703125,1.81396484375,31.58882352941177,310.5215167311747
-0.89641259765625,0.3368701171875,0.6279833984375001,1.145163817889763,-2.11328125,-9.2578125,1.8095703125,31.58882352941177,310.5215167311747
-0.84318994140625,0.3402880859375,0.5874560546875001,1.0825293875496802,-2.01708984375,-8.86328125,1.57373046875,31.635882352941177,310.5215167311747
-0.79631494140625,0.3441943359375,0.5425341796875001,1.023196248491698,-1.9560546875,-8.15478515625,1.19091796875,31.58882352941177,310.5215167311747
-0.76164697265625,0.3466357421875,0.5015185546875001,0.9755938239934429,-1.919921875,-7.990234375,0.86865234375,31.58882352941177,310.5215167311747
-0.72746728515625,0.3378466796875,0.4780810546875,0.9337614924591748,-1.89892578125,-7.98876953125,0.619140625,31.58882352941177,310.46745974480774
-0.70110009765625,0.3241748046875,0.4805224609375,0.9096881258943712,-1.8876953125,-8.126953125,0.326171875,31.58882352941177,310.46745974480774
-0.64641259765625,0.3075732421875,0.4756396484375,0.8594670563111655,-1.9501953125,-8.52587890625,0.2841796875,31.58882352941177,310.46745974480774
-0.60393212890625,0.3056201171875,0.5005419921875001,0.8418313122579654,-2.12109375,-8.9921875,0.32421875,31.58882352941177,310.46745974480774
-0.54436181640625,0.3070849609375,0.5332568359375001,0.8215800712463586,-1.94677734375,-9.27001953125,0.25146484375,31.635882352941177,310.46745974480774
-0.51067041015625,0.2987841796875,0.5664599609375001,0.8191050855574021,-1.86669921875,-9.4619140625,0.1162109375,31.541764705882358,310.46745974480774
-0.51360009765625,0.2929248046875,0.5967333984375001,0.840048064294233,-1.5361328125,-9.53369140625,-0.044921875,31.635882352941177,310.46745974480774
-0.51945947265625,0.1391162109375,0.6147998046875001,0.8168049116660016,-1.421875,-9.5380859375,-0.005859375,31.541764705882358,310.4557849541964
-0.51994775390625,0.2494677734375,0.6475146484375001,0.867095759831149,-1.33642578125,-9.51806640625,-0.23779296875,31.68294117647059,310.4557849541964
-0.49699853515625,0.2143115234375,0.6856005859375001,0.8734902039882324,-1.30224609375,-9.427734375,-0.3251953125,31.68294117647059,310.4557849541964
-0.49748681640625,0.1938037109375,0.6997607421875001,0.8801807241572455,-1.216796875,-9.3154296875,-0.3037109375,31.58882352941177,310.4557849541964
-0.45012353515625,0.1698779296875,0.6934130859375001,0.8439735870546174,-1.20703125,-9.21875,-0.38330078125,31.635882352941177,310.4557849541964
-0.37688134765625,0.1439990234375,0.7139208984375001,0.8200355590996967,-1.162109375,-9.13134765625,-0.701171875,31.635882352941177,310.4557849541964
-0.32365869140625,0.1151904296875,0.7173388671875001,0.7953608200007358,-1.05419921875,-8.93505859375,-1.09521484375,31.635882352941177,310.4557849541964
-0.28850244140625,0.0902880859375,0.7266162109375001,0.7869921951053859,-0.955078125,-8.9970703125,-1.3623046875,31.494705882352942,310.7684568675963
-0.28557275390625,0.0707568359375,0.7373583984375001,0.7938864751032109,-0.921875,-9.04248046875,-1.44384765625,31.68294117647059,310.7684568675963
-0.27824853515625,0.0619677734375,0.7456591796875001,0.7982918416930213,-0.85693359375,-9.162109375,-1.4404296875,31.58882352941177,310.7684568675963
-0.27873681640625,0.0575732421875,0.7559130859375001,0.8077211675620656,-0.86376953125,-9.4541015625,-1.44091796875,31.40058823529412,310.7684568675963
-0.25090478515625,0.0644091796875,0.7588427734375001,0.8018379564729009,-0.92626953125,-9.80712890625,-1.41943359375,31.635882352941177,310.7684568675963
-0.23088525390625,0.0981005859375,0.7925341796875001,0.8312894510371059,-1.0537109375,-10.171875,-1.3271484375,31.73,310.7684568675963
-0.18449853515625,0.1269091796875,0.8213427734375001,0.8513222661494064,-1.1845703125,-10.70556640625,-1.3642578125,31.635882352941177,310.7684568675963
-0.17424462890625,0.1591357421875,0.8716357421875001,0.9030139767484208,-1.3935546875,-11.15478515625,-1.04052734375,31.635882352941177,310.41340293706963
-0.18205712890625,0.1635302734375,0.9277880859375,0.9595195052335832,-1.38330078125,-11.220703125,-0.88037109375,31.58882352941177,310.41340293706963
-0.22307275390625,0.1459521484375,0.9795458984375,1.0151717343950084,-1.142578125,-10.6474609375,-0.7509765625,31.58882352941177,310.41340293706963
-0.26555322265625,0.1059130859375,1.0156787109375005,1.0551489656383055,-0.7080078125,-9.72412109375,-0.78759765625,31.635882352941177,310.41340293706963
-0.26115869140625,0.0541552734375,1.0190966796875005,1.053420475540609,-0.25830078125,-8.376953125,-0.9375,31.541764705882358,310.41340293706963
-0.24553369140625,0.0038623046875,1.0029833984375005,1.0326070930195648,0.06591796875,-7.45458984375,-1.08544921875,31.58882352941177,310.41340293706963
-0.20012353515625,-0.0371533203125,0.9751513671875,0.9961676502784702,0.166015625,-6.6923828125,-1.201171875,31.635882352941177,310.41340293706963
-0.15422509765625,-0.0547314453125,0.9751513671875,0.9887876924702924,0.125,-6.32275390625,-1.17919921875,31.68294117647059,310.5536632307984
-0.11125634765625,-0.0425244140625,0.9697802734375,0.9770670803141818,0.0419921875,-6.39501953125,-1.013671875,31.635882352941177,310.5536632307984
-0.07512353515625,-0.0073681640625,0.9609912109375,0.9639512139497242,-0.11181640625,-6.68701171875,-0.88037109375,31.58882352941177,310.5536632307984
-0.03899072265625,0.0341357421875,0.9678271484375,0.9692135546929844,-0.23876953125,-7.2060546875,-0.85107421875,31.58882352941177,310.5536632307984
-0.00529931640625,0.0512255859375,0.9775927734375,0.978948300006817,-0.45068359375,-7.76220703125,-0.923828125,31.635882352941177,310.5536632307984
0.0044663085937499,0.0795458984375,0.9893115234375,0.9925143768615702,-0.59765625,-8.2529296875,-1.03076171875,31.635882352941177,310.5536632307984
-0.01164697265625,0.0907763671875,1.0010302734375005,1.0052052572237036,-0.60693359375,-8.580078125,-1.173828125,31.635882352941177,310.5536632307984
-0.00529931640625,0.1054248046875,1.0088427734375005,1.0143501435475024,-0.53173828125,-8.62109375,-1.19482421875,31.635882352941177,310.9627806892764
-0.01067041015625,0.1132373046875,0.9883349609375,0.994858050094144,-0.35400390625,-8.17138671875,-1.2568359375,31.68294117647059,310.9627806892764
0.0059311523437499,0.1278857421875,0.9478076171875,0.9564147744684934,-0.08837890625,-7.70556640625,-1.3525390625,31.58882352941177,310.9627806892764
0.0366928710937499,0.1498583984375,0.9253466796875,0.938120666002,0.294921875,-6.89013671875,-1.5205078125,31.541764705882358,310.9627806892764
0.0557358398437499,0.1537646484375,0.8921435546875001,0.9070116719880976,0.62451171875,-6.150390625,-1.67236328125,31.635882352941177,310.9627806892764
0.09089208984375,0.1303271484375,0.8618701171875001,0.8763941102704933,0.8291015625,-5.6259765625,-1.7412109375,31.635882352941177,310.9627806892764
0.12751318359375,0.1034716796875,0.8481982421875001,0.8639480647223715,0.82373046875,-5.27490234375,-1.7705078125,31.635882352941177,310.9627806892764
0.16218115234375,0.0790576171875,0.8389208984375001,0.8581032029109869,0.7509765625,-5.07373046875,-1.763671875,31.58882352941177,310.7253539622272
0.19391943359375,0.0707568359375,0.8564990234375001,0.8810231856804895,0.728515625,-5.1748046875,-1.76806640625,31.58882352941177,310.7253539622272
0.24470068359375,0.0683154296875,0.8945849609375001,0.9299611146817832,0.61962890625,-5.65234375,-1.69140625,31.494705882352942,310.7253539622272
0.2598374023437499,0.0727099609375,0.9473193359375,0.9849955016736608,0.5810546875,-6.5810546875,-1.54150390625,31.58882352941177,310.7253539622272
0.2515366210937499,0.0404833984375,0.9922412109375,1.0244277417090122,0.68505859375,-7.2392578125,-1.49462890625,31.635882352941177,310.7253539622272
0.23102880859375,-0.0376416015625,1.0610888671875005,1.0866005635180254,0.662109375,-7.59130859375,-1.68505859375,31.635882352941177,310.7253539622272
0.18464208984375,-0.1064892578125,1.0928271484375005,1.1134198847395185,0.3681640625,-7.92529296875,-1.99951171875,31.541764705882358,310.7253539622272
0.13630224609375,-0.1089306640625,1.1382373046875005,1.1515330449646524,-0.470703125,-7.83740234375,-1.798828125,31.541764705882358,310.435313606987
0.13288427734375,-0.0576611328125,1.1411669921875005,1.150323928926395,-0.9140625,-7.2080078125,-1.2919921875,31.58882352941177,310.435313606987
0.16462255859375,-0.0210400390625,1.1226123046875005,1.1348134898200168,-1.34912109375,-6.06494140625,-0.45068359375,31.58882352941177,310.435313606987
0.23200537109375,-0.0137158203125,1.0855029296875005,1.1101041511062553,-1.75,-4.89111328125,0.615234375,31.541764705882358,310.435313606987
0.3184311523437499,-0.0283642578125,1.0850146484375005,1.131132051189504,-1.96435546875,-3.6708984375,1.353515625,31.635882352941177,310.435313606987
0.3916733398437499,-0.0078564453125,1.0908740234375005,1.159084062476931,-1.84326171875,-2.97509765625,1.9892578125,31.58882352941177,310.435313606987
0.54694677734375,0.0048388671875,1.1768115234375005,1.2977132015887265,-1.611328125,-3.1826171875,2.322265625,31.635882352941177,310.435313606987
0.65485693359375,0.0219287109375,1.0078662109375005,1.2021284336495428,-1.240234375,-3.923828125,2.38671875,31.541764705882358,310.71583574624725
0.70270849609375,0.0028857421875,1.0010302734375005,1.2230573029619949,-0.87548828125,-4.89599609375,2.47021484375,31.58882352941177,310.71583574624725
0.71540380859375,0.0448779296875,1.0054248046875005,1.2347856801098631,-0.740234375,-6.123046875,2.83642578125,31.68294117647059,310.71583574624725
0.72907568359375,0.0985888671875,1.0532763671875005,1.284781001889702,-0.36669921875,-6.712890625,2.97900390625,31.68294117647059,310.71583574624725
0.74079443359375,0.1376513671875,1.1045458984375005,1.3370661664581815,0.10791015625,-6.83056640625,2.779296875,31.541764705882358,310.71583574624725
0.76618505859375,0.1454638671875,1.1611865234375005,1.3987685379941597,0.28125,-6.51611328125,2.22705078125,31.541764705882358,310.71583574624725
0.78327490234375,0.1049365234375,1.1733935546875005,1.414702682818877,0.29541015625,-5.68798828125,1.23486328125,31.635882352941177,310.71583574624725
0.76179052734375,0.0351123046875,1.1802294921875005,1.4051687926083118,0.33447265625,-4.32861328125,0.5068359375,31.635882352941177,310.4462689629086
0.83112646484375,-0.0181103515625,1.1436083984375005,1.413838517785596,0.4921875,-2.53271484375,0.59716796875,31.494705882352942,310.4462689629086
0.64997412109375,-0.0376416015625,1.0825732421875005,1.2632688047126546,0.80810546875,-0.85302734375,1.44775390625,31.58882352941177,310.4462689629086
0.63581396484375,-0.0361767578125,1.0205615234375005,1.2029605059257868,1.115234375,-0.1455078125,2.16845703125,31.541764705882358,310.4462689629086
0.65241552734375,-0.0268994140625,0.9707568359375,1.1699309523709147,1.24853515625,-0.48046875,2.71728515625,31.541764705882358,310.4462689629086
0.66169287109375,-0.0493603515625,0.9614794921875,1.1682109029878966,1.23291015625,-1.30810546875,2.751953125,31.58882352941177,310.4462689629086
0.64313818359375,-0.1006298828125,0.9795458984375,1.1761221295668467,1.1142578125,-2.18017578125,2.48095703125,31.635882352941177,310.4462689629086
0.62360693359375,-0.1352978515625,1.0093310546875005,1.1941274195914813,0.9912109375,-3.33447265625,2.36376953125,31.58882352941177,310.30601023683687
0.59431005859375,-0.1050244140625,1.0488818359375005,1.2101188698034997,0.63720703125,-4.12060546875,2.3759765625,31.635882352941177,310.30601023683687
0.65143896484375,-0.0151806640625,1.1016162109375005,1.279906814451103,0.54296875,-5.08447265625,2.83544921875,31.635882352941177,310.30601023683687
0.75056005859375,0.0829638671875,1.1284716796875005,1.357818742200772,0.6552734375,-5.50634765625,2.970703125,31.635882352941177,310.30601023683687
0.90143896484375,0.1039599609375,1.1338427734375005,1.4522394140406536,1.07421875,-5.92041015625,2.40625,31.541764705882358,310.30601023683687
1.04889990234375,0.0365771484375,1.1191943359375005,1.5343157610215472,1.39111328125,-6.28662109375,1.015625,31.58882352941177,310.30601023683687
1.19880224609375,-0.0552197265625,1.1182177734375005,1.6403008968700157,1.69287109375,-6.3984375,-0.435546875,31.635882352941177,310.30601023683687
0.89411474609375,-0.1304150390625,1.1411669921875005,1.4555793917386406,1.9775390625,-5.97607421875,-1.11669921875,31.635882352941177,310.888246865066
0.73054052734375,-0.1382275390625,1.1577685546875005,1.375944890200964,2.236328125,-5.6806640625,-1.0,31.58882352941177,310.888246865066
0.71735693359375,-0.1313916015625,1.1201708984375005,1.336655365022137,2.3134765625,-6.10205078125,-0.4638671875,31.68294117647059,310.888246865066
0.77399755859375,-0.1011181640625,1.1729052734375005,1.408901658835688,2.142578125,-6.33154296875,-0.33251953125,31.541764705882358,310.888246865066
0.88679052734375,-0.0923291015625,1.0234912109375005,1.3573711214138362,2.03173828125,-5.900390625,-0.99560546875,31.541764705882358,310.888246865066
0.96833349609375,-0.1279736328125,0.9888232421875,1.38989870661231,2.0966796875,-5.0107421875,-1.953125,31.541764705882358,310.888246865066
0.98249365234375,-0.1772900390625,0.9375537109375,1.369573837271734,1.97705078125,-4.650390625,-2.43603515625,31.58882352941177,310.888246865066
0.87702490234375,-0.2046337890625,0.8892138671875001,1.2656022157675328,1.6494140625,-5.19580078125,-1.642578125,31.541764705882358,310.79108562808204
0.80329443359375,-0.2129345703125,0.8604052734375001,1.1962108145456352,1.27001953125,-6.21728515625,-0.65673828125,31.58882352941177,310.79108562808204
0.76618505859375,-0.1699658203125,0.8286669921875001,1.1413224382390312,0.94384765625,-6.94189453125,0.00537109375,31.635882352941177,310.79108562808204
0.77399755859375,-0.2353955078125,0.8389208984375001,1.165449072093059,0.92919921875,-6.697265625,0.5625,31.541764705882358,310.79108562808204
0.75007177734375,-0.0039501953125,0.8433154296875001,1.128629340908534,1.18017578125,-6.18017578125,0.80615234375,31.58882352941177,310.79108562808204
0.76130224609375,0.1356982421875,0.7612841796875001,1.0851491718112474,1.595703125,-5.70654296875,0.97802734375,31.58882352941177,310.79108562808204
0.80378271484375,0.2177294921875,0.6953662109375001,1.0848995122883,1.74072265625,-5.900390625,0.521484375,31.58882352941177,310.79108562808204
0.83649755859375,0.2597216796875,0.6924365234375001,1.1165356489710538,1.85400390625,-6.37939453125,0.09912109375,31.635882352941177,310.79108562808204
0.86188818359375,0.2309130859375,0.7568896484375001,1.1700658247242142,2.0419921875,-6.54443359375,-0.5771484375,31.68294117647059,310.6303508042716
0.87263037109375,0.1967333984375,0.9204638671875,1.28352698663244,2.0751953125,-5.755859375,-0.8916015625,31.635882352941177,310.6303508042716
0.92438818359375,0.1522998046875,0.8189013671875001,1.2443022919118811,1.96240234375,-5.08837890625,-0.84912109375,31.58882352941177,310.6303508042716
0.93171240234375,0.1283740234375,0.8394091796875001,1.260625107444055,1.85205078125,-4.466796875,-0.330078125,31.635882352941177,310.6303508042716
0.98493505859375,0.1073779296875,0.8022998046875001,1.274877274890665,1.63525390625,-3.81396484375,-0.22119140625,31.635882352941177,310.6303508042716
1.03620458984375,0.1132373046875,0.8076708984375001,1.3186640661552065,1.494140625,-3.5029296875,-0.4833984375,31.68294117647059,310.6303508042716
1.08649755859375,0.0722216796875,0.7686083984375001,1.3328359936600307,1.04248046875,-3.17822265625,-1.3447265625,31.635882352941177,310.6303508042716
1.07526708984375,0.0175341796875,0.6978076171875001,1.281968109027388,0.76513671875,-3.0341796875,-1.99658203125,31.635882352941177,310.6303508042716
1.04352880859375,-0.0557080078125,0.6543505859375001,1.2329762551713146,0.5478515625,-3.03564453125,-2.4013671875,31.494705882352942,310.6303508042716
0.99421240234375,-0.0757275390625,0.6563037109375001,1.1937032806090997,0.77099609375,-2.88134765625,-2.845703125,31.541764705882358,310.7311131242077
0.96198583984375,-0.1138134765625,0.6289599609375001,1.1549722490041177,0.958984375,-2.64501953125,-3.01416015625,31.635882352941177,310.7311131242077
0.94098974609375,-0.1255322265625,0.6235888671875001,1.1358182589831476,1.271484375,-2.44287109375,-3.0712890625,31.58882352941177,310.7311131242077
0.96784521484375,-0.1797314453125,0.6245654296875001,1.1658086156358582,1.46044921875,-2.23046875,-3.173828125,31.635882352941177,310.7311131242077
0.97321630859375,-0.1943798828125,0.6348193359375001,1.178104032518001,1.599609375,-2.03369140625,-3.05224609375,31.635882352941177,310.7311131242077
0.99030615234375,-0.2275830078125,0.6436083984375001,1.2028017589587034,1.50634765625,-2.21240234375,-2.62744140625,31.58882352941177,310.7311131242077
0.97028662109375,-0.2485791015625,0.6182177734375001,1.177047540331811,1.33056640625,-2.3486328125,-2.18798828125,31.58882352941177,310.7311131242077
0.98542333984375,-0.2490673828125,0.6519091796875001,1.2075095438342127,1.32666015625,-2.90478515625,-1.35546875,31.635882352941177,310.7311131242077
0.92536474609375,-0.1948681640625,0.6455615234375001,1.1449992118867094,1.16845703125,-3.4970703125,-0.0322265625,31.58882352941177,310.7311131242077
0.93171240234375,-0.1641064453125,0.6060107421875001,1.123506985167832,1.04296875,-3.72216796875,0.875,31.58882352941177,311.1402229857337
0.96247412109375,-0.1269970703125,0.5972216796875001,1.139806310007057,0.97705078125,-3.68359375,1.5546875,31.58882352941177,311.1402229857337
1.00251318359375,-0.0996533203125,0.5967333984375001,1.1709202433724295,0.99755859375,-3.3056640625,1.69189453125,31.541764705882358,311.1402229857337
1.01813818359375,-0.0762158203125,0.5645068359375001,1.1666542675435836,0.98095703125,-2.58740234375,1.55224609375,31.635882352941177,311.1402229857337
1.00495458984375,-0.0449658203125,0.5718310546875001,1.1571285182508528,0.99951171875,-1.83544921875,1.375,31.58882352941177,311.1402229857337
0.97809912109375,-0.0225048828125,0.5576708984375001,1.1261355120050425,0.95166015625,-0.92822265625,1.7001953125,31.58882352941177,311.1402229857337
0.95759130859375,0.0092333984375,0.5454638671875001,1.1020876554739822,0.99560546875,-0.2392578125,2.21240234375,31.58882352941177,311.1402229857337
0.94050146484375,0.0443896484375,0.5386279296875001,1.0847273818342962,1.1572265625,0.2744140625,2.7138671875,31.58882352941177,310.8932848283571
0.93366552734375,0.0966357421875,0.5230029296875001,1.074524010006254,1.37060546875,0.79638671875,3.185546875,31.635882352941177,310.8932848283571
0.96833349609375,0.1259326171875,0.5190966796875001,1.105888849112525,1.69140625,1.119140625,3.21240234375,31.635882352941177,310.8932848283571
1.00397802734375,0.1308154296875,0.5244677734375001,1.1402416416741945,2.1103515625,1.2705078125,2.83251953125,31.635882352941177,310.8932848283571
1.01374365234375,0.1122607421875,0.5215380859375001,1.1455481840529822,2.54931640625,1.314453125,1.92626953125,31.541764705882358,310.8932848283571
0.96100927734375,0.0927294921875,0.5186083984375001,1.0959435481775588,2.826171875,1.2509765625,1.3505859375,31.68294117647059,310.8932848283571
0.90973974609375,0.0522021484375,0.5151904296875001,1.0467915975808186,2.9599609375,1.39990234375,1.07666015625,31.494705882352942,310.8932848283571
0.85456396484375,0.0175341796875,0.5107958984375001,0.9957406626865032,2.931640625,1.71435546875,1.0546875,31.58882352941177,310.70703906278453
0.83942724609375,-0.0102978515625,0.5137255859375001,0.9842043105362668,2.8193359375,1.91943359375,1.1474609375,31.541764705882358,310.70703906278453
0.83210302734375,-0.0234814453125,0.5244677734375001,0.9838766547505264,2.673828125,1.9765625,1.31640625,31.635882352941177,310.70703906278453
0.83454443359375,-0.0083447265625,0.5132373046875001,0.9797686344370315,2.48681640625,1.97314453125,1.5400390625,31.635882352941177,310.70703906278453
0.89167333984375,0.0028857421875,0.5186083984375001,1.0315252509880644,2.39794921875,1.6376953125,1.53759765625,31.58882352941177,310.70703906278453
0.99225927734375,-4.394531249999993e-05,0.5107958984375001,1.1160156474111391,2.23876953125,0.720703125,1.3681640625,31.635882352941177,310.70703906278453
1.10261083984375,-0.0019970703125,0.5093310546875001,1.2145669086962043,2.19091796875,-1.11865234375,0.822265625,31.635882352941177,310.70703906278453
1.08698583984375,-0.0288525390625,0.4556201171875,1.1789658079084089,2.07373046875,-2.85302734375,0.64697265625,31.635882352941177,310.9423054078252
1.04987646484375,-0.0161572265625,0.4224169921875,1.1317852104934647,2.05322265625,-4.21484375,0.908203125,31.635882352941177,310.9423054078252
1.04352880859375,-0.0581494140625,0.4810107421875,1.1505238210574664,2.23193359375,-6.18505859375,1.45751953125,31.541764705882358,310.9423054078252
1.06061865234375,-0.1182080078125,0.5933154296875001,1.221027541833408,2.69189453125,-8.984375,1.9521484375,31.541764705882358,310.9423054078252
1.04889990234375,-0.1362744140625,0.7402880859375001,1.2910415063993157,3.29052734375,-11.89599609375,2.54541015625,31.494705882352942,310.9423054078252
0.96735693359375,-0.1313916015625,0.8350146484375001,1.2846371678564588,3.669921875,-13.43603515625,3.5849609375,31.58882352941177,310.9423054078252
0.95270849609375,-0.1533642578125,0.7730029296875001,1.2364091569577815,3.720703125,-10.9990234375,3.85498046875,31.58882352941177,310.9423054078252
0.78278662109375,-0.1421337890625,0.7739794921875001,1.1099554777032516,3.8525390625,-4.63427734375,3.21240234375,31.68294117647059,311.05042302929394
0.84284521484375,-0.1377392578125,0.7368701171875001,1.127979489588204,3.7626953125,1.638671875,1.99462890625,31.541764705882358,311.05042302929394
0.93513037109375,-0.1265087890625,0.6987841796875001,1.174211486246633,3.197265625,7.3623046875,0.6796875,31.635882352941177,311.05042302929394
0.98835302734375,-0.1138134765625,0.6831591796875001,1.206856113585251,2.83056640625,10.6611328125,0.20849609375,31.635882352941177,311.05042302929394
1.00104833984375,-0.1084423828125,0.6504443359375001,1.198722387897697,2.78955078125,12.8505859375,0.1591796875,31.58882352941177,311.05042302929394
1.01520849609375,-0.0825634765625,0.6157763671875001,1.1902292017043,2.88525390625,13.34521484375,0.22900390625,31.58882352941177,311.05042302929394
0.99665380859375,-0.0352001953125,0.5693896484375001,1.1483738240147436,2.9296875,13.03857421875,0.298828125,31.58882352941177,311.05042302929394
0.95856787109375,0.0038623046875,0.5376513671875001,1.0990615421937442,2.9921875,12.162109375,0.35498046875,31.68294117647059,311.0606607919037
0.91071630859375,0.0297412109375,0.5024951171875001,1.0405719951853092,2.4658203125,11.19482421875,0.47607421875,31.635882352941177,311.0606607919037
0.85212255859375,0.0497607421875,0.5371630859375001,1.0085302014423303,1.841796875,9.94677734375,0.64697265625,31.635882352941177,311.0606607919037
0.78278662109375,0.0605029296875,0.5801318359375001,0.9762010273157652,1.72265625,9.0126953125,0.86328125,31.58882352941177,311.0606607919037
0.71784521484375,0.0580615234375,0.6231005859375001,0.9523272720937948,1.89111328125,8.63330078125,1.13916015625,31.58882352941177,311.0606607919037
0.66071630859375,0.0448779296875,0.6338427734375001,0.9166879133345928,2.46728515625,8.57421875,1.341796875,31.635882352941177,311.0606607919037
0.61481787109375,0.1366748046875,0.6250537109375001,0.8873404974469254,2.92236328125,8.84423828125,1.392578125,31.58882352941177,311.0606607919037
0.59479833984375,-0.0171337890625,0.6104052734375001,0.8524513063212634,3.07861328125,8.939453125,1.423828125,31.635882352941177,311.0606607919037
0.57429052734375,-0.0249462890625,0.5928271484375001,0.8257578065385092,3.1689453125,9.0244140625,1.41943359375,31.635882352941177,311.0606607919037
0.55378271484375,-0.0322705078125,0.5859912109375001,0.8069091524020461,3.18701171875,9.107421875,1.34423828125,31.635882352941177,311.0606607919037
0.55231787109375,-0.0356884765625,0.5615771484375001,0.7884780223545095,3.0068359375,8.943359375,1.3671875,31.541764705882358,311.0606607919037
0.55231787109375,-0.0288525390625,0.5630419921875001,0.789242538581363,2.85888671875,8.69384765625,1.2890625,31.68294117647059,311.0606607919037
0.58503271484375,-0.0366650390625,0.5444873046875001,0.8000462658451458,2.55517578125,8.15576171875,1.09814453125,31.58882352941177,311.0606607919037
0.59235693359375,-0.0347119140625,0.5332568359375001,0.7977809892624332,2.3046875,7.5126953125,0.9013671875,31.58882352941177,311.0606607919037
0.60993505859375,-0.0288525390625,0.5381396484375001,0.8139087946032716,2.08056640625,6.66943359375,0.79443359375,31.68294117647059,311.02779495161474
0.61774755859375,-0.0234814453125,0.5269091796875001,0.8122787132883987,2.00146484375,5.7626953125,0.6865234375,31.635882352941177,311.02779495161474
0.62800146484375,-0.0185986328125,0.5381396484375001,0.8272400076210206,1.92138671875,4.708984375,0.74462890625,31.541764705882358,311.02779495161474
0.61579443359375,-0.0083447265625,0.5557177734375001,0.8295147151321566,1.9609375,3.40185546875,0.58740234375,31.58882352941177,311.02779495161474
0.62116552734375,0.0004443359375,0.5903857421875001,0.8569726567242094,2.091796875,2.04248046875,0.69970703125,31.68294117647059,311.02779495161474
0.59968115234375,0.0028857421875,0.5952685546875001,0.8449677296702199,2.10009765625,0.62939453125,0.89990234375,31.58882352941177,311.02779495161474
0.57966162109375,0.0307177734375,0.6187060546875001,0.8483798433962015,2.09228515625,-0.16064453125,1.08203125,31.58882352941177,311.02779495161474
0.59479833984375,0.0272998046875,0.6509326171875001,0.8821811699052667,1.96240234375,-0.75634765625,1.04052734375,31.58882352941177,311.1351968305204
0.60554052734375,0.0346240234375,0.7031787109375001,0.9286218028726612,1.8759765625,-1.3623046875,0.814453125,31.635882352941177,311.1351968305204
0.61139990234375,0.0522021484375,0.7490771484375001,0.9683240569141583,1.90234375,-1.65771484375,0.44775390625,31.541764705882358,311.1351968305204
0.60944677734375,0.0487841796875,0.7925341796875001,1.0009573899899051,1.82763671875,-1.56884765625,0.24560546875,31.635882352941177,311.1351968305204
0.58454443359375,0.0375537109375,0.8047412109375001,0.9953446099878018,1.6943359375,-0.9404296875,-0.13232421875,31.68294117647059,311.1351968305204
0.57526708984375,0.0380419921875,0.8525927734375001,1.0292200227088175,1.52734375,-0.07275390625,-0.46484375,31.58882352941177,311.1351968305204
0.57380224609375,0.0307177734375,0.8853076171875001,1.055444065916048,1.41162109375,1.298828125,-0.60302734375,31.58882352941177,311.1351968305204
0.60651708984375,0.0463427734375,0.8032763671875001,1.0076028756431563,1.46484375,2.79541015625,-0.67822265625,31.58882352941177,311.3616761509485
0.62409521484375,0.0473193359375,0.9404833984375,1.1297092455499256,1.5166015625,4.4921875,-0.7490234375,31.635882352941177,311.3616761509485
0.64899755859375,0.0512255859375,0.9463427734375,1.148645522584173,1.43017578125,6.1357421875,-0.8271484375,31.541764705882358,311.3616761509485
0.64850927734375,0.0536669921875,0.9492724609375,1.1508964479681496,1.27099609375,8.13427734375,-0.87890625,31.635882352941177,311.3616761509485
0.62946630859375,0.0370654296875,0.9072802734375,1.1048797103311228,1.04443359375,9.9189453125,-0.99365234375,31.541764705882358,311.3616761509485
0.59723974609375,0.0292529296875,0.8667529296875001,1.053001276984645,0.669921875,11.5947265625,-0.73486328125,31.58882352941177,311.3616761509485
0.55768896484375,0.0224169921875,0.8062060546875001,0.9805547948289336,0.2822265625,12.72607421875,-0.3818359375,31.58882352941177,311.3616761509485
0.52057958984375,0.0116748046875,0.7681201171875001,0.9279805627568484,-0.07275390625,13.15625,0.009765625,31.68294117647059,311.0701821192464
0.50934912109375,-0.0225048828125,0.7114794921875001,0.8752977006212017,-0.26025390625,12.98681640625,0.62060546875,31.68294117647059,311.0701821192464
0.4668686523437499,-0.0283642578125,0.6426318359375001,0.7948248525448391,-0.734375,12.173828125,1.16748046875,31.68294117647059,311.0701821192464
0.4619858398437499,0.0053271484375,0.6191943359375001,0.7725677448506971,-0.8212890625,10.57568359375,1.52392578125,31.58882352941177,311.0701821192464
0.4483139648437499,0.0038623046875,0.5845263671875001,0.7366623394804694,-0.69189453125,8.42626953125,2.0146484375,31.73,311.0701821192464
0.4029038085937499,0.0014208984375,0.5889208984375001,0.7135554095850939,-0.34326171875,5.94287109375,2.4384765625,31.58882352941177,311.0701821192464
0.3423569335937499,0.0063037109375,0.5918505859375001,0.6837654004304846,0.12109375,3.0283203125,3.06396484375,31.58882352941177,311.0701821192464
0.2837631835937499,0.0131396484375,0.6416552734375001,0.7017233676132456,0.67626953125,-0.09033203125,3.58203125,31.68294117647059,311.0920925319418
0.2520249023437499,0.0243701171875,0.6851123046875001,0.7304035350731314,1.12158203125,-3.01806640625,3.87890625,31.541764705882358,311.0920925319418
0.2505600585937499,0.0448779296875,0.7534716796875001,0.7953074522639922,1.478515625,-6.35595703125,4.09228515625,31.541764705882358,311.0920925319418
0.2905991210937499,0.0819873046875,0.8467333984375001,0.8989589619887546,1.70654296875,-9.28857421875,3.84814453125,31.635882352941177,311.0920925319418
0.3491928710937499,0.1122607421875,0.9370654296875,1.0062950635745975,1.8603515625,-11.6103515625,2.9658203125,31.58882352941177,311.0920925319418
0.4033920898437499,0.1322802734375,1.0361865234375005,1.119779335513342,1.93212890625,-12.66259765625,1.66552734375,31.58882352941177,311.0920925319418
0.4483139648437499,0.1415576171875,1.1401904296875005,1.2333118770240934,1.912109375,-12.58984375,0.615234375,31.58882352941177,311.0920925319418
0.4854233398437499,0.1244677734375,1.2207568359375005,1.3196117982110067,1.9306640625,-11.111328125,-0.26513671875,31.58882352941177,311.5450537762691
0.4951889648437499,0.0858935546875,1.2564013671875005,1.3531940766610306,1.85498046875,-8.35302734375,-0.71240234375,31.58882352941177,311.5450537762691
0.4971420898437499,0.0385302734375,1.2456591796875005,1.3417531931786546,1.7236328125,-4.26513671875,-0.62255859375,31.58882352941177,311.5450537762691
0.4800522460937499,0.0063037109375,1.2344287109375005,1.3245014677749725,1.439453125,0.20361328125,0.33056640625,31.58882352941177,311.5450537762691
0.4746811523437499,-0.0264111328125,1.2017138671875005,1.2923374028935195,1.1015625,4.47314453125,1.5947265625,31.635882352941177,311.5450537762691
0.4243881835937499,-0.0469189453125,1.1528857421875005,1.2294113438318612,0.81494140625,8.220703125,2.77197265625,31.541764705882358,311.5450537762691
0.4136459960937499,-0.0518017578125,1.0957568359375005,1.17237770180971,0.5205078125,11.68359375,3.7578125,31.494705882352942,311.5450537762691
0.3999741210937499,-0.0352001953125,1.0132373046875005,1.089893658530568,0.193359375,13.59521484375,4.15087890625,31.58882352941177,311.35143666480394
0.3906967773437499,-0.0166455078125,0.9380419921875,1.0162892422259628,-0.0478515625,14.19921875,4.02978515625,31.541764705882358,311.35143666480394
0.3594467773437499,0.0092333984375,0.8731005859375001,0.944241428107197,-0.0986328125,13.62841796875,3.70849609375,31.58882352941177,311.35143666480394
0.4546616210937499,0.0214404296875,0.8189013671875001,0.9368971826739252,-0.02001953125,12.13720703125,3.44140625,31.58882352941177,311.35143666480394
0.2798569335937499,0.0116748046875,0.7524951171875001,0.8029353060714277,0.16259765625,10.04345703125,3.3193359375,31.635882352941177,311.35143666480394
0.23200537109375,-0.0083447265625,0.7109912109375001,0.747933572390038,0.2587890625,7.74560546875,3.419921875,31.58882352941177,311.35143666480394
0.19098974609375,-0.0146923828125,0.6904833984375001,0.7165614228685937,0.61669921875,4.73876953125,3.64990234375,31.58882352941177,311.35143666480394
0.15827490234375,-0.0430126953125,0.6914599609375001,0.7106461244878908,0.7548828125,1.2802734375,4.181640625,31.541764705882358,311.243316390343
0.13825537109375,-0.0478955078125,0.7314990234375001,0.7459888394573366,1.17626953125,-1.41552734375,4.46533203125,31.68294117647059,311.243316390343
0.14948583984375,-0.0679150390625,0.7647021484375001,0.782130324606827,1.373046875,-3.90673828125,4.54931640625,31.44764705882353,311.243316390343
0.17243505859375,-0.0737744140625,0.8101123046875001,0.8315398125216784,1.4208984375,-5.93603515625,4.41162109375,31.58882352941177,311.243316390343
0.19977880859375,-0.0747509765625,0.8857958984375001,0.9111167074249508,1.45751953125,-7.51220703125,4.1357421875,31.635882352941177,311.243316390343
0.22712255859375,-0.0791455078125,0.9414599609375,0.9716972399248178,1.5478515625,-8.462890625,3.76171875,31.635882352941177,311.243316390343
0.24860693359375,-0.0864697265625,0.9966357421875,1.030808044035508,1.70556640625,-8.5595703125,3.5400390625,31.635882352941177,311.243316390343
0.2622788085937499,-0.0718212890625,1.0659716796875005,1.10011094572127,1.89697265625,-8.04833984375,3.51318359375,31.58882352941177,311.243316390343
0.2686264648437499,-0.0752392578125,1.1050341796875005,1.1397024444161965,2.09765625,-7.1982421875,3.71630859375,31.635882352941177,311.243316390343
0.2910874023437499,-0.0654736328125,1.1421435546875005,1.1804704875222831,2.26171875,-5.8466796875,4.0791015625,31.635882352941177,310.95541699465804
0.3091538085937499,-0.0547314453125,1.1606982421875005,1.2024109189005103,2.30029296875,-4.3525390625,4.259765625,31.541764705882358,310.95541699465804
0.3208725585937499,-0.0332470703125,1.1523974609375005,1.1966973195081794,2.29150390625,-2.4306640625,4.70166015625,31.68294117647059,310.95541699465804
0.3750717773437499,-0.0229931640625,1.0962451171875005,1.1588618902659802,2.2607421875,2.88037109375,4.98095703125,31.58882352941177,310.95541699465804
0.3472397460937499,-0.0439892578125,1.0728076171875005,1.1284620860116077,2.22412109375,3.7265625,5.134765625,31.635882352941177,310.95541699465804
0.3120834960937499,-0.0703564453125,1.0459521484375005,1.0937833582351355,2.2197265625,3.89111328125,5.29150390625,31.58882352941177,310.95541699465804
0.2915756835937499,-0.0889111328125,1.0420458984375005,1.085716916719815,2.26220703125,3.6806640625,5.42919921875,31.68294117647059,311.15045922591787
0.2661850585937499,-0.0933056640625,1.0107958984375005,1.0494135412995087,2.2919921875,3.349609375,5.53466796875,31.68294117647059,311.15045922591787
0.2530014648437499,-0.1040478515625,0.9985888671875,1.0353817761090205,2.3037109375,2.57470703125,5.59423828125,31.68294117647059,311.15045922591787
0.24811865234375,-0.1250439453125,0.9756396484375,1.0144316524554244,2.27490234375,1.50341796875,5.6513671875,31.635882352941177,311.15045922591787
0.23151708984375,-0.1230908203125,0.9873583984375,1.0215811861521278,2.26904296875,0.501953125,5.7177734375,31.635882352941177,311.15045922591787
0.22175146484375,-0.1182080078125,0.9829638671875,1.0145761723338245,2.23779296875,-0.48388671875,5.87060546875,31.541764705882358,311.15045922591787
0.21393896484375,-0.1108837890625,0.9932177734375,1.0220306457378945,2.2275390625,-1.0009765625,6.08984375,31.635882352941177,311.15045922591787
0.20417333984375,-0.0913525390625,1.0205615234375005,1.044786036572651,2.18505859375,-1.42138671875,6.35546875,31.635882352941177,311.15045922591787
0.20417333984375,-0.0752392578125,1.0381396484375005,1.0606986510206675,2.13720703125,-1.25927734375,6.521484375,31.68294117647059,311.1066369500637
0.20710302734375,-0.0552197265625,1.0630419921875005,1.0844349493125685,2.08740234375,-0.8896484375,6.86279296875,31.58882352941177,311.1066369500637
0.20905615234375,-0.0449658203125,1.0855029296875005,1.106364772662839,2.1015625,-0.388671875,7.07275390625,31.68294117647059,311.1066369500637
0.20514990234375,-0.0308056640625,1.0991748046875005,1.1185797792870145,2.13134765625,0.123046875,7.2724609375,31.58882352941177,311.1066369500637
0.22126318359375,-0.0493603515625,1.1016162109375005,1.1247009010935798,2.2734375,0.32666015625,7.1982421875,31.541764705882358,311.1066369500637
0.23542333984375,-0.1094189453125,1.0850146484375005,1.1156403729967996,2.322265625,-0.2373046875,7.001953125,31.73,311.1066369500637
0.3858139648437499,-0.1475048828125,1.1099169921875005,1.1842828359258322,2.39990234375,-2.6337890625,6.69775390625,31.68294117647059,311.1066369500637
0.67878271484375,-0.1792431640625,1.0796435546875005,1.2878292942048062,2.265625,-7.0869140625,5.75390625,31.541764705882358,311.1066369500637
0.91999365234375,-0.1680126953125,1.0317919921875005,1.392555672596688,2.087890625,-11.15966796875,4.81298828125,31.58882352941177,311.01019481587497
0.98932958984375,-0.0723095703125,1.0410693359375005,1.4379941145667214,2.60205078125,-12.87060546875,4.3525390625,31.635882352941177,311.01019481587497
0.91657568359375,0.0609912109375,1.0581591796875005,1.4012607755603153,3.857421875,-11.8876953125,4.2021484375,31.494705882352942,311.01019481587497
0.95075537109375,0.1186083984375,1.0234912109375005,1.4019764572594768,4.54541015625,-9.19775390625,4.8564453125,31.635882352941177,311.01019481587497
0.70710302734375,0.0805224609375,0.9854052734375,1.215525446427413,4.00244140625,-6.2978515625,5.87353515625,31.58882352941177,311.01019481587497
0.61921240234375,0.0238818359375,1.0527880859375005,1.2216206838442156,3.2392578125,-3.3857421875,6.52099609375,31.58882352941177,311.01019481587497
0.55866552734375,-0.0049267578125,1.1387255859375005,1.2683956025048009,2.70654296875,-0.56201171875,6.77880859375,31.73,311.01019481587497
0.50641943359375,-0.0229931640625,1.1445849609375005,1.2518242932294126,2.6943359375,2.701171875,6.32373046875,31.541764705882358,311.01019481587497
0.4805405273437499,-0.0464306640625,1.1314013671875005,1.230099206836115,2.7890625,5.3349609375,5.7470703125,31.494705882352942,311.01019481587497
0.4317124023437499,-0.0615673828125,1.0693896484375005,1.1548854320447,2.8095703125,7.4970703125,4.92041015625,31.68294117647059,311.2928831672972
0.3780014648437499,-0.0850048828125,0.9600146484375,1.035248309701863,2.66943359375,8.57373046875,4.7080078125,31.541764705882358,311.2928831672972
0.3252670898437499,-0.1191845703125,0.8530810546875001,0.9207339069474604,2.4033203125,9.18994140625,4.75927734375,31.635882352941177,311.2928831672972
0.3062241210937499,-0.1431103515625,0.7397998046875001,0.813361872772289,2.14013671875,9.33349609375,5.31005859375,31.58882352941177,311.2928831672972
0.3155014648437499,-0.1611767578125,0.6670458984375001,0.7552942156536041,1.96630859375,8.880859375,5.7890625,31.635882352941177,311.2928831672972
0.3599350585937499,-0.1811962890625,0.5938037109375001,0.7176267753491737,1.92138671875,7.57666015625,6.40869140625,31.58882352941177,311.2928831672972
0.4429428710937499,-0.1846142578125,0.5708544921875001,0.7457584478174439,2.01171875,5.2998046875,7.1015625,31.58882352941177,311.2928831672972
0.52302099609375,-0.1743603515625,0.5591357421875001,0.7852294395547479,2.14501953125,1.90234375,7.5615234375,31.58882352941177,311.2928831672972
0.57575537109375,-0.1738720703125,0.5606005859375001,0.8221914382499522,2.59033203125,-2.59130859375,7.9208984375,31.58882352941177,311.2928831672972
0.61188818359375,-0.1611767578125,0.6133349609375001,0.8812291817619368,3.029296875,-6.5498046875,8.109375,31.541764705882358,311.22714874691906
0.60065771484375,-0.1572705078125,0.6978076171875001,0.9340552305050348,3.61767578125,-10.2841796875,8.24658203125,31.58882352941177,311.22714874691906
0.60163427734375,-0.1655712890625,0.7944873046875001,1.0102414230006422,4.3056640625,-14.20849609375,7.8779296875,31.635882352941177,311.22714874691906
0.60407568359375,-0.1826611328125,0.8848193359375001,1.0868200302711029,4.82763671875,16.0,7.39794921875,31.541764705882358,311.22714874691906
0.60114599609375,-0.1938916015625,0.9482958984375,1.1394014098505425,5.22314453125,16.0,6.6650390625,31.58882352941177,311.22714874691906
0.64167333984375,-0.1904736328125,0.9985888671875,1.2021666296873483,5.37841796875,16.0,5.90673828125,31.541764705882358,311.22714874691906
0.69489599609375,-0.1968212890625,1.0156787109375005,1.2462833983757513,5.48046875,-13.91650390625,5.21435546875,31.58882352941177,311.22714874691906
0.73932958984375,-0.1855908203125,1.0098193359375005,1.265222228004254,5.41796875,-10.09375,4.88623046875,31.58882352941177,311.22714874691906
0.74811865234375,-0.1685009765625,0.9878466796875,1.2505659357493963,5.47705078125,-4.5107421875,5.05712890625,31.58882352941177,311.28192739561945
0.75348974609375,-0.1670361328125,0.9731982421875,1.2420799836283567,5.25341796875,-0.486328125,5.86865234375,31.73,311.28192739561945
0.73835302734375,-0.1831494140625,0.9487841796875,1.216100456576018,4.765625,2.4951171875,7.267578125,31.58882352941177,311.28192739561945
0.70759130859375,-0.1943798828125,0.9238818359375,1.1798417883830283,4.2265625,4.3359375,8.85205078125,31.541764705882358,311.28192739561945
0.69147802734375,-0.1919384765625,0.9165576171875,1.1640704904380856,4.091796875,5.73974609375,9.7724609375,31.58882352941177,311.28192739561945
0.69391943359375,-0.1777783203125,0.8853076171875001,1.1388146857774597,4.15771484375,6.14990234375,10.34912109375,31.68294117647059,311.28192739561945
0.70075537109375,-0.1621533203125,0.8711474609375001,1.1297122147268128,4.26123046875,5.6826171875,10.3955078125,31.44764705882353,311.28192739561945
0.70319677734375,-0.1435986328125,0.8403857421875001,1.1051490717022252,4.3232421875,4.83544921875,10.1728515625,31.541764705882358,311.28192739561945
0.69538427734375,-0.1245556640625,0.8164599609375001,1.0796667423057005,4.251953125,3.15869140625,9.80712890625,31.58882352941177,311.28192739561945
0.70612646484375,-0.1162548828125,0.8071826171875001,1.0787370206033269,4.521484375,1.21337890625,9.4873046875,31.73,311.2921634013278
0.69587255859375,-0.1069775390625,0.8154833984375001,1.0773560158066855,4.67041015625,-0.57666015625,9.1181640625,31.635882352941177,311.2921634013278
0.69245458984375,-0.1069775390625,0.8306201171875001,1.0866771976700906,4.9140625,-2.189453125,8.775390625,31.58882352941177,311.2921634013278
0.67487646484375,-0.0986767578125,0.8496630859375001,1.089551607284951,5.22998046875,-3.2685546875,8.75830078125,31.58882352941177,311.2921634013278
0.68268896484375,-0.1025830078125,0.8716357421875001,1.1119066342414026,5.5322265625,-3.845703125,8.912109375,31.635882352941177,311.2921634013278
0.67389990234375,-0.1089306640625,0.8818896484375001,1.1152292678966196,5.7158203125,-3.7734375,9.1455078125,31.635882352941177,311.2921634013278
0.67780615234375,0.0072802734375,0.8945849609375001,1.1223887182575885,5.81982421875,-3.33935546875,9.35595703125,31.58882352941177,311.2921634013278
0.69636083984375,-0.1245556640625,0.9111865234375,1.1535568530471574,5.76611328125,-2.32763671875,9.45947265625,31.635882352941177,311.2921634013278
0.69050146484375,-0.1338330078125,0.9102099609375,1.150298100459768,5.59716796875,-0.892578125,9.40966796875,31.494705882352942,311.2921634013278
0.68317724609375,-0.1509228515625,0.9224169921875,1.1577400244356375,5.47607421875,0.60107421875,9.25439453125,31.68294117647059,311.2490601644576
0.67145849609375,-0.1621533203125,0.9204638671875,1.1508275031743969,5.13720703125,1.65771484375,9.08544921875,31.58882352941177,311.2490601644576
0.65095068359375,-0.1626416015625,0.8999560546875001,1.1225462054626865,4.9130859375,2.740234375,8.94873046875,31.58882352941177,311.2490601644576
0.64655615234375,-0.1597119140625,0.8843310546875001,1.107061049767251,4.74365234375,3.271484375,8.92822265625,31.68294117647059,311.2490601644576
0.63190771484375,-0.1626416015625,0.8647998046875001,1.083345906359277,4.6123046875,3.67041015625,8.95947265625,31.58882352941177,311.2490601644576
0.63044287109375,-0.1548291015625,0.8447802734375001,1.0654031982271872,4.50048828125,3.5,8.876953125,31.635882352941177,311.2490601644576
0.64411474609375,-0.1528759765625,0.8369677734375001,1.0671316339225825,4.44091796875,3.08349609375,9.00732421875,31.58882352941177,311.2490601644576
0.64362646484375,-0.1479931640625,0.8267138671875001,1.0581175837574028,4.40966796875,2.1181640625,8.9169921875,31.541764705882358,311.2490601644576
0.65485693359375,-0.1455517578125,0.8398974609375001,1.074918909763605,4.43603515625,0.78125,8.68603515625,31.77705882352941,311.2490601644576
0.64655615234375,-0.1538525390625,0.8433154296875001,1.0737254657772373,4.4921875,-0.04052734375,8.3896484375,31.68294117647059,311.07664897198947
0.62751318359375,-0.1562939453125,0.8613818359375001,1.077116177674613,4.53857421875,-0.79931640625,8.087890625,31.77705882352941,311.07664897198947
0.61921240234375,-0.1514111328125,0.8721240234375001,1.0802544342018208,4.63427734375,-1.0341796875,7.82177734375,31.68294117647059,311.07664897198947
0.60163427734375,-0.1553173828125,0.8984912109375001,1.0924164724181873,4.7373046875,-0.82958984375,7.68115234375,31.58882352941177,311.07664897198947
0.57477880859375,-0.1572705078125,0.9072802734375,1.0854778606700723,4.86474609375,-0.341796875,7.7392578125,31.58882352941177,311.07664897198947
0.56501318359375,-0.1685009765625,0.8940966796875001,1.0710001631024493,4.91943359375,0.4306640625,7.9287109375,31.73,311.07664897198947
0.56013037109375,-0.1704541015625,0.8931201171875001,1.0679251739172155,4.8896484375,1.35107421875,8.19970703125,31.635882352941177,311.07664897198947
0.54987646484375,-0.1728955078125,0.8936083984375001,1.063387489567578,4.87255859375,1.92578125,8.4814453125,31.635882352941177,311.07664897198947
0.55182958984375,-0.1641064453125,0.8814013671875001,1.052765497012616,4.54833984375,2.5458984375,8.66015625,31.68294117647059,311.2059571030877
0.54694677734375,-0.1401806640625,0.8774951171875001,1.0434553543451783,4.39208984375,2.7177734375,8.6826171875,31.58882352941177,311.2059571030877
0.54987646484375,-0.1235791015625,0.8696826171875001,1.036331884856465,4.2451171875,2.62646484375,8.53564453125,31.635882352941177,311.2059571030877
0.56061865234375,-0.1103955078125,0.8535693359375001,1.0271616487942328,4.24560546875,2.2587890625,8.2060546875,31.635882352941177,311.2059571030877
0.56403662109375,-0.0913525390625,0.8555224609375001,1.028786312844692,4.12255859375,1.84423828125,7.78759765625,31.541764705882358,311.2059571030877
0.55817724609375,-0.0806103515625,0.8384326171875001,1.0104598559070586,3.85009765625,1.189453125,7.3544921875,31.68294117647059,311.2059571030877
0.54694677734375,-0.0757275390625,0.8311083984375001,0.9978109076235449,3.72119140625,0.87109375,6.70263671875,31.58882352941177,311.2059571030877
0.53766943359375,-0.0713330078125,0.8438037109375001,1.0030859985148324,3.7392578125,0.43896484375,6.1435546875,31.635882352941177,311.2059571030877
0.53327490234375,-0.0825634765625,0.8516162109375001,1.008190963986172,3.5625,0.19873046875,5.66259765625,31.58882352941177,311.2059571030877
0.52790380859375,-0.0825634765625,0.8779833984375001,1.027790838021888,3.53076171875,0.0009765625,5.32421875,31.68294117647059,311.108075724061
0.53473974609375,-0.0810986328125,0.8877490234375001,1.0395296594665782,3.41943359375,0.2197265625,5.14990234375,31.541764705882358,311.108075724061
0.52350927734375,-0.0644970703125,0.9141162109375,1.0553815815346612,3.23193359375,0.39208984375,5.10302734375,31.635882352941177,311.108075724061
0.52839208984375,-0.0561962890625,0.9473193359375,1.0861722458960676,2.904296875,0.63134765625,5.0478515625,31.635882352941177,311.108075724061
0.56550146484375,-0.0381298828125,1.0200732421875005,1.166959816844882,2.42578125,0.79541015625,4.72412109375,31.73,311.108075724061
0.62800146484375,-0.0156689453125,1.1118701171875005,1.2770616716461454,1.92578125,0.75927734375,4.0556640625,31.635882352941177,311.108075724061
0.66559912109375,0.0312060546875,1.1890185546875005,1.36299711343828,1.55224609375,1.30419921875,3.34521484375,31.635882352941177,311.108075724061
0.66950537109375,0.1103076171875,1.1919482421875005,1.3715486955944494,1.28759765625,2.482421875,2.87353515625,31.68294117647059,311.46385956911774
0.64509130859375,0.1820849609375,1.1904833984375005,1.3662168390772045,1.17919921875,3.76904296875,2.607421875,31.58882352941177,311.46385956911774
0.61335302734375,0.2289599609375,1.1509326171875005,1.3241112072519867,1.21533203125,5.4794921875,2.63623046875,31.68294117647059,311.46385956911774
0.54841162109375,0.2475146484375,1.1123583984375005,1.2646580620532393,1.35400390625,6.63525390625,2.87841796875,31.58882352941177,311.46385956911774
0.4571030273437499,0.1986865234375,1.0708544921875005,1.1811641950383742,1.60693359375,7.86962890625,3.2109375,31.635882352941177,311.46385956911774
0.3565170898437499,0.1234912109375,1.0147021484375005,1.082577925404516,1.75390625,8.732421875,3.30517578125,31.635882352941177,311.46385956911774
0.24470068359375,0.0180224609375,0.9502490234375,0.9814155288120392,1.95703125,9.28076171875,3.17919921875,31.635882352941177,311.46385956911774
0.17536474609375,-0.0771923828125,0.9048388671875,0.9249026076890232,1.94482421875,9.61474609375,2.88037109375,31.541764705882358,311.2578584759057
0.13776708984375,-0.1387158203125,0.8716357421875001,0.8932920669678758,1.86181640625,8.98779296875,2.4052734375,31.68294117647059,311.2578584759057
0.12409521484375,-0.1982861328125,0.8291552734375001,0.8615192860766777,1.68017578125,7.4453125,1.865234375,31.58882352941177,311.2578584759057
0.12604833984375,-0.2329541015625,0.8042529296875001,0.8467458723389704,1.29052734375,5.2666015625,1.2431640625,31.58882352941177,311.2578584759057
0.11872412109375,-0.2329541015625,0.7622607421875001,0.805856357823473,0.8154296875,2.79931640625,0.6806640625,31.68294117647059,311.2578584759057
0.10358740234375,-0.1982861328125,0.7393115234375001,0.7724178073280934,0.4814453125,0.10791015625,0.6787109375,31.635882352941177,311.2578584759057
0.10016943359375,-0.1318798828125,0.7568896484375001,0.7747955593761323,0.02880859375,-2.93505859375,1.08544921875,31.73,311.2578584759057
0.12507177734375,-0.0635205078125,0.7896044921875001,0.801968240320876,-0.189453125,-5.8720703125,1.390625,31.58882352941177,311.06209642004023
0.17634130859375,-0.0142041015625,0.8550341796875001,0.8731445825587135,-0.22265625,-8.3232421875,1.84228515625,31.58882352941177,311.06209642004023
0.23932958984375,0.0399951171875,0.9399951171875,0.9708084683962956,-0.07373046875,-10.58740234375,1.9921875,31.58882352941177,311.06209642004023
0.3125717773437499,0.0937060546875,1.0264208984375005,1.0770430824373614,0.14501953125,-11.8974609375,1.90478515625,31.68294117647059,311.06209642004023
0.3843491210937499,0.1356982421875,1.1231005859375005,1.194777462940891,0.8203125,-12.39111328125,1.53857421875,31.635882352941177,311.06209642004023
0.4541733398437499,0.1537646484375,1.0522998046875005,1.1563960691213393,1.4951171875,-11.833984375,1.025390625,31.635882352941177,311.06209642004023
0.50007177734375,0.1444873046875,1.2119677734375005,1.319020184668395,2.06201171875,-10.0205078125,0.59375,31.58882352941177,311.06209642004023
0.4995834960937499,0.1273974609375,1.2246630859375005,1.328763882968128,2.3828125,-7.8388671875,0.6015625,31.635882352941177,311.169496737915
0.4805405273437499,0.1029833984375,1.2358935546875005,1.3300216754969263,2.78173828125,-5.22802734375,0.9072265625,31.58882352941177,311.169496737915
0.4326889648437499,0.0785693359375,1.2256396484375005,1.302146469744942,2.86181640625,-2.16943359375,1.45751953125,31.635882352941177,311.169496737915
0.4092514648437499,0.0546435546875,1.1812060546875005,1.2512875062015327,2.7109375,0.7041015625,1.80517578125,31.58882352941177,311.169496737915
0.3936264648437499,0.0522021484375,1.1406787109375005,1.207814050138893,2.4296875,3.2548828125,1.8818359375,31.68294117647059,311.169496737915
0.3867905273437499,0.0536669921875,1.0855029296875005,1.1536046413106422,2.23779296875,5.31689453125,1.7783203125,31.541764705882358,311.169496737915
0.3780014648437499,0.0590380859375,1.0264208984375005,1.0954042467347065,1.884765625,6.77783203125,1.54296875,31.635882352941177,311.169496737915
0.3677475585937499,0.0648974609375,0.9790576171875,1.047856748349059,1.83447265625,7.20556640625,1.4404296875,31.635882352941177,311.35143666480394
0.3648178710937499,0.0722216796875,0.9360888671875,1.0072588631323316,1.8740234375,6.794921875,1.46826171875,31.58882352941177,311.35143666480394
0.3682358398437499,0.0780810546875,0.9009326171875,0.9764086570482988,2.01220703125,5.578125,1.66064453125,31.635882352941177,311.35143666480394
0.3755600585937499,0.1000537109375,0.8740771484375001,0.9565913255429076,2.29248046875,3.8388671875,1.908203125,31.58882352941177,311.35143666480394
0.3716538085937499,0.0961474609375,0.8369677734375001,0.92080722274529,2.55224609375,1.6298828125,2.15478515625,31.68294117647059,311.35143666480394
0.3594467773437499,0.0834521484375,0.8159716796875001,0.8955311434415233,2.6865234375,-0.5625,2.4345703125,31.635882352941177,311.35143666480394
0.3345444335937499,0.0937060546875,0.8267138671875001,0.8967478023021697,2.81494140625,-2.70458984375,2.77099609375,31.635882352941177,311.35143666480394
0.3369858398437499,0.0844287109375,0.8496630859375001,0.9179406424658412,2.9130859375,-4.28564453125,2.9482421875,31.541764705882358,311.3507209561239
0.3316147460937499,0.0736865234375,0.8843310546875001,0.9473328126101376,2.921875,-5.19189453125,3.01220703125,31.58882352941177,311.3507209561239
0.3228256835937499,0.0585498046875,0.9634326171875,1.0177656456559498,2.8876953125,-5.26513671875,3.14501953125,31.68294117647059,311.3507209561239
0.3086655273437499,0.0639208984375,1.0230029296875005,1.0704649845635592,3.228515625,-4.671875,3.43310546875,31.58882352941177,311.3507209561239
0.2915756835937499,0.0522021484375,1.0684130859375005,1.1087145555854967,3.46826171875,-3.44873046875,3.78662109375,31.541764705882358,311.3507209561239
0.2837631835937499,0.0478076171875,1.0996630859375005,1.1366908177679595,3.5947265625,-1.55419921875,4.412109375,31.635882352941177,311.3507209561239
0.2979233398437499,0.0380419921875,1.1021044921875005,1.142295855412737,3.625,0.95849609375,4.79248046875,31.73,311.3507209561239
0.3272202148437499,0.0268115234375,1.1167529296875005,1.1640141892421434,3.6298828125,3.46240234375,5.40087890625,31.494705882352942,311.1140030005728
0.3389389648437499,0.0019091796875,1.0977099609375005,1.1488474333861047,3.63623046875,5.13671875,5.8046875,31.635882352941177,311.1140030005728
0.3570053710937499,-0.0039501953125,1.1670458984375005,1.220436220411614,3.48291015625,6.294921875,6.18798828125,31.541764705882358,311.1140030005728
0.3628647460937499,0.0028857421875,1.0308154296875005,1.092821852612529,3.49267578125,6.44970703125,6.56884765625,31.58882352941177,311.1140030005728
0.3711655273437499,0.0180224609375,0.9756396484375,1.044012155767286,3.171875,6.076171875,6.859375,31.73,311.1140030005728
0.3692124023437499,0.0409716796875,0.9580615234375,1.0275594188523802,3.0224609375,5.35107421875,7.00537109375,31.68294117647059,311.1140030005728
0.3892319335937499,0.0683154296875,0.9507373046875,1.0295969690063047,2.90576171875,4.2314453125,7.20751953125,31.73,311.1140030005728
0.4029038085937499,0.0922412109375,0.9609912109375,1.0461089940697803,2.8486328125,2.67578125,7.09228515625,31.541764705882358,311.1140030005728
0.4331772460937499,0.1210498046875,0.9531787109375,1.0539664305530425,2.75,1.07373046875,6.849609375,31.73,311.1140030005728
0.4429428710937499,0.1254443359375,0.9585498046875,1.0633684199457962,2.94677734375,-0.46044921875,6.19384765625,31.635882352941177,311.300962298877
0.4492905273437499,0.1479052734375,0.9399951171875,1.052296901168006,3.0361328125,-1.376953125,5.64404296875,31.635882352941177,311.300962298877
0.4312241210937499,0.1327685546875,0.9185107421875,1.0233492635658252,2.98974609375,-1.9091796875,5.21923828125,31.635882352941177,311.300962298877
0.4268295898437499,0.1283740234375,0.9180224609375,1.0205041045706085,2.91552734375,-1.9052734375,4.70263671875,31.635882352941177,311.300962298877
0.4292709960937499,0.1215380859375,0.9180224609375,1.0206911056761567,2.7607421875,-1.650390625,4.44873046875,31.635882352941177,311.300962298877
0.4488022460937499,0.1127490234375,0.9282763671875,1.0372236076486725,2.6064453125,-1.49267578125,4.28369140625,31.58882352941177,311.300962298877
0.3335678710937499,0.1039599609375,0.9395068359375,1.0023713348242935,2.51025390625,-1.02392578125,4.1650390625,31.635882352941177,311.300962298877
0.4668686523437499,0.1078662109375,0.9297412109375,1.0459541946561577,2.4228515625,-0.65185546875,4.0771484375,31.635882352941177,311.300962298877
0.4668686523437499,0.1093310546875,0.9185107421875,1.0361378294291657,2.37744140625,-0.1728515625,3.98388671875,31.635882352941177,311.300962298877
0.4385483398437499,0.1083544921875,0.9116748046875,1.0174557935649644,2.30322265625,0.14501953125,3.92529296875,31.635882352941177,311.4200371436577
0.4141342773437499,0.0951708984375,0.8980029296875001,0.9934656316691404,2.158203125,0.560546875,3.99609375,31.68294117647059,311.4200371436577
0.3755600585937499,0.0829638671875,0.8814013671875001,0.9616635227300868,1.97119140625,0.708984375,3.8359375,31.635882352941177,311.4200371436577
0.3457749023437499,0.0692919921875,0.8862841796875001,0.953866505563796,1.80419921875,0.66796875,3.8125,31.541764705882358,311.4200371436577
0.3052475585937499,0.0561083984375,0.9019091796875,0.9538157016988372,1.7060546875,0.6142578125,3.7841796875,31.635882352941177,311.4200371436577
0.2730209960937499,0.0390185546875,0.9263232421875,0.966507972514809,1.62890625,0.048828125,3.75048828125,31.73,311.4200371436577
0.2700913085937499,0.0189990234375,0.9575732421875,0.9951164715865894,1.8193359375,-0.5341796875,3.69287109375,31.58882352941177,311.4200371436577
0.2876694335937499,-0.0137158203125,0.9922412109375,1.0331913895468303,1.919921875,-1.6572265625,3.533203125,31.68294117647059,311.4200371436577
0.21149755859375,-0.0488720703125,1.0327685546875005,1.0553343470668692,2.04443359375,-3.1171875,3.3466796875,31.635882352941177,311.5391127513089
0.3721420898437499,-0.0869580078125,1.0693896484375005,1.1356256647070253,2.2197265625,-4.158203125,3.27783203125,31.58882352941177,311.5391127513089
0.4004624023437499,-0.1323681640625,1.1021044921875005,1.1800532946643012,2.43798828125,-5.22412109375,3.35791015625,31.58882352941177,311.5391127513089
0.4190170898437499,-0.1689892578125,1.1157763671875005,1.203781372347687,2.60302734375,-5.6826171875,3.5224609375,31.58882352941177,311.5391127513089
0.3980209960937499,-0.1909619140625,1.1030810546875005,1.18813929282907,2.56201171875,-5.53173828125,4.10546875,31.68294117647059,311.5391127513089
0.3848374023437499,-0.1948681640625,1.1079638671875005,1.1889732371255697,2.376953125,-4.94287109375,4.57861328125,31.58882352941177,311.5391127513089
0.3765366210937499,-0.1577587890625,1.1040576171875005,1.1771197409868317,2.2001953125,-3.697265625,4.92236328125,31.541764705882358,311.5391127513089
0.3833725585937499,-0.1338330078125,1.0923388671875005,1.16537118268444,1.92431640625,-2.11962890625,4.96728515625,31.635882352941177,311.0116351409075
0.3950913085937499,-0.0981884765625,1.0737841796875005,1.148368661886567,1.6845703125,-0.7255859375,4.81201171875,31.58882352941177,311.0116351409075
0.3960678710937499,-0.0522900390625,1.1753466796875005,1.241387862092394,1.4521484375,0.587890625,4.5791015625,31.68294117647059,311.0116351409075
0.3921616210937499,-0.0049267578125,1.0342333984375005,1.1060984280094617,1.31201171875,1.60205078125,4.34716796875,31.541764705882358,311.0116351409075
0.3872788085937499,0.0336474609375,0.9985888671875,1.071586092147593,1.25927734375,2.01318359375,4.17333984375,31.635882352941177,311.0116351409075
0.3765366210937499,0.0663623046875,0.9492724609375,1.023377734564551,1.28759765625,2.2392578125,4.1025390625,31.68294117647059,311.0116351409075
0.3745834960937499,0.0800341796875,0.9248583984375,1.0010401203870127,1.3955078125,1.97119140625,4.0703125,31.68294117647059,311.0116351409075
0.3731186523437499,0.0956591796875,0.8926318359375001,0.9721932945224696,1.576171875,1.14013671875,4.01318359375,31.635882352941177,311.5910218560799
0.3931381835937499,0.0917529296875,0.8901904296875001,0.9774534426829998,1.78955078125,0.14599609375,3.83984375,31.635882352941177,311.5910218560799
0.4087631835937499,0.0673388671875,0.8721240234375001,0.965516533029138,1.95849609375,-1.00634765625,3.50634765625,31.58882352941177,311.5910218560799
0.4258530273437499,0.0365771484375,0.8657763671875001,0.9655347775538904,2.0146484375,-2.5849609375,3.0380859375,31.635882352941177,311.5910218560799
0.4190170898437499,0.0111865234375,0.8760302734375001,0.9711485467562232,2.02001953125,-3.869140625,2.54638671875,31.635882352941177,311.5910218560799
0.3965561523437499,-0.0127392578125,0.9014208984375,0.984874970131317,1.9248046875,-4.78173828125,2.1416015625,31.58882352941177,311.5910218560799
0.3794663085937499,-0.0513134765625,0.9448779296875,1.0195205021210871,1.81103515625,-5.6181640625,1.99755859375,31.541764705882358,311.5910218560799
0.3579819335937499,-0.0771923828125,0.9946826171875,1.0599543564129383,1.708984375,-5.93017578125,1.8623046875,31.541764705882358,311.14686880835603
0.3648178710937499,-0.0986767578125,1.0278857421875005,1.0951613034590435,1.7099609375,-6.046875,1.98828125,31.635882352941177,311.14686880835603
0.3926499023437499,-0.1089306640625,1.0649951171875005,1.1402869967761935,1.75927734375,-5.83251953125,2.2451171875,31.494705882352942,311.14686880835603
0.4170639648437499,-0.1186962890625,1.0762255859375005,1.1602985269467996,1.78662109375,-5.328125,2.384765625,31.635882352941177,311.14686880835603
0.4385483398437499,-0.1089306640625,1.0811083984375005,1.1717448122884535,1.7822265625,-4.3876953125,2.62744140625,31.635882352941177,311.14686880835603
0.4600327148437499,-0.0991650390625,1.0693896484375005,1.168356976220906,1.6904296875,-3.12744140625,2.87451171875,31.58882352941177,311.14686880835603
0.4790756835937499,-0.0815869140625,1.0562060546875005,1.1626440405883458,1.53369140625,-1.72216796875,2.7734375,31.58882352941177,311.14686880835603
0.4849350585937499,-0.0649853515625,1.0352099609375005,1.145008633240486,1.3125,-0.0283203125,2.5234375,31.58882352941177,311.2111669960201
0.4888413085937499,-0.0425244140625,1.0239794921875005,1.1354770588609793,1.09912109375,1.22021484375,2.17724609375,31.68294117647059,311.2111669960201
0.4790756835937499,-0.0229931640625,1.0093310546875005,1.1174933441238053,0.935546875,2.2138671875,1.8486328125,31.58882352941177,311.2111669960201
0.4595444335937499,-0.0098095703125,1.0010302734375005,1.101516646472069,0.80078125,2.703125,1.474609375,31.635882352941177,311.2111669960201
0.4483139648437499,0.0043505859375,0.9907763671875,1.087493516509033,0.73828125,2.7353515625,0.9736328125,31.635882352941177,311.2111669960201
0.4405014648437499,0.0102099609375,0.9844287109375,1.078538673738639,0.77978515625,2.47216796875,0.744140625,31.58882352941177,311.2111669960201
0.4048569335937499,0.0028857421875,0.9678271484375,1.049098114305602,0.84423828125,2.2109375,0.2666015625,31.635882352941177,311.2111669960201
0.3877670898437499,-0.0176220703125,0.9673388671875,1.0423139341386478,0.9521484375,1.70068359375,0.046875,31.635882352941177,311.3185709802108
0.3599350585937499,-0.0532666015625,0.9556201171875,1.0225460310520773,1.05712890625,1.34814453125,-0.072265625,31.635882352941177,311.3185709802108
0.3345444335937499,-0.0801220703125,0.9580615234375,1.0179496092101552,1.193359375,0.677734375,-0.10986328125,31.635882352941177,311.3185709802108
0.3013413085937499,-0.1162548828125,0.9590380859375,1.011966319756446,1.31494140625,0.2119140625,-0.11279296875,31.541764705882358,311.3185709802108
0.2920639648437499,-0.1460400390625,0.9678271484375,1.0214296068855115,1.38671875,-0.13525390625,-0.10693359375,31.635882352941177,311.3185709802108
0.2847397460937499,-0.1631298828125,0.9722216796875,1.026110654913171,1.44189453125,-0.7216796875,-0.02587890625,31.58882352941177,311.3185709802108
0.3018295898437499,-0.1650830078125,0.9722216796875,1.0312945724806526,1.52783203125,-1.2080078125,0.00146484375,31.58882352941177,311.3185709802108
0.3570053710937499,-0.1626416015625,0.9639208984375,1.0406962208027657,1.68408203125,-1.59912109375,0.23974609375,31.58882352941177,311.02779495161474
0.4268295898437499,-0.1538525390625,0.9556201171875,1.0578581714557076,1.83642578125,-1.99169921875,0.39892578125,31.541764705882358,311.02779495161474
0.4873764648437499,-0.1406689453125,0.9482958984375,1.0754481306191888,1.92626953125,-2.42041015625,0.6455078125,31.58882352941177,311.02779495161474
0.52839208984375,-0.1211376953125,0.9507373046875,1.0944286017641909,1.94921875,-2.6513671875,0.93701171875,31.635882352941177,311.02779495161474
0.54792333984375,-0.0962353515625,0.9487841796875,1.099851193962697,1.93408203125,-2.56982421875,1.31298828125,31.635882352941177,311.02779495161474
0.55866552734375,-0.0640087890625,0.9692919921875,1.1205941560789665,1.9326171875,-2.3564453125,1.740234375,31.58882352941177,311.02779495161474
0.58063818359375,-0.0220166015625,0.9937060546875,1.1511199564398178,2.0556640625,-2.00537109375,2.0126953125,31.68294117647059,311.02779495161474
0.59382177734375,0.0155810546875,0.9990771484375,1.16233481451898,2.1982421875,-1.44921875,2.42431640625,31.58882352941177,311.3835865825383
0.59968115234375,0.0478076171875,0.9946826171875,1.162452821267362,2.279296875,-0.8173828125,2.5517578125,31.68294117647059,311.3835865825383
0.60163427734375,0.0722216796875,0.9702685546875,1.1439409263188334,2.1689453125,0.318359375,2.513671875,31.58882352941177,311.3835865825383
0.60407568359375,0.0873583984375,0.9468310546875,1.1265114146813893,1.9384765625,1.169921875,2.2578125,31.541764705882358,311.3835865825383
0.60114599609375,0.0854052734375,0.9434130859375,1.1219174747139815,1.67333984375,2.09619140625,1.83740234375,31.58882352941177,311.3835865825383
0.58356787109375,0.0800341796875,0.9336474609375,1.1039268596271146,1.42529296875,2.63623046875,1.27587890625,31.635882352941177,311.3835865825383
0.55182958984375,0.0614794921875,1.0498583984375005,1.1876440043028498,1.2578125,3.1875,0.8330078125,31.58882352941177,311.3835865825383
0.51032568359375,0.0360888671875,1.0444873046875005,1.1630513485326708,1.1806640625,3.302734375,0.59033203125,31.635882352941177,311.3295261944316
0.4717514648437499,-0.0044384765625,0.9238818359375,1.037365312429361,1.248046875,3.2529296875,0.546875,31.68294117647059,311.3295261944316
0.4278061523437499,-0.0342236328125,0.9282763671875,1.0226858632565872,1.39892578125,3.05615234375,0.763671875,31.73,311.3295261944316
0.3858139648437499,-0.0747509765625,0.9199755859375,1.0003975223312722,1.5537109375,2.78076171875,1.15283203125,31.635882352941177,311.3295261944316
0.3570053710937499,-0.0864697265625,0.9116748046875,0.982894093025068,1.67236328125,2.4521484375,1.60205078125,31.635882352941177,311.3295261944316
0.3599350585937499,-0.1020947265625,0.9238818359375,0.9967618704444928,1.7890625,2.0166015625,2.04150390625,31.68294117647059,311.3295261944316
0.3711655273437499,-0.1006298828125,0.9243701171875,1.0011744780768506,1.8544921875,1.384765625,2.33056640625,31.541764705882358,311.3295261944316
0.4043686523437499,-0.0884228515625,0.9238818359375,1.0123686356520485,1.82275390625,0.99658203125,2.423828125,31.635882352941177,311.2747502631395
0.4258530273437499,-0.0850048828125,0.9302294921875,1.0265980416575993,1.732421875,0.43115234375,2.40576171875,31.73,311.2747502631395
0.4400131835937499,-0.0644970703125,0.9473193359375,1.0465110596913292,1.65283203125,0.07177734375,2.28564453125,31.635882352941177,311.2747502631395
0.4566147460937499,-0.0454541015625,0.9605029296875,1.0644853120815638,1.60986328125,-0.095703125,2.2236328125,31.635882352941177,311.2747502631395
0.4834702148437499,-0.0278759765625,0.9624560546875,1.0774238608435414,1.58740234375,-0.00341796875,2.18701171875,31.824117647058824,311.2747502631395
0.50251318359375,-0.0102978515625,0.9683154296875,1.0909905209502129,1.5595703125,-0.0849609375,2.2392578125,31.77705882352941,311.2747502631395
0.52350927734375,0.0263232421875,0.9746630859375,1.1066720415884046,1.5439453125,0.029296875,2.32666015625,31.58882352941177,311.2747502631395
0.55280615234375,0.0531787109375,0.9751513671875,1.1222044405070433,1.55859375,0.00390625,2.3095703125,31.58882352941177,311.28570542143945
0.57673193359375,0.0722216796875,0.9746630859375,1.1348144453314295,1.49267578125,0.27587890625,2.1708984375,31.635882352941177,311.28570542143945
0.60016943359375,0.0834521484375,0.9756396484375,1.148494812222644,1.41943359375,0.41162109375,1.884765625,31.68294117647059,311.28570542143945
0.60602880859375,0.1010302734375,0.9814990234375,1.1579371166022714,1.35205078125,0.494140625,1.5361328125,31.635882352941177,311.28570542143945
0.60114599609375,0.1088427734375,0.9912646484375,1.1644006446198123,1.31103515625,0.6083984375,1.18017578125,31.68294117647059,311.28570542143945
0.58405615234375,0.1010302734375,0.9927294921875,1.1562182103306855,1.345703125,0.80712890625,0.9150390625,31.58882352941177,311.28570542143945
0.55085302734375,0.0849169921875,0.9941943359375,1.1397685426902049,1.39990234375,1.123046875,0.8046875,31.635882352941177,311.28570542143945
0.51276708984375,0.0595263671875,1.0000537109375005,1.1254247649564295,1.37744140625,1.26025390625,0.82958984375,31.58882352941177,311.42669191796404
0.4932358398437499,0.0331591796875,0.9863818359375,1.1033269013177147,1.5966796875,1.58544921875,0.859375,31.541764705882358,311.42669191796404
0.4658920898437499,-0.0010205078125,0.9844287109375,1.0891080606318366,1.669921875,1.67431640625,0.8857421875,31.541764705882358,311.42669191796404
0.4624741210937499,-0.0063916015625,0.9551318359375,1.0612257013818078,1.70556640625,1.7373046875,0.8681640625,31.635882352941177,311.42669191796404
0.3325913085937499,-0.0239697265625,0.9434130859375,1.0006097026621823,1.66162109375,1.63916015625,0.8349609375,31.635882352941177,311.42669191796404
0.4707749023437499,-0.0225048828125,0.9380419921875,1.0497896253698955,1.607421875,1.37890625,0.81787109375,31.68294117647059,311.42669191796404
0.4644272460937499,-0.0200634765625,0.9356005859375,1.044721812930405,1.50927734375,1.06396484375,0.796875,31.58882352941177,311.42669191796404
0.4673569335937499,-0.0098095703125,0.9150927734375,1.0275765251529467,1.390625,0.9404296875,0.84716796875,31.494705882352942,311.23164524625287
0.4668686523437499,-0.0156689453125,0.9063037109375,1.0196069197723008,1.259765625,0.86474609375,0.962890625,31.635882352941177,311.23164524625287
0.4737045898437499,0.0004443359375,0.8989794921875001,1.0161497740230798,1.22412109375,0.7529296875,1.12353515625,31.541764705882358,311.23164524625287
0.4824936523437499,0.0165576171875,0.8965380859375001,1.018260683113816,1.22998046875,0.658203125,1.28759765625,31.635882352941177,311.23164524625287
0.4780991210937499,0.0258349609375,0.9063037109375,1.0250037225573096,1.2900390625,0.546875,1.4921875,31.58882352941177,311.23164524625287
0.4727280273437499,0.0424365234375,0.9219287109375,1.036930660366765,1.341796875,0.39111328125,1.64404296875,31.58882352941177,311.23164524625287
0.4634506835937499,0.0507373046875,0.9414599609375,1.0505749227251264,1.443359375,0.13427734375,1.78759765625,31.58882352941177,311.23164524625287
0.4492905273437499,0.0526904296875,0.9653857421875,1.0661181409958227,1.53662109375,0.04736328125,1.96435546875,31.58882352941177,311.40549707003913
0.4385483398437499,0.0575732421875,0.9624560546875,1.059226596059747,1.6787109375,0.2353515625,2.166015625,31.635882352941177,311.40549707003913
0.4317124023437499,0.0624560546875,0.9619677734375,1.0562472978601372,1.8564453125,0.533203125,2.42529296875,31.635882352941177,311.40549707003913
0.4478256835937499,0.0590380859375,0.9663623046875,1.066719008173338,2.04345703125,0.7744140625,2.68505859375,31.541764705882358,311.40549707003913
0.4595444335937499,0.0448779296875,0.9658740234375,1.0705642176774737,2.20458984375,0.95263671875,2.7646484375,31.541764705882358,311.40549707003913
0.4683334960937499,0.0346240234375,0.9692919921875,1.077061768275714,2.2919921875,0.95166015625,3.06005859375,31.58882352941177,311.40549707003913
0.4654038085937499,0.0429248046875,0.9712451171875,1.0778498604033813,2.30517578125,0.83154296875,3.14697265625,31.68294117647059,311.40549707003913
0.4707749023437499,0.0482958984375,0.9722216796875,1.0812846512075516,2.3662109375,0.7412109375,3.13232421875,31.635882352941177,311.490992716296
0.4732163085937499,0.0575732421875,0.9722216796875,1.0828034666500932,2.16162109375,0.73876953125,3.0849609375,31.635882352941177,311.490992716296
0.4683334960937499,0.0795458984375,0.9717333984375,1.0816328448972492,2.05810546875,0.83251953125,3.00830078125,31.58882352941177,311.490992716296
0.4707749023437499,0.0873583984375,0.9819873046875,1.0925015171713737,1.9716796875,0.994140625,2.93896484375,31.635882352941177,311.490992716296
0.4639389648437499,0.1078662109375,0.9707568359375,1.0813155492647324,1.8994140625,1.14697265625,2.9951171875,31.58882352941177,311.490992716296
0.4610092773437499,0.1093310546875,0.9634326171875,1.0736317996300426,1.8134765625,1.23388671875,2.81591796875,31.58882352941177,311.490992716296
0.4522202148437499,0.1298388671875,0.9668505859375,1.0752494174253469,1.72607421875,1.2001953125,2.7958984375,31.58882352941177,311.490992716296
0.4414780273437499,0.1444873046875,0.9565966796875,1.0634174332934063,1.63916015625,1.138671875,2.78759765625,31.68294117647059,311.2111669960201
0.4351303710937499,0.1640185546875,0.9395068359375,1.0482908093192718,1.55615234375,1.16015625,2.72802734375,31.68294117647059,311.2111669960201
0.4458725585937499,0.1674365234375,0.9272998046875,1.0424597141670509,1.46875,1.1767578125,2.5556640625,31.68294117647059,311.2111669960201
0.4409897460937499,0.1625537109375,0.9214404296875,1.034382970935846,1.38818359375,1.08056640625,2.30419921875,31.635882352941177,311.2111669960201
0.4390366210937499,0.1562060546875,0.8091357421875001,0.9337312972519276,1.318359375,0.8779296875,2.0732421875,31.635882352941177,311.2111669960201
0.4136459960937499,0.1493701171875,0.9194873046875,1.0192503840933698,1.2783203125,0.5556640625,1.87939453125,31.58882352941177,311.2111669960201
0.4053452148437499,0.1425341796875,0.9268115234375,1.021567587363878,1.27734375,0.2001953125,1.87255859375,31.68294117647059,311.2111669960201
0.3936264648437499,0.1259326171875,0.9316943359375,1.0192424409899248,1.3359375,-0.2822265625,1.64208984375,31.635882352941177,311.1783013046091
0.3838608398437499,0.1147021484375,0.9272998046875,1.010143878363475,1.36083984375,-0.7724609375,1.59423828125,31.58882352941177,311.1783013046091
0.3804428710937499,0.1083544921875,0.9458544921875,1.0252405544722372,1.36669921875,-1.10009765625,1.58251953125,31.58882352941177,311.1783013046091
0.3804428710937499,0.1020068359375,0.9551318359375,1.03315971503218,1.40283203125,-1.30908203125,1.54150390625,31.635882352941177,311.1783013046091
0.3970444335937499,0.0956591796875,0.9697802734375,1.0522683781501654,1.41943359375,-1.37646484375,1.42333984375,31.635882352941177,311.1783013046091
0.4053452148437499,0.0971240234375,0.9780810546875,1.063193476590233,1.4091796875,-1.27490234375,1.27099609375,31.635882352941177,311.1783013046091
0.4053452148437499,0.0810107421875,1.0005419921875005,1.0825672088498834,1.39111328125,-0.9326171875,1.16796875,31.58882352941177,311.1783013046091
0.3955795898437499,0.0893115234375,1.0127490234375005,1.09092636992296,1.3837890625,-0.505859375,1.22265625,31.635882352941177,311.5881598192102
0.3833725585937499,0.0756396484375,1.0273974609375005,1.0992003538205806,1.408203125,-0.11376953125,1.365234375,31.73,311.5881598192102
0.3648178710937499,0.0736865234375,1.0352099609375005,1.1000824723764586,1.4287109375,0.5087890625,1.5712890625,31.541764705882358,311.5881598192102
0.3555405273437499,0.0756396484375,1.0381396484375005,1.0999383403889316,1.443359375,1.0244140625,1.69970703125,31.58882352941177,311.5881598192102
0.3404038085937499,0.0722216796875,1.0264208984375005,1.083803757453931,1.4658203125,1.6689453125,1.7197265625,31.58882352941177,311.5881598192102
0.3379624023437499,0.0795458984375,1.0029833984375005,1.061377328237901,1.41455078125,2.08203125,1.6376953125,31.635882352941177,311.5881598192102
0.3404038085937499,0.0849169921875,0.9873583984375,1.0478369412424662,1.38232421875,2.28125,1.6220703125,31.635882352941177,311.5881598192102
0.3433334960937499,0.0795458984375,0.9731982421875,1.0350460173803997,1.34814453125,2.20556640625,1.4140625,31.541764705882358,311.3616761509485
0.3306381835937499,0.0688037109375,0.9585498046875,1.0163037376470627,1.49755859375,1.97802734375,1.375,31.68294117647059,311.3616761509485
0.3189194335937499,0.0570849609375,0.9409716796875,0.9951864146293946,1.39892578125,1.67431640625,1.41552734375,31.635882352941177,311.3616761509485
0.3111069335937499,0.0487841796875,0.9331591796875,0.9848621603823228,1.39794921875,1.34375,1.517578125,31.635882352941177,311.3616761509485
0.3008530273437499,0.0385302734375,0.9180224609375,0.9668310942552538,1.36181640625,0.94580078125,1.66455078125,31.58882352941177,311.3616761509485
0.3086655273437499,0.0204638671875,0.9116748046875,0.9627274417677384,1.3291015625,0.59765625,1.80419921875,31.58882352941177,311.3616761509485
0.3115952148437499,0.0131396484375,0.9199755859375,0.971400693326719,1.33837890625,-0.12890625,1.90576171875,31.68294117647059,311.3616761509485
0.3096420898437499,0.0019091796875,0.9277880859375,0.9780964171171748,1.32470703125,-0.7607421875,1.958984375,31.58882352941177,311.317855455546
0.3360092773437499,-0.0044384765625,0.9155810546875,0.975300262605286,1.271484375,-1.4365234375,1.95751953125,31.68294117647059,311.317855455546
0.3584702148437499,-0.0142041015625,0.9287646484375,0.9956437232356538,1.18017578125,-1.998046875,1.98486328125,31.58882352941177,311.317855455546
0.3775131835937499,-0.0088330078125,0.9307177734375,1.0044051969233143,1.10595703125,-2.55615234375,2.04833984375,31.68294117647059,311.317855455546
0.4097397460937499,-0.0034619140625,0.9614794921875,1.0451514044745287,1.0751953125,-3.123046875,2.13037109375,31.68294117647059,311.317855455546
0.4385483398437499,0.0004443359375,0.9839404296875,1.077248166852818,1.04296875,-3.61181640625,2.24755859375,31.635882352941177,311.317855455546
0.4658920898437499,0.0106982421875,1.0234912109375005,1.124590659142779,1.02197265625,-3.92138671875,2.4052734375,31.73,311.317855455546
0.4673569335937499,0.0272998046875,1.0772021484375005,1.1745349085116603,1.0380859375,-4.23046875,2.59521484375,31.635882352941177,311.3397657752893
0.4629624023437499,0.0522021484375,1.1128466796875005,1.2064356521492892,1.1240234375,-4.095703125,2.78466796875,31.494705882352942,311.3397657752893
0.4815170898437499,0.0907763671875,1.1353076171875005,1.2365364702649548,1.19873046875,-3.45849609375,2.95556640625,31.635882352941177,311.3397657752893
0.4834702148437499,0.1088427734375,1.1411669921875005,1.2441271245451146,1.21240234375,-2.1279296875,2.9716796875,31.58882352941177,311.3397657752893
0.4903061523437499,0.1117724609375,1.1294482421875005,1.236344020825349,1.2119140625,-0.72705078125,2.79150390625,31.541764705882358,311.3397657752893
0.4634506835937499,0.1142138671875,1.1201708984375005,1.2176264555633285,1.16064453125,0.6923828125,2.53125,31.541764705882358,311.3397657752893
0.4390366210937499,0.1151904296875,1.0830615234375005,1.1743271491810818,1.08740234375,1.90087890625,2.15869140625,31.68294117647059,311.3397657752893
0.4019272460937499,0.0995654296875,1.0630419921875005,1.1408405072994785,1.03662109375,2.51416015625,1.8583984375,31.73,311.3616761509485
0.3697006835937499,0.0961474609375,1.0239794921875005,1.0929121328427942,1.00537109375,2.95263671875,1.556640625,31.635882352941177,311.3616761509485
0.3540756835937499,0.0805224609375,0.9961474609375,1.060265636696786,0.98095703125,3.009765625,1.2734375,31.68294117647059,311.3616761509485
0.4546616210937499,0.0634326171875,0.9522021484375,1.0570855301761743,0.982421875,2.79541015625,1.09326171875,31.68294117647059,311.3616761509485
0.3145249023437499,0.0487841796875,0.9165576171875,0.9702492854965448,0.955078125,2.322265625,1.044921875,31.58882352941177,311.3616761509485
0.3072006835937499,0.0434130859375,0.8750537109375001,0.9284266007911308,0.9619140625,1.72998046875,1.12158203125,31.635882352941177,311.3616761509485
0.3150131835937499,0.0321826171875,0.8604052734375001,0.916824007782282,1.037109375,0.56689453125,1.2939453125,31.541764705882358,311.3616761509485
0.3472397460937499,0.0297412109375,0.8691943359375001,0.936460770412254,1.10107421875,-0.9619140625,1.48291015625,31.635882352941177,311.28499008078506
0.3916733398437499,0.0141162109375,0.8745654296875001,0.9583694294790872,1.23193359375,-2.7041015625,1.65478515625,31.58882352941177,311.28499008078506
0.4771225585937499,0.0082568359375,0.9063037109375,1.0242560850284606,1.37353515625,-4.6865234375,1.7548828125,31.58882352941177,311.28499008078506
0.56598974609375,0.0150927734375,0.9155810546875,1.0765039954389293,1.58642578125,-6.38134765625,1.69775390625,31.68294117647059,311.28499008078506
0.62751318359375,0.0150927734375,0.9248583984375,1.1177493657141464,1.810546875,-7.18994140625,1.5869140625,31.541764705882358,311.28499008078506
0.64753271484375,0.0321826171875,0.9312060546875,1.134671341811634,1.8828125,-6.9892578125,1.48583984375,31.541764705882358,311.28499008078506
0.65241552734375,0.0375537109375,0.9517138671875,1.1544763256651855,2.11669921875,-5.76318359375,1.4931640625,31.635882352941177,311.28499008078506
0.64313818359375,0.0258349609375,0.9756396484375,1.168831421551525,2.07763671875,-4.25537109375,1.275390625,31.541764705882358,311.0811373186113
0.63727880859375,0.1371630859375,1.0015185546875005,1.1949800866164704,1.99169921875,-3.0546875,1.150390625,31.77705882352941,311.0811373186113
0.62263037109375,-0.0068798828125,1.0039599609375005,1.181376957182373,1.85888671875,-1.60888671875,0.98193359375,31.68294117647059,311.0811373186113
0.58405615234375,-0.0171337890625,1.0068896484375005,1.164148581560282,1.86669921875,-0.25634765625,0.95263671875,31.635882352941177,311.0811373186113
0.54499365234375,-0.0249462890625,0.9985888671875,1.137901631998032,1.6826171875,0.78564453125,1.00732421875,31.73,311.0811373186113
0.51081396484375,-0.0327587890625,0.9517138671875,1.0806309869410649,1.634765625,1.81640625,1.16943359375,31.635882352941177,311.0811373186113
0.4751694335937499,-0.0430126953125,0.9395068359375,1.0537120941477058,1.60986328125,2.2568359375,1.416015625,31.635882352941177,311.0811373186113
0.4546616210937499,-0.0449658203125,0.8897021484375001,1.000154501877723,1.64208984375,2.47607421875,1.6669921875,31.494705882352942,311.1454357390346
0.4380600585937499,-0.0566845703125,0.8516162109375001,0.9593539108057136,1.65185546875,2.20654296875,1.92333984375,31.635882352941177,311.1454357390346
0.4561264648437499,-0.0537548828125,0.8296435546875001,0.9482875972992336,1.6552734375,1.484375,2.17236328125,31.58882352941177,311.1454357390346
0.4951889648437499,-0.0586376953125,0.8149951171875001,0.9554410140108353,1.7275390625,0.05517578125,2.2802734375,31.58882352941177,311.1454357390346
0.52692724609375,-0.0547314453125,0.8086474609375001,0.9667256952531076,1.81884765625,-1.25341796875,2.240234375,31.541764705882358,311.1454357390346
0.55768896484375,-0.0508251953125,0.6777880859375001,0.879202406403592,1.85888671875,-2.595703125,2.09814453125,31.541764705882358,311.1454357390346
0.59382177734375,-0.0493603515625,0.8237841796875001,1.016701097794957,1.8603515625,-3.5654296875,1.90966796875,31.635882352941177,311.1454357390346
0.61481787109375,-0.0391064453125,0.8555224609375001,1.0542528206506192,1.8564453125,-4.279296875,1.759765625,31.635882352941177,310.9620636485171
0.63483740234375,-0.0220166015625,0.9019091796875,1.1031515882069434,1.8876953125,-4.8251953125,1.64697265625,31.635882352941177,310.9620636485171
0.64802099609375,-0.0073681640625,1.0493701171875005,1.233354427594151,1.943359375,-4.83935546875,1.5498046875,31.58882352941177,310.9620636485171
0.63923193359375,0.0131396484375,0.9605029296875,1.153844007318726,1.9921875,-4.28515625,1.498046875,31.635882352941177,310.9620636485171
0.63141943359375,0.0214404296875,0.9751513671875,1.161925291089185,1.96533203125,-3.14111328125,1.474609375,31.635882352941177,310.9620636485171
0.61970068359375,0.0414599609375,0.9961474609375,1.1739069935645363,1.9140625,-1.68505859375,1.47412109375,31.635882352941177,310.9620636485171
0.62409521484375,0.0414599609375,0.9956591796875,1.1758192750792067,1.80908203125,0.09423828125,1.41259765625,31.635882352941177,310.9620636485171
0.61530615234375,0.0414599609375,0.9819873046875,1.1595773609554605,1.70458984375,1.55908203125,1.33154296875,31.58882352941177,311.16663010856297
0.58649755859375,0.0458544921875,0.9707568359375,1.1350994913264605,1.58740234375,2.83251953125,1.22412109375,31.541764705882358,311.16663010856297
0.56110693359375,0.0439013671875,0.9302294921875,1.0872420287605362,1.42138671875,3.81982421875,1.09130859375,31.58882352941177,311.16663010856297
0.55085302734375,0.0297412109375,0.9043505859375,1.0593269465312882,1.279296875,4.00439453125,0.89208984375,31.73,311.16663010856297
0.55280615234375,0.0253466796875,0.8765185546875001,1.0365914686855888,1.2109375,3.88232421875,0.64306640625,31.635882352941177,311.16663010856297
0.54792333984375,0.0053271484375,0.8516162109375001,1.0126690158129403,1.1630859375,3.337890625,0.4130859375,31.68294117647059,311.16663010856297
0.53181005859375,-0.0185986328125,0.8291552734375001,0.985223992315046,1.12890625,2.3203125,0.189453125,31.58882352941177,311.16663010856297
0.52888037109375,-0.0478955078125,0.8389208984375001,0.9928729528152442,1.1259765625,0.9873046875,0.07861328125,31.58882352941177,311.1125702992721
0.51276708984375,-0.0737744140625,0.8281787109375001,0.9768586027912088,1.064453125,-0.1376953125,0.03125,31.541764705882358,311.1125702992721
0.4995834960937499,-0.0884228515625,0.8418505859375001,0.9829113282951876,0.97900390625,-1.1943359375,0.05517578125,31.635882352941177,311.1125702992721
0.4888413085937499,-0.0962353515625,0.8301318359375001,0.968166273382301,0.8017578125,-1.5146484375,0.12939453125,31.635882352941177,311.1125702992721
0.50153662109375,-0.0918408203125,0.8481982421875001,0.9896534628968736,0.60595703125,-1.84130859375,0.58984375,31.541764705882358,311.1125702992721
0.50544287109375,-0.0669384765625,0.8604052734375001,1.0001252372293483,0.353515625,-1.99365234375,1.09423828125,31.68294117647059,311.1125702992721
0.54792333984375,-0.0264111328125,0.9238818359375,1.0744650673973608,0.52392578125,-2.466796875,1.38525390625,31.58882352941177,311.1125702992721
0.56501318359375,0.0233935546875,0.9565966796875,1.1112445111787104,0.765625,-2.9033203125,1.697265625,31.58882352941177,311.1454357390346
0.58942724609375,0.0346240234375,0.9478076171875,1.116674787319616,1.158203125,-3.22705078125,1.67578125,31.541764705882358,311.1454357390346
0.60358740234375,0.0600146484375,0.9316943359375,1.1117436061939694,1.13330078125,-3.0625,1.45556640625,31.635882352941177,311.1454357390346
0.63679052734375,0.0736865234375,0.9390185546875,1.1369642586723814,1.087890625,-2.66015625,1.00927734375,31.635882352941177,311.1454357390346
0.63825537109375,0.0766162109375,0.9766162109375,1.1691959570467043,1.05078125,-2.02001953125,0.4921875,31.68294117647059,311.1454357390346
0.64411474609375,0.0795458984375,0.9780810546875,1.1738202186162316,1.06201171875,-1.2734375,-0.14404296875,31.58882352941177,311.1454357390346
0.61921240234375,0.0683154296875,0.9707568359375,1.1534556045505575,1.0107421875,-0.5419921875,-0.72314453125,31.58882352941177,311.1454357390346
0.58698583984375,0.0512255859375,0.9653857421875,1.1309933987652727,0.990234375,0.1435546875,-0.7978515625,31.68294117647059,311.44717208589014
0.56208349609375,0.0351123046875,0.9595263671875,1.1125922792512457,0.95654296875,0.78271484375,-0.6318359375,31.635882352941177,311.44717208589014
0.54059912109375,0.0316943359375,0.9541552734375,1.097116323133716,0.89453125,1.48046875,-0.2109375,31.635882352941177,311.44717208589014
0.52741552734375,0.0224169921875,0.9346240234375,1.073401940192266,0.7919921875,1.86328125,0.24365234375,31.73,311.44717208589014
0.53620458984375,0.0189990234375,0.9224169921875,1.0671126615954465,0.6796875,2.10107421875,0.7001953125,31.73,311.44717208589014
0.55671240234375,0.0346240234375,0.9189990234375,1.075028709849848,0.548828125,2.2265625,0.9990234375,31.58882352941177,311.44717208589014
0.57429052734375,0.0536669921875,1.0518115234375005,1.1995821091876666,0.4794921875,2.0830078125,1.11572265625,31.635882352941177,311.44717208589014
0.59772802734375,0.0663623046875,0.9321826171875,1.1093453844237262,0.4697265625,2.12158203125,0.75732421875,31.73,311.1344805784718
0.59723974609375,0.0702685546875,0.9336474609375,1.1105541704063957,0.443359375,1.9462890625,0.41552734375,31.635882352941177,311.1344805784718
0.59235693359375,0.0756396484375,0.9404833984375,1.1140543595035606,0.453125,1.9697265625,0.0849609375,31.541764705882358,311.1344805784718
0.56696630859375,0.0727099609375,0.9360888671875,1.0968135214211818,0.47021484375,2.0048828125,-0.0947265625,31.635882352941177,311.1344805784718
0.55329443359375,0.0668505859375,0.8037646484375001,0.9780804369600048,0.51171875,2.25537109375,-0.1923828125,31.58882352941177,311.1344805784718
0.55036474609375,0.0605029296875,0.9185107421875,1.0724849377764896,0.54345703125,2.6513671875,-0.21142578125,31.58882352941177,311.1344805784718
0.54206396484375,0.0399951171875,0.9126513671875,1.0622454845327332,0.47900390625,2.82958984375,-0.23681640625,31.58882352941177,311.1344805784718
0.55475927734375,0.0268115234375,0.9087451171875,1.0650325824124456,0.39306640625,2.80859375,-0.31884765625,31.68294117647059,311.28427518266665
0.56598974609375,0.0282763671875,0.9067919921875,1.0693061594884623,0.3193359375,2.64306640625,-0.4814453125,31.635882352941177,311.28427518266665
0.58356787109375,0.0312060546875,0.8970263671875001,1.0705987023397958,0.24267578125,2.3896484375,-0.794921875,31.635882352941177,311.28427518266665
0.58405615234375,0.0248583984375,0.9023974609375,1.0752026351204271,0.16357421875,2.17138671875,-1.017578125,31.635882352941177,311.28427518266665
0.56745458984375,0.1366748046875,0.9043505859375,1.0763524961910036,0.064453125,2.02001953125,-1.470703125,31.635882352941177,311.28427518266665
0.53473974609375,-0.1103955078125,0.8989794921875001,1.0518069649756476,-0.060546875,1.9853515625,-1.6396484375,31.635882352941177,311.28427518266665
0.50886083984375,0.0106982421875,0.9229052734375,1.0539487418518685,-0.00390625,1.9462890625,-1.66748046875,31.58882352941177,311.28427518266665
0.4966538085937499,0.0121630859375,0.9214404296875,1.0468359048642175,-0.1728515625,1.91162109375,-1.68896484375,31.635882352941177,311.6400797546106
0.4947006835937499,0.0189990234375,0.9258349609375,1.0498857576583485,-0.1943359375,1.7705078125,-1.7373046875,31.541764705882358,311.6400797546106
0.4903061523437499,0.0253466796875,0.9312060546875,1.052704751335327,-0.1845703125,1.525390625,-1.7568359375,31.635882352941177,311.6400797546106
0.4976303710937499,0.0258349609375,0.9385302734375,1.0626111732897476,-0.00390625,1.36376953125,-2.0478515625,31.635882352941177,311.6400797546106
0.4990952148437499,0.0185107421875,0.9312060546875,1.056685098476798,-0.05908203125,0.87841796875,-2.2265625,31.58882352941177,311.6400797546106
0.4986069335937499,0.0233935546875,0.9395068359375,1.0638746295508563,0.03564453125,0.60595703125,-2.349609375,31.58882352941177,311.6400797546106
0.50056005859375,0.0248583984375,0.9439013671875,1.0687039361819006,0.14990234375,0.04931640625,-2.50927734375,31.68294117647059,311.6400797546106
0.50007177734375,0.0180224609375,0.9492724609375,1.07308657464732,0.2509765625,-0.17431640625,-2.60302734375,31.68294117647059,311.09066007599813
0.4903061523437499,0.0180224609375,0.9517138671875,1.0707400324641658,0.27001953125,-0.1484375,-2.69677734375,31.73,311.09066007599813
0.4917709960937499,0.0185107421875,0.9424365234375,1.0631876414275765,0.25830078125,0.046875,-2.80322265625,31.635882352941177,311.09066007599813
0.50348974609375,0.0053271484375,0.9370654296875,1.0637771958673692,0.2568359375,0.216796875,-2.921875,31.635882352941177,311.09066007599813
0.50934912109375,-0.0010205078125,0.9370654296875,1.0665501338946004,0.2587890625,0.28564453125,-2.98046875,31.68294117647059,311.09066007599813
0.4956772460937499,-0.0117626953125,0.9443896484375,1.0666330678222964,0.265625,0.33203125,-2.95263671875,31.635882352941177,311.09066007599813
0.4805405273437499,-0.0229931640625,0.9556201171875,1.069886766151851,0.234375,0.26220703125,-2.86376953125,31.73,311.09066007599813
0.4766342773437499,-0.0303173828125,0.9766162109375,1.0871424016684834,0.2099609375,0.15087890625,-2.8203125,31.635882352941177,311.3602459385275
0.4580795898437499,-0.0430126953125,0.9775927734375,1.0804511248856596,0.169921875,0.130859375,-2.841796875,31.58882352941177,311.3602459385275
0.4370834960937499,-0.0464306640625,0.9775927734375,1.0718607278000454,0.1484375,0.328125,-2.84765625,31.58882352941177,311.3602459385275
0.4424545898437499,-0.0469189453125,0.9731982421875,1.0700851695542175,0.19970703125,0.52392578125,-2.86181640625,31.58882352941177,311.3602459385275
0.4536850585937499,-0.0474072265625,0.9639208984375,1.0664056807641826,0.24462890625,0.57666015625,-2.806640625,31.68294117647059,311.3602459385275
0.4610092773437499,-0.0586376953125,0.9551318359375,1.0621886636233262,0.3623046875,0.4365234375,-2.65234375,31.635882352941177,311.3602459385275
0.4444077148437499,-0.0723095703125,0.9487841796875,1.0501991766311305,0.474609375,0.19921875,-2.3017578125,31.68294117647059,311.3602459385275
0.4341538085937499,-0.0742626953125,0.9531787109375,1.05002577702455,0.5,-0.34521484375,-1.93994140625,31.635882352941177,311.317855455546
0.4282944335937499,-0.0644970703125,0.9668505859375,1.0594319465892907,0.77197265625,-0.77587890625,-1.74853515625,31.68294117647059,311.317855455546
0.4361069335937499,-0.0561962890625,0.9805224609375,1.0746029856816288,0.8857421875,-1.04345703125,-1.47998046875,31.541764705882358,311.317855455546
0.4517319335937499,-0.0498486328125,0.9912646484375,1.0904825671525171,0.8857421875,-0.97265625,-1.57373046875,31.58882352941177,311.317855455546
0.57770849609375,-0.0439892578125,0.9829638671875,1.141008380976232,0.7880859375,-0.68017578125,-1.79541015625,31.58882352941177,311.317855455546
0.4580795898437499,-0.0366650390625,0.9863818359375,1.088177541575044,0.6259765625,-0.1630859375,-1.974609375,31.635882352941177,311.317855455546
0.4610092773437499,-0.0244580078125,0.9780810546875,1.0815591974005747,0.4189453125,0.4111328125,-1.9443359375,31.635882352941177,311.317855455546
0.3330795898437499,-0.0146923828125,0.9624560546875,1.0185673941805804,0.19580078125,1.033203125,-1.73046875,31.635882352941177,311.11185461241826
0.4502670898437499,-0.0088330078125,0.9478076171875,1.0493606403053346,0.123046875,1.48828125,-1.40185546875,31.58882352941177,311.11185461241826
0.4605209960937499,-0.0059033203125,0.9360888671875,1.0432529915156097,-0.1220703125,1.63720703125,-1.04541015625,31.73,311.11185461241826
0.4756577148437499,-4.394531249999993e-05,0.9434130859375,1.0565408247387724,-0.14111328125,1.72998046875,-0.84033203125,31.68294117647059,311.11185461241826
0.4820053710937499,-0.0078564453125,0.9605029296875,1.07468915479521,-0.02734375,1.42138671875,-0.771484375,31.541764705882358,311.11185461241826
0.4785874023437499,-0.0239697265625,0.9585498046875,1.0716520785871055,0.01318359375,0.92333984375,-0.79052734375,31.635882352941177,311.11185461241826
0.4668686523437499,-0.0244580078125,0.9849169921875,1.090241264210403,0.353515625,0.31591796875,-0.8662109375,31.68294117647059,311.11185461241826
0.4531967773437499,-0.0381298828125,0.9829638671875,1.0830785618570151,0.6611328125,-0.12841796875,-0.86474609375,31.68294117647059,311.1549594917017
0.4302475585937499,-0.0518017578125,0.9883349609375,1.0791674470626311,0.89892578125,-0.5078125,-0.87255859375,31.635882352941177,311.1549594917017
0.4112045898437499,-0.0620556640625,0.9961474609375,1.079467407605729,1.083984375,-0.86376953125,-0.466796875,31.635882352941177,311.1549594917017
0.4019272460937499,-0.0752392578125,0.9736865234375,1.0560643460473833,1.15673828125,-0.830078125,-0.142578125,31.635882352941177,311.1549594917017
0.4048569335937499,-0.0771923828125,0.9780810546875,1.0613719188775526,1.1337890625,-0.5791015625,0.15966796875,31.635882352941177,311.1549594917017
0.4214584960937499,-0.0762158203125,0.9780810546875,1.0677446627045837,1.0517578125,-0.19091796875,0.40966796875,31.635882352941177,311.1549594917017
0.4297592773437499,-0.0913525390625,0.9751513671875,1.06955996175242,0.98046875,0.13427734375,0.56298828125,31.68294117647059,311.1549594917017
0.4453842773437499,-0.0850048828125,0.9756396484375,1.0758558027032386,0.9228515625,0.578125,0.61962890625,31.58882352941177,311.3500056899896
0.4488022460937499,-0.0830517578125,0.9717333984375,1.073585976162801,0.91552734375,0.79638671875,0.65869140625,31.58882352941177,311.3500056899896
0.4390366210937499,-0.0869580078125,0.9526904296875,1.0525843931021823,0.92626953125,0.8642578125,0.7158203125,31.635882352941177,311.3500056899896
0.4405014648437499,-0.0952587890625,0.9512255859375,1.052590087719471,0.98876953125,0.86962890625,0.810546875,31.635882352941177,311.3500056899896
0.4385483398437499,-0.0889111328125,0.9390185546875,1.040185407494795,1.08740234375,0.47412109375,1.03515625,31.68294117647059,311.3500056899896
0.4287827148437499,-0.0796337890625,0.9346240234375,1.031367161633396,1.15380859375,0.087890625,1.1513671875,31.635882352941177,311.3500056899896
0.4307358398437499,-0.0679150390625,0.9370654296875,1.0335557245606937,1.2333984375,-0.2587890625,1.40625,31.635882352941177,311.3500056899896
0.4336655273437499,-0.0586376953125,0.9248583984375,1.0231652975342116,1.3095703125,-0.85302734375,1.625,31.635882352941177,311.26379511882465
0.4395249023437499,-0.0469189453125,0.9326708984375,1.032113623590801,1.32861328125,-1.0068359375,1.8271484375,31.635882352941177,311.26379511882465
0.4507553710937499,-0.0405712890625,0.9346240234375,1.0384356018803274,1.36767578125,-1.2626953125,1.84033203125,31.68294117647059,311.26379511882465
0.3325913085937499,-0.0185986328125,0.9424365234375,0.9995746537420598,1.41796875,-1.28955078125,1.751953125,31.635882352941177,311.26379511882465
0.4678452148437499,-0.0054150390625,0.9683154296875,1.0754270031346298,1.515625,-1.29345703125,1.947265625,31.58882352941177,311.26379511882465
0.4741928710937499,-0.0049267578125,0.9795458984375,1.0882983594053637,1.599609375,-1.19091796875,2.01318359375,31.635882352941177,311.26379511882465
0.4683334960937499,0.0033740234375,0.9863818359375,1.0919234285722532,1.6611328125,-0.7978515625,2.06201171875,31.58882352941177,311.26379511882465
0.4751694335937499,0.0111865234375,0.9639208984375,1.0747346776637388,1.74853515625,-0.2861328125,2.08740234375,31.58882352941177,311.26379511882465
0.4805405273437499,0.1352099609375,0.9722216796875,1.0928933737610973,1.5439453125,0.15380859375,2.07080078125,31.541764705882358,311.26379511882465
0.4976303710937499,0.0116748046875,0.9819873046875,1.100941121889275,1.50439453125,0.3544921875,2.0400390625,31.635882352941177,311.28642120462484
0.4863999023437499,0.0087451171875,0.9834521484375,1.0971961858942854,1.53076171875,0.52880859375,2.048828125,31.541764705882358,311.28642120462484
0.4605209960937499,0.0209521484375,0.9800341796875,1.0830445852886563,1.57666015625,0.6689453125,2.14111328125,31.73,311.28642120462484
0.4419663085937499,0.0209521484375,0.9756396484375,1.0712823783015295,1.5546875,0.677734375,2.22119140625,31.68294117647059,311.28642120462484
0.4307358398437499,0.0185107421875,0.9839404296875,1.0742507996161117,1.515625,0.74658203125,2.205078125,31.635882352941177,311.28642120462484
0.4273178710937499,0.0170458984375,0.9819873046875,1.0710696486116378,1.40673828125,0.60791015625,2.07666015625,31.635882352941177,311.28642120462484
0.4199936523437499,0.0307177734375,0.9541552734375,1.04295279636357,1.2744140625,0.791015625,1.8291015625,31.635882352941177,311.28642120462484
0.4346420898437499,0.0473193359375,0.9336474609375,1.0309463842180877,1.14404296875,0.9892578125,1.54248046875,31.494705882352942,311.28642120462484
0.4522202148437499,0.0522021484375,0.9233935546875,1.029506602141645,1.0439453125,1.0078125,1.28271484375,31.58882352941177,311.0189930694198
0.4536850585937499,0.0580615234375,0.9175341796875,1.025217169086585,1.0390625,0.81982421875,1.146484375,31.58882352941177,311.0189930694198
0.4522202148437499,0.0609912109375,0.9185107421875,1.0256144665705442,1.05712890625,0.59814453125,1.12939453125,31.635882352941177,311.0189930694198
0.4375717773437499,0.0565966796875,0.9199755859375,1.0203074650322148,1.10693359375,0.03271484375,1.1845703125,31.635882352941177,311.0189930694198
0.4502670898437499,0.0517138671875,0.9214404296875,1.0268725537857806,1.1845703125,-0.35693359375,1.19580078125,31.68294117647059,311.0189930694198
0.4444077148437499,0.0561083984375,0.9263232421875,1.0289417468470343,1.23388671875,-0.74658203125,1.1083984375,31.635882352941177,311.0189930694198
0.4595444335937499,0.0526904296875,0.9458544921875,1.0528998471929452,1.2568359375,-1.02490234375,0.94677734375,31.635882352941177,311.0189930694198
0.4751694335937499,0.0512255859375,0.9565966796875,1.0693396368159158,1.24462890625,-1.16650390625,0.69189453125,31.68294117647059,311.0189930694198
0.4805405273437499,0.0414599609375,0.9678271484375,1.08135448213498,1.189453125,-1.14453125,0.40869140625,31.635882352941177,311.0189930694198
0.4829819335937499,0.0233935546875,0.9741748046875,1.0875823447752375,1.1298828125,-1.02197265625,0.21875,31.635882352941177,311.053297580409
0.4795639648437499,0.0194873046875,0.9824755859375,1.0934439301509131,1.0556640625,-0.91162109375,0.14306640625,31.58882352941177,311.053297580409
0.4712631835937499,0.0058154296875,0.9771044921875,1.0848299387859643,0.978515625,-0.7216796875,0.1640625,31.68294117647059,311.053297580409
0.4859116210937499,-0.0093212890625,0.9736865234375,1.0882382256967214,0.96484375,-0.5810546875,0.2802734375,31.635882352941177,311.053297580409
0.4839584960937499,-0.0259228515625,0.9824755859375,1.0955117968957202,0.88037109375,-0.50537109375,0.44384765625,31.58882352941177,311.053297580409
0.4849350585937499,-0.0464306640625,0.9692919921875,1.0848247709825865,1.021484375,-0.48779296875,0.64453125,31.68294117647059,311.053297580409
0.4824936523437499,-0.0522900390625,0.9575732421875,1.0735366257797867,1.03369140625,-0.509765625,0.86474609375,31.635882352941177,311.053297580409
0.4737045898437499,-0.0640087890625,0.9473193359375,1.061087690889565,1.0703125,-0.5634765625,0.978515625,31.635882352941177,311.128548060023
0.4732163085937499,-0.0679150390625,0.9370654296875,1.0519685103487533,1.05078125,-0.63330078125,1.02099609375,31.541764705882358,311.128548060023
0.4693100585937499,-0.0742626953125,0.9277880859375,1.042380742061132,1.02294921875,-0.75,1.03076171875,31.541764705882358,311.128548060023
0.4697983398437499,-0.0767041015625,0.9194873046875,1.0353989099849088,0.93896484375,-0.90966796875,1.044921875,31.58882352941177,311.128548060023
0.4654038085937499,-0.0850048828125,0.9243701171875,1.0384058208161042,0.90478515625,-1.14453125,1.0947265625,31.68294117647059,311.128548060023
0.4795639648437499,-0.0796337890625,0.9204638671875,1.0409499832051856,0.87841796875,-1.4228515625,1.16748046875,31.635882352941177,311.128548060023
0.4898178710937499,-0.0727978515625,0.9224169921875,1.0469356147878264,0.84814453125,-1.6875,1.30126953125,31.635882352941177,311.128548060023
0.50251318359375,-0.0830517578125,0.9224169921875,1.053693599504859,0.75390625,-1.82373046875,1.4716796875,31.635882352941177,311.14758600681324
0.50983740234375,-0.0762158203125,0.8032763671875001,0.9544610783978976,0.9267578125,-1.822265625,1.66748046875,31.635882352941177,311.14758600681324
0.50739599609375,-0.0737744140625,0.9307177734375,1.0626047876866975,0.99560546875,-1.87158203125,1.81787109375,31.58882352941177,311.14758600681324
0.52302099609375,-0.0825634765625,0.9443896484375,1.082700096099049,1.03515625,-1.62548828125,1.93701171875,31.635882352941177,311.14758600681324
0.52692724609375,-0.0791455078125,0.9531787109375,1.0920009107447284,1.03515625,-1.4140625,1.98583984375,31.68294117647059,311.14758600681324
0.51764990234375,-0.0718212890625,0.9517138671875,1.085761946264502,1.06494140625,-1.205078125,1.98779296875,31.635882352941177,311.14758600681324
0.51960302734375,-0.0674267578125,0.9512255859375,1.0859851698048346,1.07666015625,-1.01171875,1.97265625,31.541764705882358,311.14758600681324
0.51960302734375,-0.0762158203125,0.9609912109375,1.095125684471796,1.0966796875,-0.8857421875,1.986328125,31.68294117647059,311.14758600681324
0.52350927734375,-0.0737744140625,0.9478076171875,1.0852851730461848,1.11865234375,-0.81298828125,1.9794921875,31.541764705882358,311.1921254112778
0.53132177734375,-0.0684033203125,0.9478076171875,1.0887245402341874,1.162109375,-0.74072265625,1.97021484375,31.635882352941177,311.1921254112778
0.52790380859375,-0.0762158203125,0.9385302734375,1.079504681116466,1.20849609375,-0.65234375,1.96142578125,31.68294117647059,311.1921254112778
0.53766943359375,-0.0737744140625,0.9346240234375,1.080765075850339,1.205078125,-0.59521484375,1.95166015625,31.68294117647059,311.1921254112778
0.54304052734375,-0.0698681640625,0.9292529296875,1.078557176055143,1.18408203125,-0.599609375,1.91259765625,31.635882352941177,311.1921254112778
