AccX,AccY,AccZ,Magnitude,GyroX,GyroY,GyroZ,Temperature,Altitude
0.2342744140625,0.0478779296875,1.6086962890625005,1.6263703599361827,0.5244140625,-1.59814453125,0.55810546875,43.118235294117646,331.25930090469257
0.2108369140625,-0.1303447265625,1.4685595703125005,1.4893317842678595,0.52685546875,-1.2763671875,0.921875,42.97705882352941,331.25930090469257
0.1805634765625,-0.1147197265625,1.2922900390625005,1.3098768376420242,0.55908203125,-0.98974609375,0.4892578125,43.02411764705882,331.25930090469257
0.1805634765625,-0.0556376953125,1.1296923828125005,1.1453836047336314,0.4326171875,-0.3837890625,0.02197265625,43.118235294117646,331.25930090469257
0.2547822265625,0.0288349609375,1.0632861328125005,1.0937654401999426,0.380859375,0.01708984375,-0.21630859375,43.118235294117646,334.1285813116036
0.3060517578125,0.0869404296875,1.0217822265625005,1.0701706570885734,0.47265625,0.0517578125,-0.052734375,42.97705882352941,334.1285813116036
0.2997041015625,0.1030537109375,0.9485400390625,1.000085407120844,0.712890625,-0.13037109375,0.2998046875,43.118235294117646,334.1285813116036
0.3089814453125,0.1128193359375,0.9070361328125,0.9648379565171736,0.90966796875,0.05078125,0.2216796875,42.97705882352941,334.1285813116036
0.2972626953125,0.0849873046875,0.8464892578125001,0.9011836747159012,0.98486328125,0.171875,-0.1298828125,43.02411764705882,334.1285813116036
0.2435517578125,0.0874287109375,0.8616259765625001,0.8996446863718106,0.80615234375,0.3935546875,-0.6044921875,43.87117647058824,335.4856217401961
0.1834931640625,0.0801044921875,0.8333056640625001,0.8570208869595473,0.49267578125,0.73779296875,-0.7724609375,42.97705882352941,335.4856217401961
0.1302705078125,0.0664326171875,0.8567431640625001,0.8691332159110774,0.2822265625,1.087890625,-0.96630859375,43.02411764705882,335.4856217401961
0.0594697265625,-0.0175517578125,0.8293994140625001,0.8317139536084179,-0.0107421875,1.0791015625,-0.68359375,43.118235294117646,335.4856217401961
-0.0015654296874999,-0.0981181640625,0.8450244140625001,0.8507031709420001,0.0966796875,0.55615234375,0.171875,44.01235294117648,335.3311988931571
0.0155244140625,-0.1113017578125,0.8264697265625001,0.8340751151116007,0.06396484375,0.197265625,0.64111328125,43.16529411764706,335.3311988931571
0.0248017578125,-0.1293681640625,0.7800830078125001,0.7911262529718559,0.1884765625,0.01953125,0.80517578125,42.93,335.3311988931571
0.0277314453125,-0.1352275390625,0.7522509765625001,0.7648117756149255,0.28662109375,-0.173828125,0.54248046875,42.97705882352941,335.3311988931571
0.0033173828125,-0.1259501953125,0.7019580078125001,0.7131756455881507,0.1904296875,-0.2568359375,0.06787109375,43.02411764705882,335.3311988931571
0.0008759765625,-0.1239970703125,0.6873095703125001,0.6984056745360641,0.10986328125,-0.04833984375,-0.412109375,42.97705882352941,334.9554946785837
0.0086884765625,-0.1249736328125,0.6785205078125001,0.6899883897903382,0.03662109375,0.13916015625,-0.6630859375,43.91823529411765,334.9554946785837
-0.0020537109374999,-0.0951884765625,0.6770556640625001,0.6837173656109792,-0.05712890625,0.353515625,-0.80712890625,42.93,334.9554946785837
-0.0054716796875,-0.0727275390625,0.6638720703125001,0.6678662740082741,-0.1396484375,0.470703125,-0.78466796875,42.60058823529412,334.9554946785837
-0.0064482421875,-0.0673564453125,0.6589892578125001,0.6624540078108926,-0.17333984375,0.478515625,-0.7587890625,43.30647058823529,334.6761097607821
0.0038056640625,-0.0737041015625,0.6443408203125001,0.6485536757949009,-0.10986328125,0.52490234375,-0.6865234375,43.16529411764706,334.6761097607821
0.0370087890625,-0.0536845703125,0.6453173828125001,0.6486032748279068,-0.0546875,0.5087890625,-0.65087890625,42.55352941176471,334.6761097607821
0.0189423828125,-0.0224345703125,0.7000048828125001,0.70062041061695,0.15185546875,0.896484375,-0.69970703125,43.02411764705882,334.6761097607821
-0.0191435546875,-0.0199931640625,0.6917041015625001,0.6922577312054295,0.037109375,1.82666015625,-0.96044921875,43.16529411764706,334.6761097607821
-0.0679716796875,-0.0463603515625,0.6741259765625001,0.6791283116708381,-0.25732421875,2.3564453125,-1.0244140625,43.25941176470588,334.4805296754927
-0.1275419921875,-0.0785869140625,0.6487353515625001,0.6658080948741489,-0.3232421875,2.09033203125,-0.60107421875,43.73,334.4805296754927
-0.1724638671875,-0.0844462890625,0.6804736328125001,0.707049733876434,-0.36376953125,1.6962890625,0.087890625,43.118235294117646,334.4805296754927
-0.1915068359375,-0.0937236328125,0.7009814453125001,0.7326895483291449,-0.3623046875,1.0927734375,0.73974609375,43.16529411764706,334.4805296754927
-0.2178740234375,-0.1230205078125,0.7444384765625001,0.7853609239184145,-0.3349609375,0.509765625,1.3818359375,43.118235294117646,334.2136613165757
-0.1773466796875,-0.0927470703125,0.8118212890625001,0.8361265868412701,-0.46240234375,0.40625,1.9375,43.02411764705882,334.2136613165757
-0.1299833984375,-0.0624736328125,0.8259814453125001,0.8384771831520995,-0.505859375,0.3369140625,1.95263671875,43.16529411764706,334.2136613165757
-0.1163115234375,-0.0619853515625,0.8733447265625001,0.8832335850199577,-0.61962890625,0.49462890625,2.0126953125,43.118235294117646,334.2136613165757
-0.0997099609375,-0.0273173828125,0.9207080078125,0.9264942262982242,-0.73193359375,0.61279296875,1.90966796875,42.60058823529412,334.2136613165757
-0.0845732421875,-0.0131572265624999,0.9832080078125,0.9869264068468062,-0.8046875,0.9296875,1.9248046875,43.118235294117646,334.10484308424543
-0.0503935546875,0.0039326171875,1.0481494140625005,1.04936750951778,-0.80224609375,1.40185546875,1.99609375,42.97705882352941,334.10484308424543
-0.0577177734375,0.0180927734375,1.0422900390625005,1.0440436845985668,-0.6962890625,1.6123046875,2.13818359375,42.97705882352941,334.10484308424543
-0.0630888671875,0.0693623046875,1.0481494140625005,1.0523347987566154,-0.71630859375,1.74365234375,1.7197265625,43.118235294117646,334.10484308424543
-0.1636748046875,0.0425068359375,1.0647509765625005,1.0780959673803194,-0.55615234375,1.84521484375,1.525390625,42.93,334.20115142295253
-0.2374052734375,0.0586201171875,1.0530322265625005,1.081052474292616,-0.39208984375,2.11962890625,1.51123046875,42.97705882352941,334.20115142295253
-0.2510771484375,0.0840107421875,1.0813525390625005,1.1132927975188365,-0.2705078125,2.61279296875,1.1630859375,42.97705882352941,334.20115142295253
-0.2710966796875,0.0752216796875,1.1716845703125005,1.204988150622646,-0.08056640625,3.31640625,0.830078125,43.02411764705882,334.20115142295253
-0.2642607421875,0.0263935546875,1.2903369140625005,1.3173836614224677,0.00390625,4.04541015625,1.04736328125,43.118235294117646,334.20115142295253
-0.2007841796875,-0.0273173828125,1.4841845703125005,1.4979533921221342,0.12451171875,4.61865234375,1.73193359375,43.16529411764706,334.20115142295253
-0.1065458984375,-0.0605205078125,1.6511767578125005,1.6557171998502451,0.59326171875,4.21337890625,2.3876953125,43.02411764705882,334.20115142295253
0.0492158203125,-0.0527080078125,1.6760791015625005,1.677629722480844,1.0205078125,3.10107421875,2.39208984375,43.02411764705882,334.20115142295253
0.4408173828125,-0.0995830078125,1.6038134765625005,1.6662696084482067,1.13330078125,2.09033203125,1.63037109375,43.16529411764706,334.20115142295253
0.8954072265625,-0.2480205078125,1.5525439453125005,1.8093261109602168,1.05029296875,1.15673828125,0.3251953125,43.118235294117646,334.403320970685
0.9935517578125,-0.4345439453125,1.4939501953125005,1.8460391983742703,0.83349609375,0.31689453125,-1.13671875,43.87117647058824,334.403320970685
0.7591767578125,-0.6088603515625,1.3679736328125005,1.6788127165880475,0.43994140625,-0.3359375,-2.97412109375,42.55352941176471,334.403320970685
0.6512666015625,-0.7524150390625,1.3132861328125005,1.647724808320796,-0.189453125,-1.35888671875,-3.927734375,43.02411764705882,334.403320970685
0.4178681640625,-0.7187236328125,1.3015673828125005,1.544427115438454,-1.09326171875,-2.1513671875,-3.62158203125,43.02411764705882,334.403320970685
0.2147431640625,-0.5619853515625,1.3831103515625005,1.5082892317064869,-1.130859375,-2.88916015625,-1.59716796875,43.02411764705882,335.2355769980226
-0.2188505859375,-0.4130595703125,1.4168017578125005,1.4919252690843885,-0.85009765625,-3.23486328125,0.31982421875,42.93,335.2355769980226
-0.3946318359375,-0.2743876953125,1.4817431640625005,1.5577502038261002,-0.4599609375,-2.5361328125,1.6142578125,43.16529411764706,335.2355769980226
-0.3721708984375,-0.1694072265625,1.4309619140625005,1.4882412390310882,-0.65283203125,-1.126953125,1.8125,43.118235294117646,335.2355769980226
-0.2671904296875,-0.1069072265625,1.3777392578125005,1.4074748109027089,-0.67626953125,-0.17919921875,1.21533203125,42.97705882352941,334.57092844066983
-0.1299833984375,-0.0238994140625,1.2444384765625005,1.25143676940191,-0.82568359375,0.01220703125,0.84033203125,43.73,334.57092844066983
-0.0391630859375,-0.0146220703124999,1.1345751953125005,1.1353450691568487,-0.52490234375,-0.29052734375,1.57861328125,43.16529411764706,334.57092844066983
0.1029267578125,-0.0282939453125,1.0120166015625005,1.0176306140507234,-0.20849609375,-0.7978515625,2.22509765625,43.118235294117646,334.57092844066983
0.1488251953125,-0.0663798828125,0.8796923828125001,0.8946585471454119,0.0517578125,-1.142578125,2.4853515625,42.93,334.57092844066983
0.1351533203125,-0.0478251953125,0.7810595703125001,0.794108129712144,0.19287109375,-1.3095703125,2.556640625,43.68294117647059,334.04014447898123
0.0946259765625,-0.0668681640625,0.7175830078125001,0.7268774311441584,0.34814453125,-1.10205078125,2.44677734375,42.55352941176471,334.04014447898123
0.0414033203125,-0.0707744140625,0.6643603515625001,0.669401172203215,0.41650390625,-0.89111328125,2.34423828125,43.118235294117646,334.04014447898123
0.0160126953125,-0.0849345703125,0.5925830078125001,0.5988529943094962,0.45703125,-0.73193359375,2.3515625,44.01235294117648,334.04014447898123
0.0091767578125,-0.0820048828125,0.5198291015625001,0.526337637377679,0.5361328125,-0.689453125,2.21728515625,43.25941176470588,334.5312426406371
0.0155244140625,-0.0971416015625,0.4734423828125,0.4835547415022308,0.52783203125,-0.67578125,1.8857421875,42.93,334.5312426406371
0.0096650390625,-0.1049541015625,0.4397509765625,0.4522053712667992,0.48974609375,-0.53515625,1.48974609375,43.16529411764706,334.5312426406371
-0.0005888671874999,-0.1142314453125,0.4163134765625,0.4317013789997693,0.3671875,-0.5126953125,1.39697265625,43.118235294117646,334.5312426406371
0.0101533203125,-0.1117900390625,0.4202197265625,0.4349537002247777,0.17236328125,-0.64111328125,1.3544921875,43.16529411764706,334.5312426406371
0.0028291015625,-0.0961650390625,0.4446337890625,0.454922987910722,-0.0068359375,-0.78857421875,1.2578125,43.118235294117646,334.9135407069408
-0.0103544921875,-0.0658916015625,0.4680712890625,0.4727997993967031,-0.0673828125,-0.7919921875,0.8720703125,43.118235294117646,334.9135407069408
-0.0274443359375,-0.0678447265625,0.5144580078125001,0.519637508557453,-0.11474609375,-0.7294921875,0.40673828125,43.16529411764706,334.9135407069408
-0.0406279296875,-0.0605205078125,0.5764697265625001,0.5810599850098258,-0.01611328125,-0.35400390625,0.07421875,43.25941176470588,334.9135407069408
-0.0630888671875,-0.0556376953125,0.5955126953125001,0.6014242500773037,0.103515625,0.01513671875,-0.265625,42.93,334.57388354073254
-0.0992216796875,-0.0746806640625,0.6111376953125001,0.6236276340386938,0.1650390625,0.20458984375,-0.43505859375,43.118235294117646,334.57388354073254
-0.1045927734375,-0.0756572265625,0.6555712890625001,0.6681596959032665,0.26171875,0.3017578125,-0.4326171875,42.93,334.57388354073254
-0.1138701171875,-0.0878642578125,0.7146533203125001,0.7289827841745766,0.330078125,0.3818359375,-0.39697265625,43.25941176470588,334.57388354073254
-0.0943388671875,-0.0990947265625,0.7795947265625001,0.7915096489486256,0.38720703125,0.423828125,-0.5732421875,42.55352941176471,334.57388354073254
-0.0953154296875,-0.1215556640625,0.8435595703125001,0.8575858903153654,0.38037109375,0.51708984375,-0.78369140625,42.55352941176471,333.89971815202045
-0.0953154296875,-0.1396220703125,0.9055712890625,0.9212158885023528,0.41748046875,0.48291015625,-0.826171875,43.02411764705882,333.89971815202045
-0.0918974609375,-0.1498759765625,0.9783251953125,0.9939960459984556,0.470703125,0.3974609375,-0.662109375,43.16529411764706,333.89971815202045
-0.0865263671875,-0.1464580078125,1.0510791015625005,1.0647553888159031,0.56103515625,0.30810546875,-0.5,43.02411764705882,333.89971815202045
-0.0904326171875,-0.1474345703125,1.1433642578125005,1.1563722743207492,0.70751953125,0.31494140625,-0.578125,43.25941176470588,333.93576919001214
-0.1583037109375,-0.2006572265625,1.1858447265625005,1.21307506073797,0.6962890625,0.04638671875,-0.466796875,42.97705882352941,333.93576919001214
-0.1773466796875,-0.2294658203125,1.2752001953125005,1.3077621900073837,0.7724609375,-0.05712890625,-0.5859375,43.16529411764706,333.93576919001214
-0.2193388671875,-0.2612041015625,1.3059619140625005,1.3497679957362887,0.873046875,-0.0712890625,-0.48974609375,43.02411764705882,333.93576919001214
-0.2413115234375,-0.2870830078125,1.3499072265625005,1.401034412512434,0.9189453125,0.00732421875,-0.20458984375,42.97705882352941,333.93576919001214
-0.2471708984375,-0.2924541015625,1.3416064453125005,1.3951812458097237,0.96435546875,-0.001953125,0.13134765625,43.25941176470588,333.37703727623864
-0.2603544921875,-0.2890361328125,1.3377001953125005,1.3931145538729102,0.92138671875,-0.375,0.47705078125,43.02411764705882,333.37703727623864
-0.2667021484375,-0.2778056640625,1.2883837890625005,1.3447077046278235,0.85546875,-0.447265625,0.6767578125,42.97705882352941,333.37703727623864
-0.3008818359375,-0.2392314453125,1.2756884765625005,1.332344795035347,0.787109375,-1.05322265625,0.78271484375,43.16529411764706,333.37703727623864
-0.3101591796875,-0.1869853515625,1.4246142578125005,1.4699278968731886,0.87646484375,0.2509765625,0.24462890625,43.25941176470588,333.0264046791703
-0.3545927734375,-0.1620830078125,1.4392626953125005,1.491135152329878,0.828125,1.4453125,-0.60205078125,42.93,333.0264046791703
-0.3428740234375,-0.1117900390625,1.4475634765625005,1.4918108551218974,0.966796875,2.61181640625,-1.27001953125,43.16529411764706,333.0264046791703
-0.2378935546875,-0.0492900390625,1.5242236328125005,1.543463810439614,0.9658203125,3.1328125,-2.123046875,43.447647058823534,333.0264046791703
-0.1124052734375,0.0415302734375,1.7459033203125005,1.7500108893908537,0.9833984375,4.74560546875,-3.26611328125,42.60058823529412,333.0264046791703
0.2287405598958333,-0.0964905598958333,1.5828173828125005,2.033839573487924,0.46630859375,4.85107421875,-4.74560546875,42.97705882352941,332.45010426897903
0.5698863932291667,-0.2345113932291667,1.4197314453125005,1.9422715568890436,-0.583984375,1.67578125,-5.88232421875,43.02411764705882,332.45010426897903
0.9110322265625,-0.3725322265625,1.2566455078125005,1.5962198814600628,-0.896484375,0.349609375,-5.298828125,42.93,332.45010426897903
0.8504853515625,-0.1015361328125,1.0168994140625005,1.3295560679450729,-1.02734375,-0.89697265625,-2.03857421875,43.777058823529416,332.45010426897903
0.4632783203125,0.2173115234375,1.1311572265625005,1.241518333128781,-0.44140625,-1.59033203125,1.91845703125,43.25941176470588,335.286301067591
0.3465791015625,0.2925068359375,1.0916064453125005,1.1820668145912183,0.49560546875,-1.19091796875,3.88916015625,42.97705882352941,335.286301067591
0.3539033203125,0.2749287109375,1.0383837890625005,1.1309616481622011,1.17626953125,-1.35302734375,4.19384765625,42.97705882352941,335.286301067591
0.3622041015625,0.2905537109375,1.0354541015625005,1.134803272188997,1.53173828125,-2.037109375,3.21875,43.447647058823534,335.286301067591
0.2977509765625,0.2793232421875,0.9836962890625,1.0650518798562785,1.21142578125,-1.85888671875,1.07421875,43.25941176470588,335.286301067591
0.1629853515625,0.2470966796875,1.0120166015625005,1.0544186055711702,0.64697265625,-1.638671875,-0.9892578125,43.25941176470588,336.33186796939106
-0.0284208984375,0.1733662109375,1.0735400390625005,1.0878197488707102,0.29931640625,-1.08447265625,-2.037109375,43.25941176470588,336.33186796939106
-0.1792998046875,-0.0234111328125,1.0823291015625005,1.0973298433878618,0.3134765625,-0.31005859375,-1.59130859375,43.30647058823529,336.33186796939106
-0.2154326171875,-0.1459697265625,1.0759814453125005,1.107002459020649,0.5107421875,0.2890625,-0.501953125,43.25941176470588,336.33186796939106
-0.1255888671875,-0.2280009765625,1.0471728515625005,1.07904030968469,0.7783203125,0.61474609375,0.62939453125,43.91823529411765,335.6620210943016
-0.0049833984375,-0.2704814453125,0.9773486328125,1.014098317018024,0.802734375,0.0751953125,1.23193359375,43.25941176470588,335.6620210943016
0.2455048828125,-0.2983134765625,0.9070361328125,0.9858895090277814,0.81298828125,-0.5869140625,0.52734375,42.60058823529412,335.6620210943016
0.2660126953125,-0.2724345703125,0.8430712890625001,0.9250689420850118,0.642578125,-0.95654296875,-0.5341796875,42.93,335.6620210943016
0.2079072265625,-0.2343486328125,0.7727587890625001,0.8338470139248206,0.36328125,-1.17578125,-1.1259765625,43.25941176470588,335.6620210943016
0.1415009765625,-0.1933330078125,0.7361376953125001,0.7741439689992867,0.06787109375,-1.30419921875,-1.45458984375,42.97705882352941,334.89956008318103
0.0814423828125,-0.1454814453125,0.7200244140625001,0.7390756859039799,-0.27783203125,-1.32958984375,-1.24658203125,43.118235294117646,334.89956008318103
0.0438447265625,-0.0917705078125,0.7502978515625001,0.7571598590857864,-0.53564453125,-0.91845703125,-0.8916015625,43.118235294117646,334.89956008318103
0.0262666015625,-0.0717509765625,0.7405322265625001,0.74446364288186,-0.6455078125,-0.4501953125,-0.4384765625,43.777058823529416,334.89956008318103
0.0238251953125,-0.0473369140625,0.7034228515625001,0.7054162823928565,-0.72705078125,-0.2822265625,-0.080078125,43.02411764705882,334.9451537215357
0.0023408203125,-0.0370830078125,0.6868212890625001,0.6878256407096435,-0.78466796875,-0.22607421875,0.0654296875,43.16529411764706,334.9451537215357
-0.0318388671875,-0.0033916015624999,0.7024462890625001,0.7031756576010146,-0.548828125,-0.22412109375,-0.07470703125,43.16529411764706,334.9451537215357
-0.0953154296875,-0.0273173828125,0.7063525390625001,0.7132777719656475,-0.21875,-0.23583984375,-0.04443359375,43.02411764705882,334.9451537215357
-0.1041044921875,-0.0038798828124999,0.6838916015625001,0.6917806888544789,-0.05419921875,-0.1865234375,0.3583984375,42.55352941176471,334.9451537215357
-0.1016630859375,0.0215107421875,0.6926806640625001,0.7004317221812978,0.072265625,-0.0234375,0.82568359375,43.16529411764706,334.74001919662794
-0.0958037109375,0.0473896484375,0.7219775390625001,0.7298463514460901,0.22216796875,0.7763671875,1.0537109375,42.97705882352941,334.74001919662794
-0.1089873046875,0.0488544921875,0.7302783203125001,0.7399806883347638,0.29736328125,1.59228515625,1.505859375,43.118235294117646,334.74001919662794
-0.0787138671875,0.0454365234375,0.7273486328125001,0.7330050369567122,0.46044921875,1.89599609375,2.1240234375,42.93,334.74001919662794
-0.0635771484375,-0.0248759765625,0.7087939453125001,0.7120742411610191,0.873046875,1.015625,3.17529296875,43.73,334.6562115324603
-0.0523466796875,-0.0488017578125,0.7302783203125001,0.73377667689723,0.59912109375,0.3193359375,3.830078125,43.118235294117646,334.6562115324603
-0.0123076171875,-0.0219462890625,0.8684619140625001,0.8688263423846851,0.34765625,0.66796875,3.53759765625,43.02411764705882,334.6562115324603
-0.0040068359375,-0.0155986328124999,0.8767626953125001,0.8769105974792921,0.3662109375,0.74169921875,2.8896484375,42.60058823529412,334.6562115324603
-0.0718779296875,0.0010029296875,0.9524462890625,0.95515515817748,-0.109375,0.95947265625,1.78076171875,43.02411764705882,334.6562115324603
-0.1553740234375,-0.0561259765625,1.0032275390625005,1.0167382689451852,-0.0693359375,1.072265625,1.5283203125,42.55352941176471,334.33566444596613
-0.1641630859375,-0.0688212890625,1.0491259765625005,1.064119919610082,-0.27734375,1.25439453125,1.68798828125,43.777058823529416,334.33566444596613
-0.1290068359375,-0.0341533203125,1.0945361328125005,1.102641627655657,-0.4287109375,1.5908203125,1.98193359375,42.93,334.33566444596613
-0.0826201171875,-0.0112041015624999,1.1438525390625005,1.146887198801882,-0.51123046875,1.6962890625,2.16455078125,43.777058823529416,334.33566444596613
-0.0474638671875,0.0185810546875,1.1477587890625005,1.1488900348388045,-0.58154296875,1.39453125,2.09521484375,43.87117647058824,334.0923334424479
-0.0513701171875,0.0390888671875,1.1267626953125005,1.1286102073017723,-0.541015625,1.07421875,1.814453125,43.02411764705882,334.0923334424479
-0.0889677734375,0.0244404296875,1.1389697265625005,1.1427005895419815,-0.4912109375,1.22021484375,1.53125,43.02411764705882,334.0923334424479
-0.1280302734375,-0.0029033203124999,1.2004931640625005,1.2073044426101112,-0.53173828125,1.6845703125,1.412109375,43.02411764705882,334.0923334424479
-0.1314482421875,-0.0092509765624999,1.2703173828125005,1.277133694652656,-0.45751953125,2.1806640625,1.25146484375,43.16529411764706,334.0923334424479
-0.1231474609375,0.0019794921875,1.2947314453125005,1.3005763072598506,-0.494140625,2.4052734375,1.42724609375,44.01235294117648,333.91733840607566
-0.1583037109375,0.0302998046875,1.3308642578125005,1.3405886079567817,-0.40380859375,2.4814453125,1.599609375,42.93,333.91733840607566
-0.2271513671875,0.0010029296875,1.3835986328125005,1.4021212237904854,-0.23681640625,2.60107421875,1.8212890625,43.25941176470588,333.91733840607566
-0.2798857421875,-0.0502666015625,1.4529345703125005,1.4805004645462496,-0.12109375,2.9892578125,2.1494140625,42.97705882352941,333.91733840607566
-0.2398466796875,-0.1264384765625,1.5261767578125005,1.5500737447617254,-0.091796875,3.3857421875,2.5048828125,43.02411764705882,333.42922151514404
0.0199189453125,-0.1518291015625,1.4583056640625005,1.4663233784879814,-0.3828125,3.328125,2.29931640625,42.60058823529412,333.42922151514404
0.2621064453125,-0.2441142578125,1.4236376953125005,1.4680040350954044,-0.490234375,3.03369140625,1.87548828125,43.25941176470588,333.42922151514404
0.5028291015625,-0.2582744140625,1.3889697265625005,1.4995931713783528,-0.55029296875,2.24560546875,1.4296875,43.118235294117646,333.42922151514404
0.5785126953125,-0.2314189453125,1.3181689453125005,1.4580127006557773,-0.517578125,1.13232421875,0.35009765625,43.25941176470588,333.42922151514404
0.4696259765625,-0.2499736328125,1.2346728515625005,1.344415272655453,-0.5771484375,0.720703125,-0.66650390625,43.02411764705882,334.2077436385415
0.3470673828125,-0.2919658203125,1.1521533203125005,1.238207204772363,-0.68701171875,0.546875,-1.03857421875,43.02411764705882,334.2077436385415
0.2728486328125,-0.3378642578125,1.1121142578125005,1.1938998096845022,-0.91796875,0.4794921875,-0.97412109375,42.93,334.2077436385415
0.2186494140625,-0.3583720703125,1.1013720703125005,1.1786681230585585,-1.06689453125,0.265625,-0.7822265625,43.118235294117646,334.2077436385415
0.1673798828125,-0.3276103515625,1.0930712890625005,1.1533210353557188,-1.14599609375,0.0703125,-0.60302734375,43.02411764705882,335.0164602218419
0.0692353515625,-0.2314189453125,1.0710986328125005,1.0979984259407387,-1.1953125,0.05126953125,0.0478515625,44.01235294117648,335.0164602218419
0.0511689453125,-0.2030986328125,1.0730517578125005,1.0933011435826805,-1.166015625,-0.0810546875,0.1259765625,42.83588235294118,335.0164602218419
-0.0386748046875,-0.1679423828125,1.0715869140625005,1.0853565768227276,-1.0380859375,0.06103515625,0.7333984375,43.02411764705882,335.0164602218419
-0.0167021484375,-0.0947001953125,1.0618212890625005,1.0661667499322065,-0.794921875,0.19091796875,1.17822265625,42.93,335.0164602218419
-0.0015654296874999,-0.0068095703124999,1.0193408203125005,1.0193647672807358,-0.677734375,0.2919921875,1.1416015625,43.16529411764706,334.74001919662794
-0.0215849609375,0.0473896484375,1.0149462890625005,1.016281289308941,-0.40625,0.3408203125,1.453125,43.16529411764706,334.74001919662794
-0.0542998046875,0.0185810546875,0.9241259765625,0.9259063370233488,-0.10791015625,-0.0693359375,1.947265625,43.02411764705882,334.74001919662794
-0.0250029296875,0.0552021484375,0.8713916015625001,0.8734962775872217,-0.1025390625,-0.20361328125,1.75048828125,43.25941176470588,334.74001919662794
-0.0665068359375,0.0307880859375,0.8054736328125001,0.808800864625081,0.04052734375,-0.37890625,2.1767578125,43.16529411764706,333.92836798157725
-0.0499052734375,0.0200458984375,0.7483447265625001,0.7502747524306953,-0.0009765625,-0.4716796875,2.060546875,42.788823529411765,333.92836798157725
-0.0733427734375,-0.0102275390624999,0.7068408203125001,0.7107093007909967,0.0400390625,-0.541015625,2.2353515625,43.777058823529416,333.92836798157725
-0.0596708984375,-0.0234111328125,0.6814501953125001,0.6844582280543842,0.09619140625,-0.48291015625,2.314453125,42.69470588235294,333.92836798157725
-0.0372099609375,-0.0448955078125,0.6350634765625001,0.637734903449985,0.04248046875,-0.40673828125,2.2060546875,42.55352941176471,333.92836798157725
-0.0191435546875,-0.0502666015625,0.6086962890625001,0.611068227972274,0.033203125,-0.322265625,1.88720703125,43.118235294117646,334.2614133754259
-0.0201201171875,-0.0751689453125,0.5813525390625001,0.5865372657636069,0.1279296875,-0.298828125,1.6396484375,42.97705882352941,334.2614133754259
0.0130830078125,-0.0888408203125,0.5496142578125001,0.5569018664342984,0.14697265625,-0.19189453125,1.43408203125,42.55352941176471,334.2614133754259
0.0345673828125,-0.0961650390625,0.5359423828125001,0.5455977056285505,0.1162109375,-0.0107421875,1.14306640625,43.02411764705882,334.2614133754259
0.0130830078125,-0.0834697265625,0.5413134765625001,0.5478673564413387,0.0439453125,0.14599609375,0.7685546875,43.25941176470588,334.3246348316181
-0.0167021484375,-0.0688212890625,0.5652392578125001,0.5696584504447191,-0.05029296875,0.40087890625,0.55029296875,42.97705882352941,334.3246348316181
-0.0474638671875,-0.0751689453125,0.6111376953125001,0.6175698111628032,0.0107421875,0.685546875,0.408203125,43.16529411764706,334.3246348316181
-0.1143583984375,-0.0737041015625,0.6160205078125001,0.6308655989399768,-0.0146484375,0.72802734375,0.330078125,42.97705882352941,334.3246348316181
-0.1001982421875,-0.0639384765625,0.6545947265625001,0.6652984838146202,0.12890625,0.626953125,0.07470703125,43.25941176470588,334.3246348316181
-0.1451201171875,-0.0893291015625,0.6951220703125001,0.7157054068777274,0.19921875,0.59423828125,-0.171875,43.118235294117646,334.3466940742404
-0.1753935546875,-0.1049541015625,0.7527392578125001,0.7799965722442772,0.20068359375,0.69091796875,-0.2392578125,42.55352941176471,334.3466940742404
-0.1851591796875,-0.1122783203125,0.7952197265625001,0.8241751977273288,0.1533203125,0.7490234375,-0.42236328125,43.16529411764706,334.3466940742404
-0.1910185546875,-0.1337626953125,0.8259814453125001,0.8582691273095477,0.14404296875,0.69677734375,-0.423828125,43.02411764705882,334.3466940742404
-0.1700224609375,-0.1493876953125,0.8455126953125001,0.8752805485492252,0.14599609375,0.5947265625,-0.40087890625,44.01235294117648,333.7151741951065
-0.1407255859375,-0.1528056640625,0.8923876953125001,0.9162472702563376,0.1298828125,0.52734375,-0.44873046875,43.02411764705882,333.7151741951065
-0.0943388671875,-0.1611064453125,0.9402392578125,0.9585953111273032,0.10009765625,0.45947265625,-0.611328125,43.02411764705882,333.7151741951065
-0.0997099609375,-0.1318095703125,0.9944384765625,1.0080792244680323,0.099609375,0.455078125,-0.84130859375,43.02411764705882,333.7151741951065
-0.1187529296875,-0.1322978515625,1.0491259765625005,1.0640819021746577,0.1318359375,0.56298828125,-0.91650390625,43.25941176470588,333.7151741951065
-0.1563505859375,-0.1498759765625,1.0872119140625005,1.1085747878032444,0.19580078125,0.68115234375,-0.77880859375,42.93,333.3946508341401
-0.1749052734375,-0.1645244140625,1.1174853515625005,1.142993284519039,0.25830078125,0.7060546875,-0.65380859375,42.60058823529412,333.3946508341401
-0.2076201171875,-0.1713603515625,1.1375048828125005,1.1689259350236243,0.328125,0.73291015625,-0.55810546875,42.60058823529412,333.3946508341401
-0.2525419921875,-0.1620830078125,1.1692431640625005,1.2071362540933253,0.39111328125,0.79736328125,-0.48681640625,43.777058823529416,333.3946508341401
-0.2925810546875,-0.1562236328125,1.2210009765625005,1.2652481502763653,0.4345703125,0.91650390625,-0.41162109375,43.16529411764706,333.70562486369334
-0.2974638671875,-0.1562236328125,1.2527392578125005,1.297014349880483,0.478515625,1.03125,-0.4208984375,43.02411764705882,333.70562486369334
-0.2896513671875,-0.1435283203125,1.3113330078125005,1.3505897047674746,0.52587890625,1.1806640625,-0.46923828125,43.02411764705882,333.70562486369334
-0.2408232421875,-0.1161845703125,1.4026416015625005,1.4278999092339124,0.58203125,1.3291015625,-0.56787109375,42.55352941176471,333.70562486369334
-0.1753935546875,-0.0761455078125,1.5061572265625005,1.518245905152516,0.5732421875,1.50537109375,-0.89599609375,43.16529411764706,333.70562486369334
-0.1172880859375,-0.0414775390625,1.6086962890625005,1.613499498541299,0.5791015625,1.5703125,-1.62255859375,42.97705882352941,332.9998938860789
-0.0796904296875,-0.0478251953125,1.6633837890625005,1.6659782242293495,0.3828125,1.517578125,-2.615234375,44.01235294117648,332.9998938860789
-0.0689482421875,-0.1210673828125,1.6257861328125005,1.6317449926159535,0.24658203125,1.3681640625,-3.42333984375,42.93,332.9998938860789
0.0096650390625,-0.1396220703125,1.5491259765625005,1.5554353174462603,-0.142578125,1.2529296875,-3.5615234375,43.73,332.9998938860789
0.1942353515625,-0.0815166015625,1.4495166015625005,1.4647425392649072,-0.28759765625,1.0302734375,-3.14599609375,43.16529411764706,333.8952792968605
0.3768525390625,0.0244404296875,1.4587939453125005,1.5068825255080678,-0.16943359375,0.45703125,-2.0322265625,43.02411764705882,333.8952792968605
0.4095673828125,0.1206318359375,1.2634814453125005,1.3336726898135454,0.1435546875,-0.39794921875,-0.515625,42.97705882352941,333.8952792968605
0.3270478515625,0.2051044921875,1.1990283203125005,1.2596416406417164,0.51416015625,-1.15087890625,0.84619140625,43.16529411764706,333.8952792968605
0.2811494140625,0.2275654296875,1.1067431640625005,1.1643502260984957,0.8291015625,-1.50244140625,1.40380859375,43.87117647058824,333.8952792968605
0.2801728515625,0.2182880859375,0.9915087890625,1.0532028266213045,0.8583984375,-1.84765625,0.8623046875,42.93,335.1855620529845
0.2230439453125,0.2138935546875,0.9275439453125,0.9776690773279568,0.69580078125,-1.92578125,-0.73095703125,43.87117647058824,335.1855620529845
0.0965791015625,0.2265888671875,1.0007861328125005,1.0306516973360758,0.443359375,-1.357421875,-2.57177734375,43.02411764705882,335.1855620529845
-0.1070341796875,0.1660419921875,1.0803759765625005,1.0982889007562382,0.2099609375,-0.587890625,-3.62939453125,43.30647058823529,335.1855620529845
-0.3003935546875,0.0532490234375,1.1399462890625005,1.1800632559919002,0.54638671875,0.1650390625,-3.09716796875,42.93,335.29438302666955
-0.2999052734375,-0.0414775390625,1.0037158203125005,1.0483839979835148,0.79345703125,0.5576171875,-1.5859375,43.25941176470588,335.29438302666955
-0.1758818359375,-0.0019267578124999,1.0715869140625005,1.0859266305779622,0.77587890625,1.15771484375,-1.66943359375,42.97705882352941,335.29438302666955
-0.0787138671875,-0.0790751953125,1.0540087890625005,1.0598977718734577,0.77490234375,1.49755859375,-2.3701171875,43.02411764705882,335.29438302666955
0.0096650390625,-0.1835673828125,1.0208056640625005,1.037224469820681,0.52783203125,1.40283203125,-2.931640625,43.25941176470588,335.29438302666955
0.1073212890625,-0.2358134765625,1.0720751953125005,1.102937477474977,0.43701171875,0.89013671875,-3.18896484375,42.60058823529412,335.32599814822674
0.1781220703125,-0.2333720703125,0.8635791015625001,0.9121177883310074,0.326171875,0.15673828125,-3.24072265625,43.16529411764706,335.32599814822674
0.1522431640625,-0.1879619140625,0.7878955078125001,0.8241886879670924,0.18017578125,-0.48974609375,-3.07568359375,43.02411764705882,335.32599814822674
0.1024384765625,-0.1000712890625,0.7600634765625001,0.7734367412913292,-0.041015625,-0.92529296875,-3.03564453125,43.16529411764706,335.32599814822674
0.0340791015625,-0.0507548828125,0.7717822265625001,0.7741997471779412,-0.14111328125,-0.96923828125,-2.966796875,43.118235294117646,334.6326759601526
-0.0181669921875,-0.0248759765625,0.7556689453125001,0.7562965084705766,-0.234375,-0.7998046875,-2.837890625,43.118235294117646,334.6326759601526
-0.0650419921875,-0.0336650390625,0.7131884765625001,0.716939048109627,-0.2265625,-0.7265625,-2.576171875,42.55352941176471,334.6326759601526
-0.0904326171875,-0.0361064453125,0.6672900390625001,0.6743572716865432,-0.197265625,-0.62548828125,-2.26025390625,44.01235294117648,334.6326759601526
-0.0831083984375,-0.0331767578125,0.6301806640625001,0.6365024528688393,-0.19384765625,-0.59033203125,-1.94970703125,43.02411764705882,334.6326759601526
-0.0713896484375,-0.0322001953125,0.6194384765625001,0.6243695706296584,-0.125,-0.65234375,-1.6484375,43.25941176470588,334.71796014945795
-0.0752958984375,-0.0351298828125,0.5906298828125001,0.5964455041820986,-0.08154296875,-0.6181640625,-1.36376953125,43.02411764705882,334.71796014945795
-0.0748076171875,-0.0317119140625,0.5715869140625001,0.5773330281650885,-0.01171875,-0.4892578125,-1.07421875,42.60058823529412,334.71796014945795
-0.1094755859375,-0.0414775390625,0.5906298828125001,0.6021203771955802,0.09814453125,-0.3515625,-0.80419921875,43.25941176470588,334.71796014945795
-0.1241240234375,-0.0590556640625,0.5872119140625001,0.6030855467254382,0.18603515625,-0.28125,-0.4375,42.97705882352941,334.7716320127452
-0.1285185546875,-0.0541728515625,0.6233447265625001,0.6387568902788091,0.24609375,0.0771484375,-0.0126953125,43.25941176470588,334.7716320127452
-0.1192412109375,-0.0424541015625,0.6550830078125001,0.6671990439516475,0.2294921875,0.322265625,-0.001953125,42.83588235294118,334.7716320127452
-0.1177763671875,-0.0365947265625,0.7170947265625001,0.7276230435766968,0.22607421875,0.65087890625,-0.0546875,43.25941176470588,334.7716320127452
-0.1417021484375,-0.0424541015625,0.7361376953125001,0.750853218726058,0.1083984375,0.73095703125,-0.068359375,42.97705882352941,334.7716320127452
-0.1377958984375,-0.0478251953125,0.7747119140625001,0.788323226045801,0.001953125,0.6982421875,-0.06591796875,43.16529411764706,334.7701565929929
-0.1304716796875,-0.0512431640625,0.8084033203125001,0.8204661171284824,-0.1083984375,0.52099609375,-0.04443359375,43.02411764705882,334.7701565929929
-0.1319365234375,-0.0400126953125,0.8479541015625001,0.8590892970812822,-0.22216796875,0.357421875,-0.08740234375,42.788823529411765,334.7701565929929
-0.1485380859375,-0.0214580078125,0.8894580078125001,0.9020307958906052,-0.33544921875,0.21337890625,-0.2216796875,44.01235294117648,334.7701565929929
-0.1812529296875,-0.0077861328124999,0.9509814453125,0.968131684076669,-0.400390625,0.19091796875,-0.32958984375,43.777058823529416,334.51578050878555
-0.1988310546875,0.0005146484375,1.0291064453125005,1.0481384111628045,-0.44091796875,0.3076171875,-0.189453125,42.55352941176471,334.51578050878555
-0.1636748046875,0.0161396484375,1.0847705078125005,1.097167710316416,-0.3837890625,0.28125,0.19970703125,43.118235294117646,334.51578050878555
-0.1177763671875,0.0420185546875,1.1086962890625005,1.1157259040583716,-0.27490234375,0.07373046875,0.51611328125,42.93,334.51578050878555
-0.1070341796875,0.0595966796875,1.0974658203125005,1.1042822585758316,-0.15576171875,-0.14453125,0.6240234375,42.97705882352941,334.51578050878555
-0.1617216796875,0.0654560546875,1.0896533203125005,1.10353194572892,-0.07080078125,-0.126953125,0.5419921875,43.118235294117646,334.18420619174515
-0.2603544921875,0.0683857421875,1.0974658203125005,1.1299965920704962,0.00927734375,0.1767578125,0.40625,43.25941176470588,334.18420619174515
-0.3453154296875,0.0722919921875,1.1321337890625005,1.185831267276974,0.03076171875,0.62353515625,0.416015625,42.60058823529412,334.18420619174515
-0.3716826171875,0.0512958984375,1.1438525390625005,1.2038180378427583,0.05029296875,1.10693359375,0.478515625,43.02411764705882,334.18420619174515
-0.3834013671875,0.0185810546875,1.2097705078125005,1.2692070538440363,0.091796875,1.63818359375,0.68505859375,43.25941176470588,334.11950697962106
-0.4034208984375,-0.0468486328125,1.3064501953125005,1.3681210942473587,0.17822265625,2.29345703125,1.00048828125,43.25941176470588,334.11950697962106
-0.3428740234375,-0.1049541015625,1.4392626953125005,1.4832582598796522,0.142578125,2.681640625,1.6064453125,43.353529411764704,334.11950697962106
-0.1744169921875,-0.1938212890625,1.5203173828125005,1.542515129176837,0.259765625,2.4091796875,1.92578125,43.118235294117646,334.11950697962106
0.0106416015625,-0.2470439453125,1.5007861328125005,1.5210203716721482,0.35693359375,1.65185546875,2.203125,44.01235294117648,334.11950697962106
0.1517548828125,-0.2299541015625,1.4934619140625005,1.5186628730689635,0.3076171875,1.01123046875,2.12646484375,43.118235294117646,334.0673158866034
0.2196259765625,-0.2035869140625,1.4890673828125005,1.518882770892669,0.169921875,0.46533203125,2.04248046875,42.93,334.0673158866034
0.2894501953125,-0.1635478515625,1.5256884765625005,1.561491160023891,0.16845703125,0.48486328125,1.83349609375,43.25941176470588,334.0673158866034
0.3954072265625,-0.1664775390625,1.5676806640625005,1.6253259089504468,0.251953125,0.14599609375,1.36962890625,43.02411764705882,334.0673158866034
0.4232392578125,-0.2153056640625,1.3508837890625005,1.4319130594707654,0.19677734375,-0.94287109375,0.5126953125,42.97705882352941,334.6326759601526
0.3055634765625,-0.2323955078125,1.1545947265625005,1.2167438895948175,-0.009765625,-1.40185546875,-0.31982421875,43.87117647058824,334.6326759601526
0.2005830078125,-0.3012431640625,1.0974658203125005,1.1556003693629062,-0.19384765625,-1.73974609375,-0.72412109375,43.118235294117646,334.6326759601526
0.1639619140625,-0.4023173828125,1.0652392578125005,1.1504249050507664,-0.45556640625,-2.17822265625,-0.88818359375,43.16529411764706,334.6326759601526
0.0526337890625,-0.4784892578125,1.0510791015625005,1.1560664182193277,-0.40478515625,-2.59619140625,-0.310546875,42.55352941176471,334.6326759601526
-0.0318388671875,-0.4784892578125,1.0364306640625005,1.1419957113381711,-0.05224609375,-2.89697265625,1.20263671875,43.02411764705882,335.0686591872591
-0.0577177734375,-0.3993876953125,1.0603564453125005,1.1345473386568643,0.1083984375,-2.55224609375,2.40771484375,42.55352941176471,335.0686591872591
-0.0831083984375,-0.2675517578125,1.1126025390625005,1.147334022387433,0.0,-1.6875,2.69921875,43.16529411764706,335.0686591872591
-0.0914091796875,-0.1664775390625,1.1033251953125005,1.1195520960432412,-0.287109375,-0.57958984375,2.572265625,42.93,335.0686591872591
-0.0782255859375,-0.0712626953125,1.0525439453125005,1.0578498810570764,-0.62353515625,-0.48779296875,2.06689453125,43.30647058823529,334.493721433542
-0.0528349609375,-0.0068095703124999,1.0090869140625005,1.0104921095571642,-0.54345703125,-0.31640625,1.6181640625,43.16529411764706,334.493721433542
-0.0464873046875,0.0034443359375,0.9021533203125,0.9033568211388162,-0.42236328125,-0.4736328125,1.775390625,43.16529411764706,334.493721433542
-0.0816435546875,0.0151630859375,0.8377001953125001,0.8418059196891879,-0.21533203125,-0.72509765625,2.61328125,43.91823529411765,334.493721433542
-0.0601591796875,0.0371357421875,0.7708056640625001,0.774041059633997,-0.06689453125,-0.6484375,3.2958984375,42.97705882352941,334.493721433542
-0.0210966796875,0.0478779296875,0.6970751953125001,0.6990359032016584,0.01953125,-0.38525390625,3.46923828125,42.97705882352941,334.3643209223131
-0.0054716796875,0.0156513671875,0.6809619140625001,0.681163734337864,0.09765625,-0.27978515625,3.48388671875,42.93,334.3643209223131
-0.0308623046875,-0.0282939453125,0.6399462890625001,0.6413144954519863,0.23583984375,-0.29736328125,3.4638671875,43.30647058823529,334.3643209223131
-0.0621123046875,-0.0673564453125,0.6169970703125001,0.6237629468740002,0.31640625,-0.30712890625,3.41552734375,43.16529411764706,334.3643209223131
-0.0777373046875,-0.0868876953125,0.5979541015625001,0.6092139753093421,0.3720703125,-0.26416015625,3.166015625,43.16529411764706,334.5790046036305
-0.0577177734375,-0.0815166015625,0.5960009765625001,0.6043123875648552,0.30712890625,-0.16015625,2.61474609375,43.25941176470588,334.5790046036305
-0.0484404296875,-0.0907939453125,0.5916064453125001,0.6004899681668388,0.2099609375,-0.1298828125,1.93505859375,42.55352941176471,334.5790046036305
-0.0572294921875,-0.1098369140625,0.5754931640625001,0.5886694695238405,0.07958984375,0.00830078125,1.4013671875,42.93,334.5790046036305
-0.0577177734375,-0.1205791015625,0.5960009765625001,0.610809156093502,-0.02978515625,0.18408203125,0.92041015625,43.87117647058824,334.5790046036305
-0.0459990234375,-0.1030009765625,0.6248095703125001,0.6349111043950352,-0.1708984375,0.36181640625,0.453125,43.16529411764706,334.65178334228744
-0.0669951171875,-0.0907939453125,0.6248095703125001,0.6349164396883002,-0.20068359375,0.41552734375,0.13623046875,42.97705882352941,334.65178334228744
-0.0938505859375,-0.0746806640625,0.6516650390625001,0.6626103358701536,-0.189453125,0.5126953125,0.001953125,42.60058823529412,334.65178334228744
-0.1080107421875,-0.0707744140625,0.6614306640625001,0.6739182899105385,-0.125,0.48974609375,-0.18359375,43.118235294117646,334.65178334228744
-0.1475615234375,-0.0663798828125,0.7371142578125001,0.7546642439601003,-0.0927734375,0.43212890625,0.279296875,43.87117647058824,333.81148080079464
-0.1080107421875,-0.0507548828125,0.8044970703125001,0.8133006299632387,0.01904296875,0.43310546875,0.37060546875,43.118235294117646,333.81148080079464
-0.0923857421875,-0.0419658203125,0.8738330078125001,0.8797047123760774,0.11181640625,0.4970703125,0.166015625,43.16529411764706,333.81148080079464
-0.1656279296875,-0.0986064453125,0.9568408203125,0.9760636237285112,0.267578125,0.6259765625,0.400390625,43.118235294117646,333.81148080079464
-0.1583037109375,-0.1156962890625,1.0505908203125005,1.0687313824924902,0.26416015625,0.6494140625,0.64501953125,43.25941176470588,333.81148080079464
-0.1163115234375,-0.0927470703125,1.1550830078125005,1.1646231770289808,0.42724609375,0.5498046875,0.330078125,42.55352941176471,333.5681627823132
-0.1392607421875,-0.1083720703125,1.2825244140625005,1.294606864111569,0.587890625,0.5361328125,0.08203125,42.97705882352941,333.5681627823132
-0.1607451171875,-0.1493876953125,1.4192431640625005,1.4361082253606587,0.89111328125,0.60791015625,-0.232421875,42.55352941176471,333.5681627823132
-0.2002958984375,-0.1801494140625,1.4724658203125005,1.4969060926813385,1.08447265625,0.46533203125,-0.587890625,42.93,333.5681627823132
-0.2735380859375,-0.1894267578125,1.4500048828125005,1.4876893967538385,1.21142578125,0.3818359375,-0.3310546875,43.02411764705882,332.777172527084
-0.3179716796875,-0.1845439453125,1.4436572265625005,1.4897344208418235,1.34423828125,0.57177734375,0.26318359375,43.118235294117646,332.777172527084
-0.3091826171875,-0.1689189453125,1.4592822265625005,1.5012102176636049,1.43408203125,1.12353515625,0.37841796875,43.118235294117646,332.777172527084
-0.2491240234375,-0.1576884765625,1.5154345703125005,1.5438492062350269,1.47119140625,1.57177734375,0.02978515625,42.97705882352941,332.777172527084
-0.1978544921875,-0.1435283203125,1.5803759765625005,1.5991669725536408,1.4013671875,1.966796875,-0.525390625,42.83588235294118,332.777172527084
-0.0904326171875,-0.1039775390625,1.7000048828125005,1.7055808360987226,1.30322265625,2.28369140625,-1.17919921875,42.55352941176471,332.1567592828136
0.0291962890625,-0.0898173828125,1.7835009765625005,1.7859998093364122,1.142578125,2.07177734375,-1.7490234375,43.118235294117646,332.1567592828136
0.1341767578125,-0.1054423828125,1.7229541015625005,1.7313845137696289,0.92138671875,1.5107421875,-2.3701171875,43.447647058823534,332.1567592828136
0.2127900390625,-0.1352275390625,1.6003955078125005,1.620133287563573,0.6728515625,1.2216796875,-2.61083984375,43.02411764705882,332.1567592828136
0.2835908203125,-0.1025126953125,1.4919970703125005,1.5221655179010047,0.5458984375,0.83056640625,-2.2255859375,42.93,333.789421602302
0.3509736328125,-0.0112041015624999,1.3572314453125005,1.4019219732090955,0.564453125,0.31201171875,-1.349609375,43.87117647058824,333.789421602302
0.4017548828125,0.0752216796875,1.2463916015625005,1.311700160632844,0.666015625,-0.33935546875,-0.46533203125,43.118235294117646,333.789421602302
0.3832001953125,0.1308857421875,1.1555712890625005,1.224466606854217,0.78955078125,-0.7958984375,0.375,43.02411764705882,333.789421602302
0.3675751953125,0.1894794921875,1.1365283203125005,1.2094257418465215,0.96142578125,-1.00439453125,1.13037109375,43.777058823529416,333.789421602302
0.3539033203125,0.2041279296875,1.1013720703125005,1.1747068609109084,0.9609375,-0.958984375,0.7568359375,43.25941176470588,335.3656979347403
0.2767548828125,0.1294208984375,1.0461962890625005,1.089894356972765,0.4677734375,-0.52197265625,-0.564453125,43.118235294117646,335.3656979347403
0.1341767578125,-0.0014384765624999,1.0857470703125005,1.0940073913114448,0.375,-0.0283203125,-1.373046875,42.97705882352941,335.3656979347403
-0.0093779296875,-0.0922587890625,1.0720751953125005,1.0760784609538647,0.1875,0.279296875,-1.4609375,43.16529411764706,335.3656979347403
-0.0909208984375,-0.1830791015625,1.0793994140625005,1.09858439014947,0.5966796875,0.95458984375,-1.162109375,43.02411764705882,335.4304018967248
-0.0533232421875,-0.2045634765625,1.0383837890625005,1.0596841404345534,0.5498046875,0.69482421875,-0.2861328125,43.16529411764706,335.4304018967248
0.0199189453125,-0.2113994140625,1.0188525390625005,1.040743471275431,0.75146484375,0.60302734375,0.052734375,43.02411764705882,335.4304018967248
0.0467744140625,-0.2773173828125,0.9519580078125,0.9926312634907328,0.6982421875,0.6015625,0.2587890625,43.02411764705882,335.4304018967248
-0.0069365234375,-0.3193095703125,0.9031298828125,0.9579406569717523,0.71240234375,0.10791015625,0.9580078125,42.93,335.4304018967248
0.0360322265625,-0.2973369140625,0.6785205078125001,0.7416856755643827,0.52587890625,-1.03173828125,1.9072265625,42.788823529411765,335.5046636908637
0.0428681640625,-0.1889384765625,0.7424853515625001,0.7673460267055124,0.19921875,-1.13720703125,1.50732421875,43.16529411764706,335.5046636908637
0.0125947265625,-0.1488994140625,0.7004931640625001,0.716254379074664,0.15673828125,-0.8935546875,0.796875,43.87117647058824,335.5046636908637
-0.0152373046875,-0.1205791015625,0.6521533203125001,0.6633818269913472,-0.0654296875,-0.69091796875,0.5751953125,43.02411764705882,335.5046636908637
-0.0118193359375,-0.0824931640625,0.6277392578125001,0.6332467091253096,-0.232421875,-0.57958984375,0.41162109375,42.74176470588235,334.96278736999386
-0.0108427734375,-0.0751689453125,0.6008837890625001,0.6056643162951881,-0.24365234375,-0.34375,0.32470703125,43.16529411764706,334.96278736999386
0.0062470703125,-0.0507548828125,0.5730517578125001,0.5753289503829928,-0.201171875,-0.1484375,0.38134765625,42.60058823529412,334.96278736999386
0.0091767578125,-0.0400126953125,0.5676806640625001,0.569163039049938,-0.14013671875,0.3359375,0.416015625,43.118235294117646,334.96278736999386
0.0409150390625,-0.0175517578125,0.5227587890625001,0.5246511757023765,-0.0546875,0.4755859375,0.1982421875,43.73,334.96278736999386
0.0599580078125,0.0073505859375,0.5784228515625001,0.5815685591778172,0.1494140625,1.0341796875,0.12890625,42.93,334.994401308694
-0.0108427734375,-0.0502666015625,0.5252001953125001,0.5277116088591839,0.365234375,1.6884765625,0.32958984375,43.777058823529416,334.994401308694
-0.0557646484375,-0.0668681640625,0.4700244140625,0.4780209171105841,0.34130859375,1.28857421875,1.14697265625,43.25941176470588,334.994401308694
-0.1172880859375,-0.0634501953125,0.5046923828125001,0.5220122830518797,0.27587890625,0.91845703125,1.90966796875,43.16529411764706,334.994401308694
-0.1177763671875,-0.0175517578125,0.5774462890625001,0.5895960936287196,-0.01416015625,0.80859375,1.8857421875,43.16529411764706,334.4481272337361
-0.1675810546875,-0.0468486328125,0.6956103515625001,0.7170439076426772,-0.046875,1.11865234375,1.97314453125,43.25941176470588,334.4481272337361
-0.2193388671875,-0.0571025390625,0.7791064453125001,0.811404394709543,-0.0791015625,1.4140625,2.478515625,43.777058823529416,334.4481272337361
-0.1705107421875,-0.0238994140625,0.8494189453125001,0.8666935097539746,-0.32861328125,1.61181640625,2.55029296875,43.16529411764706,334.4481272337361
-0.1773466796875,0.0053974609375,0.9529345703125,0.9693117520578308,-0.38671875,1.52392578125,2.46435546875,43.25941176470588,334.4481272337361
-0.1763701171875,-0.0024150390624999,1.0335009765625005,1.0484448098045254,-0.36962890625,1.17919921875,2.4765625,43.16529411764706,333.914381120787
-0.1690458984375,0.0205341796875,1.1428759765625005,1.1554928239143976,-0.43603515625,0.89013671875,2.31396484375,43.16529411764706,333.914381120787
-0.1539091796875,0.0224873046875,1.0906298828125005,1.1016656733091923,-0.36962890625,0.71337890625,2.06396484375,42.97705882352941,333.914381120787
-0.1387724609375,0.0014912109375,1.2698291015625005,1.2773902954069036,-0.34912109375,0.703125,1.888671875,43.02411764705882,333.914381120787
-0.1182646484375,0.0088154296875,1.3142626953125005,1.3196024670940485,-0.4267578125,0.79150390625,1.5810546875,42.60058823529412,334.277562088414
-0.1104521484375,0.0239521484375,1.3406298828125005,1.3453853965310794,-0.47509765625,0.79443359375,1.04541015625,42.69470588235294,334.277562088414
-0.1485380859375,0.0478779296875,1.3259814453125005,1.335133945504407,-0.47802734375,0.73193359375,0.5380859375,43.02411764705882,334.277562088414
-0.2525419921875,0.0615498046875,1.3108447265625005,1.3363681129957483,-0.482421875,0.79052734375,0.3056640625,42.93,334.277562088414
-0.3399443359375,0.0527607421875,1.3147509765625005,1.3590128688957337,-0.474609375,1.16259765625,0.39306640625,43.16529411764706,334.277562088414
-0.3653349609375,0.0307880859375,1.3464892578125005,1.39551096782625,-0.4541015625,1.64697265625,0.68115234375,42.788823529411765,334.3312325475466
-0.3560576171875,-0.0033916015624999,1.4236376953125005,1.4674920160713267,-0.38720703125,2.17333984375,1.01611328125,43.25941176470588,334.3312325475466
-0.2994169921875,0.0073505859375,1.5383837890625005,1.5672680845262337,-0.24169921875,2.603515625,1.4248046875,43.25941176470588,334.3312325475466
-0.2515654296875,-0.0063212890624999,1.6018603515625005,1.6215060006109152,-0.03076171875,2.74658203125,1.830078125,43.02411764705882,334.3312325475466
-0.1089873046875,-0.0649150390625,1.6140673828125005,1.619044690902239,0.19189453125,2.501953125,2.23193359375,42.60058823529412,333.7769126407088
0.1620087890625,-0.1474345703125,1.5085986328125005,1.5244191140170325,0.21435546875,1.85693359375,2.2216796875,42.97705882352941,333.7769126407088
0.4525361328125,-0.2563212890625,1.3689501953125005,1.4644159900703375,0.2353515625,1.3564453125,1.41455078125,42.55352941176471,333.7769126407088
0.6224580078125,-0.3017314453125,1.3088916015625005,1.480436780555361,0.1484375,0.7626953125,0.04833984375,43.777058823529416,333.7769126407088
0.5692353515625,-0.3222392578125,1.2288134765625005,1.392066659655942,-0.0615234375,0.02490234375,-1.3173828125,42.97705882352941,333.7769126407088
0.4310517578125,-0.3422587890625,1.1663134765625005,1.2896642284777389,-0.19189453125,-0.23388671875,-2.0859375,43.118235294117646,334.9282249035945
0.2850556640625,-0.4067119140625,1.0686572265625005,1.1784309825096888,-0.5478515625,-0.75,-1.79931640625,43.118235294117646,334.9282249035945
0.1888642578125,-0.4364970703125,1.0305712890625005,1.1350227231691907,-0.96337890625,-1.08203125,-1.1943359375,43.16529411764706,334.9282249035945
0.1009736328125,-0.4457744140625,1.0261767578125005,1.1233651414525438,-1.1787109375,-1.40478515625,-0.2021484375,42.83588235294118,334.9282249035945
0.0457978515625,-0.4067119140625,1.0667041015625005,1.1425277521961488,-1.14697265625,-1.34716796875,0.513671875,43.02411764705882,335.5267223471438
0.0457978515625,-0.3007548828125,1.0857470703125005,1.1275627004452915,-0.966796875,-1.24169921875,0.53125,43.118235294117646,335.5267223471438
-0.1202177734375,-0.2284892578125,1.0520556640625005,1.0832731761988597,-0.79931640625,-1.0234375,0.83056640625,42.60058823529412,335.5267223471438
-0.1622099609375,-0.1181376953125,1.0476611328125005,1.0667063493234985,-0.85888671875,-0.4716796875,0.9375,43.16529411764706,335.5267223471438
-0.1368193359375,-0.0146220703124999,1.0330126953125005,1.0421365382249097,-0.8876953125,0.28271484375,0.59814453125,43.02411764705882,335.5267223471438
-0.1734404296875,-0.0087626953124999,1.0149462890625005,1.0296962353825836,-0.515625,0.29296875,1.11328125,43.02411764705882,334.7466228497652
-0.0665068359375,0.0146748046875,0.9602587890625,0.9626709983638296,-0.30712890625,0.212890625,2.19970703125,42.788823529411765,334.7466228497652
-0.0362333984375,0.0283466796875,0.8752978515625001,0.8765059739451664,-0.076171875,-0.56591796875,2.87890625,43.25941176470588,334.7466228497652
0.0833955078125,0.0259052734375,0.7400439453125001,0.7451784584305071,-0.04541015625,-1.08837890625,3.11962890625,43.02411764705882,334.7466228497652
0.0965791015625,-0.0253642578125,0.6936572265625001,0.7008075459035656,-0.12158203125,-1.2958984375,2.9248046875,42.788823529411765,334.50327444112406
0.0584931640625,-0.0536845703125,0.6653369140625001,0.6700572307989004,-0.09375,-1.3984375,2.97314453125,42.60058823529412,334.50327444112406
0.0316376953125,-0.0697978515625,0.6028369140625001,0.6076882661396593,-0.04736328125,-1.462890625,3.08642578125,43.25941176470588,334.50327444112406
0.0125947265625,-0.0668681640625,0.5603564453125001,0.5644726072233571,-0.03759765625,-1.408203125,3.0439453125,42.60058823529412,334.50327444112406
0.0013642578125,-0.0810283203125,0.4924853515625,0.4991084765816779,-0.03955078125,-1.36328125,2.7998046875,43.87117647058824,334.50327444112406
0.0008759765625,-0.0932353515625,0.4417041015625,0.4514378267857672,0.0068359375,-1.2578125,2.60888671875,43.91823529411765,334.6944257281017
-0.0137724609375,-0.0932353515625,0.4109423828125,0.4216113772811086,0.0400390625,-1.14306640625,2.4033203125,42.60058823529412,334.6944257281017
-0.0313505859375,-0.0839580078125,0.4045947265625,0.4144016156781396,0.0234375,-0.9912109375,2.09326171875,42.55352941176471,334.6944257281017
-0.0347685546875,-0.0868876953125,0.3943408203125,0.405293728740664,-0.03955078125,-0.84912109375,1.6962890625,42.83588235294118,334.6944257281017
-0.0430693359375,-0.1015361328125,0.4202197265625,0.4344527276434999,-0.01220703125,-0.67333984375,1.49853515625,42.60058823529412,335.0576297767012
-0.0396513671875,-0.0771220703125,0.4500048828125,0.4582842340777348,-0.11376953125,-0.3583984375,1.337890625,42.60058823529412,335.0576297767012
-0.0367216796875,-0.0561259765625,0.5335009765625001,0.5377005662981088,-0.154296875,0.052734375,1.1943359375,43.02411764705882,335.0576297767012
-0.0357451171875,-0.0546611328125,0.5681689453125001,0.5719103979301413,-0.0625,0.4306640625,1.0302734375,42.97705882352941,335.0576297767012
-0.0601591796875,-0.0600322265625,0.6189501953125001,0.6247578246041471,-0.083984375,0.587890625,0.79541015625,43.25941176470588,335.0576297767012
-0.0811552734375,-0.0693095703125,0.6926806640625001,0.7008541198492628,0.03173828125,0.68798828125,0.5595703125,43.02411764705882,334.43857398923336
-0.1626982421875,-0.0854228515625,0.7566455078125001,0.7786399720492183,-0.0400390625,0.9765625,0.43603515625,42.60058823529412,334.43857398923336
-0.1705107421875,-0.0839580078125,0.8118212890625001,0.8337725503110996,0.1611328125,0.57177734375,0.509765625,43.16529411764706,334.43857398923336
-0.1260771484375,-0.0966533203125,0.8782275390625001,0.892480208213794,0.20166015625,0.4228515625,0.04296875,43.118235294117646,334.43857398923336
-0.1666044921875,-0.1469462890625,0.9656298828125,0.9908538435444336,0.2763671875,0.18701171875,0.1376953125,42.55352941176471,333.5953289820486
-0.1758818359375,-0.1635478515625,1.0481494140625005,1.075313681751989,0.2421875,0.07568359375,0.4306640625,43.02411764705882,333.5953289820486
-0.1680693359375,-0.1664775390625,1.1223681640625005,1.1470276232052157,0.18359375,-0.09033203125,0.39990234375,43.02411764705882,333.5953289820486
-0.1719755859375,-0.1718486328125,1.2156298828125005,1.2397030155423536,0.2412109375,-0.021484375,0.28759765625,43.02411764705882,333.5953289820486
-0.1841826171875,-0.1767314453125,1.3059619140625005,1.3306741754532068,0.32861328125,0.24560546875,0.1103515625,43.02411764705882,333.5953289820486
-0.1846708984375,-0.1821025390625,1.4045947265625005,1.4283385527772847,0.404296875,0.53662109375,-0.228515625,43.25941176470588,333.3711106113239
-0.2383818359375,-0.2079814453125,1.4050830078125005,1.4402570743248,0.50390625,0.54296875,-0.3330078125,42.97705882352941,333.3711106113239
-0.2940458984375,-0.2201884765625,1.3796923828125005,1.4277594428998417,0.55517578125,0.34326171875,0.1357421875,43.25941176470588,333.3711106113239
-0.3497099609375,-0.2001689453125,1.3699267578125005,1.4279579773988782,0.58935546875,0.23779296875,0.67919921875,42.93,333.3711106113239
-0.3677763671875,-0.2065166015625,1.3655322265625005,1.429190968612417,0.5,0.171875,1.12841796875,43.91823529411765,333.3490515741005
-0.3052763671875,-0.1796611328125,1.3943408203125005,1.4386306357770935,0.7353515625,0.3720703125,1.36376953125,42.93,333.3490515741005
-0.2691435546875,-0.1967509765625,1.4358447265625005,1.474041817115601,0.7236328125,0.6494140625,1.35205078125,43.25941176470588,333.3490515741005
-0.2354521484375,-0.1747783203125,1.5359423828125005,1.5636828894551589,0.787109375,1.125,1.021484375,43.118235294117646,333.3490515741005
-0.1871123046875,-0.1488994140625,1.6223681640625005,1.639896493635239,0.7734375,1.9755859375,0.03857421875,43.16529411764706,333.3490515741005
-0.1006865234375,-0.1357158203125,1.6887744140625005,1.6972081726992616,0.4814453125,2.54052734375,-1.3408203125,44.01235294117648,333.3806595216141
-0.0005888671874999,-0.1694072265625,1.6702197265625005,1.6787891738317458,0.18017578125,2.50634765625,-2.24853515625,43.25941176470588,333.3806595216141
0.1571259765625,-0.1586650390625,1.5989306640625005,1.6144480281541342,-0.1083984375,2.34033203125,-2.65625,43.118235294117646,333.3806595216141
0.2918916015625,-0.1044658203125,1.4959033203125005,1.5276912510053358,-0.30908203125,2.09619140625,-2.3388671875,43.02411764705882,333.3806595216141
0.3807587890625,-0.0317119140625,1.4329150390625005,1.4829795717114027,-0.2314453125,1.5322265625,-1.14990234375,43.118235294117646,334.362844317618
0.3988251953125,0.0273701171875,1.3274462890625005,1.3863348477466453,-0.0322265625,0.42529296875,0.169921875,42.97705882352941,334.362844317618
0.3626923828125,0.0805927734375,1.1790087890625005,1.2361645053823462,0.12255859375,-0.67578125,1.244140625,43.02411764705882,334.362844317618
0.3011689453125,0.1352802734375,1.0950244140625005,1.1437141047459765,0.15283203125,-1.14501953125,1.9462890625,43.16529411764706,334.362844317618
0.2562470703125,0.2383076171875,1.0510791015625005,1.107799782990932,0.29296875,-1.576171875,2.31787109375,42.97705882352941,334.362844317618
0.2357392578125,0.3257099609375,0.9998095703125,1.0776266297824877,0.27978515625,-1.943359375,1.78466796875,43.777058823529416,335.6311309491929
0.1825166015625,0.3178974609375,1.0164111328125005,1.080491877073411,0.24560546875,-2.1494140625,0.22119140625,43.02411764705882,335.6311309491929
0.0570283203125,0.2256123046875,1.0544970703125005,1.079869071990543,0.1708984375,-1.50732421875,-1.30615234375,43.02411764705882,335.6311309491929
-0.2769560546875,-0.0658916015625,1.1716845703125005,1.205774063285873,0.77099609375,0.4208984375,-0.17041015625,43.02411764705882,335.6311309491929
-0.2203154296875,-0.1357158203125,0.9719775390625,1.0058319983394226,0.7119140625,1.20703125,1.62939453125,43.777058823529416,335.6627482560055
-0.0640654296875,-0.0517314453125,1.0198291015625005,1.0231480431046822,0.640625,1.49072265625,1.4853515625,43.118235294117646,335.6627482560055
0.0067353515625,-0.1283916015625,1.0256884765625005,1.0337149603568463,0.93115234375,1.5537109375,0.892578125,42.60058823529412,335.6627482560055
0.0916962890625,-0.2309306640625,0.9622119140625,0.99377509960554,0.8525390625,1.2509765625,0.51025390625,44.01235294117648,335.6627482560055
0.1468720703125,-0.2616923828125,0.8733447265625001,0.9234637619714656,0.4658203125,0.6328125,0.07763671875,43.118235294117646,335.6627482560055
0.1717744140625,-0.2026103515625,0.8142626953125001,0.8564935147824368,0.40869140625,-0.04150390625,-0.49462890625,42.83588235294118,335.5870141161753
0.1371064453125,-0.1196025390625,0.7263720703125001,0.7488119451681403,-0.01025390625,-0.50439453125,-1.85498046875,42.93,335.5870141161753
0.0614228515625,-0.1244853515625,0.7058642578125001,0.719384264426808,-0.1435546875,-0.85302734375,-2.44384765625,43.02411764705882,335.5870141161753
-0.0118193359375,-0.1303447265625,0.6580126953125001,0.6709024904090589,-0.294921875,-0.85888671875,-2.375,42.60058823529412,335.5870141161753
-0.0391630859375,-0.1069072265625,0.6252978515625001,0.6355787170446412,-0.44482421875,-0.6796875,-1.80126953125,42.97705882352941,334.77676224971674
-0.0479521484375,-0.0898173828125,0.5984423828125001,0.6070418901042679,-0.5234375,-0.5615234375,-1.37646484375,43.118235294117646,334.77676224971674
-0.0489287109375,-0.0678447265625,0.5710986328125001,0.5771919733300633,-0.58984375,-0.501953125,-1.09033203125,43.16529411764706,334.77676224971674
-0.0376982421875,-0.0556376953125,0.5427783203125001,0.5469232264266831,-0.68212890625,-0.517578125,-0.7919921875,43.353529411764704,334.77676224971674
-0.0206083984375,-0.0507548828125,0.5256884765625001,0.5285348981912845,-0.6611328125,-0.48046875,-0.51123046875,43.25941176470588,334.77676224971674
-0.0328154296875,-0.0478251953125,0.5266650390625001,0.5298491909052601,-0.57421875,-0.2880859375,-0.384765625,43.25941176470588,334.6172201260632
-0.0630888671875,-0.0458720703125,0.5012744140625001,0.5073070965317357,-0.54443359375,-0.32373046875,-0.30712890625,43.16529411764706,334.6172201260632
-0.0821318359375,-0.0566142578125,0.5398486328125001,0.548987576372772,-0.45947265625,-0.14404296875,0.07275390625,43.30647058823529,334.6172201260632
-0.0528349609375,-0.0429423828125,0.5413134765625001,0.5455784647940778,-0.2509765625,-0.1181640625,0.43603515625,42.97705882352941,334.6172201260632
-0.0469755859375,-0.0351298828125,0.5535205078125001,0.5566199483575839,-0.35205078125,-0.041015625,0.60546875,43.16529411764706,334.98189786323576
-0.0679716796875,-0.0282939453125,0.5784228515625001,0.5830897802144888,-0.34423828125,0.07958984375,0.751953125,43.02411764705882,334.98189786323576
-0.1001982421875,-0.0453837890625,0.6423876953125001,0.6517371610826252,-0.2353515625,0.30615234375,1.1044921875,43.16529411764706,334.98189786323576
-0.0850615234375,-0.0453837890625,0.6917041015625001,0.6983908040614246,-0.1806640625,0.4296875,1.48974609375,43.118235294117646,334.98189786323576
-0.0674833984375,-0.0302470703125,0.7634814453125001,0.7670546340800163,-0.2421875,0.5537109375,1.46875,42.93,334.98189786323576
-0.0738310546875,-0.0243876953125,0.8557666015625001,0.8592917203538939,-0.35888671875,0.7021484375,1.0576171875,43.25941176470588,334.54444023920945
-0.1241240234375,-0.0121806640624999,0.9548876953125,0.9629982619042128,-0.3896484375,0.65283203125,0.72705078125,43.25941176470588,334.54444023920945
-0.1631865234375,0.0019794921875,1.0325244140625005,1.0453422527842484,-0.52392578125,0.56005859375,0.67041015625,43.02411764705882,334.54444023920945
-0.1666044921875,0.0205341796875,1.1155322265625005,1.1280916885838592,-0.578125,0.330078125,0.69287109375,43.118235294117646,334.54444023920945
-0.1421904296875,0.0136982421875,1.1633837890625005,1.1721209838524194,-0.5556640625,0.08251953125,0.71240234375,43.25941176470588,334.14816289673035
-0.1119169921875,0.0415302734375,1.2170947265625005,1.2229348920438643,-0.546875,-0.08251953125,0.62451171875,43.87117647058824,334.14816289673035
-0.0889677734375,0.0390888671875,1.2454150390625005,1.2492004738117406,-0.38427734375,-0.1123046875,0.23193359375,42.55352941176471,334.14816289673035
-0.1211943359375,0.0464130859375,1.2634814453125005,1.2701289715058617,-0.29296875,-0.06494140625,0.17529296875,42.97705882352941,334.14816289673035
-0.1792998046875,0.0678974609375,1.2722705078125005,1.2866354301868934,-0.22265625,0.08984375,0.18505859375,42.55352941176471,334.14816289673035
-0.2496123046875,0.0903583984375,1.2844775390625005,1.311622465184114,-0.12548828125,0.27099609375,0.341796875,43.25941176470588,334.0959702462579
-0.2901396484375,0.1147724609375,1.2859423828125005,1.3232541499268298,-0.06591796875,0.560546875,0.4482421875,43.353529411764704,334.0959702462579
-0.3570341796875,0.0947529296875,1.2771533203125005,1.3295007058045265,0.078125,0.79345703125,0.64599609375,42.97705882352941,334.0959702462579
-0.4131865234375,0.0659443359375,1.3489306640625005,1.412333422050439,0.201171875,1.3037109375,0.99560546875,43.118235294117646,334.0959702462579
-0.4688505859375,0.0132099609375,1.4915087890625005,1.5635196969826102,0.2900390625,2.21142578125,1.47216796875,43.16529411764706,333.9018737595435
-0.4732451171875,-0.0693095703125,1.6423876953125005,1.7106145384605558,0.49365234375,3.07275390625,2.28271484375,43.25941176470588,333.9018737595435
-0.4268583984375,-0.1601298828125,1.7825244140625005,1.8399029752720744,0.51806640625,3.54150390625,3.197265625,43.25941176470588,333.9018737595435
-0.1617216796875,-0.1401103515625,1.8948291015625005,1.9068723440293704,0.56787109375,3.06640625,3.8603515625,42.788823529411765,333.9018737595435
0.2064423828125,-0.0849345703125,1.8450244140625005,1.8584798699857217,0.818359375,1.45263671875,3.66015625,43.02411764705882,333.9018737595435
0.5252900390625,-0.0868876953125,1.5286181640625005,1.6186885396013682,0.8359375,0.37744140625,2.6123046875,43.353529411764704,333.8070434172603
0.7860322265625,-0.1923564453125,1.2395556640625005,1.4803195288712123,0.669921875,-0.1572265625,1.25634765625,43.87117647058824,333.8070434172603
0.7186494140625,-0.2763408203125,1.1096728515625005,1.3506276566094042,0.55615234375,-0.671875,-0.0849609375,43.87117647058824,333.8070434172603
0.5550751953125,-0.3456767578125,1.0916064453125005,1.272480068523969,0.34375,-0.97900390625,-1.0869140625,43.02411764705882,333.8070434172603
0.4930634765625,-0.4482158203125,1.0168994140625005,1.2157686588405554,-0.029296875,-1.23779296875,-2.3828125,43.02411764705882,335.18261653669606
0.4193330078125,-0.4726298828125,0.9275439453125,1.1222998476585095,-0.5048828125,-1.82763671875,-3.7978515625,42.55352941176471,335.18261653669606
0.2289033203125,-0.4267314453125,0.9099658203125,1.030793020254592,-1.1640625,-2.041015625,-4.2763671875,42.788823529411765,335.18261653669606
-0.0176787109375,-0.3827861328125,0.9421923828125,1.0171353137728811,-1.34130859375,-2.35791015625,-3.57177734375,42.69470588235294,335.18261653669606
-0.2339873046875,-0.3271220703125,1.0012744140625005,1.079031676966279,-1.25537109375,-2.21923828125,-2.0576171875,43.118235294117646,335.18261653669606
-0.3272490234375,-0.2421611328125,0.9963916015625,1.0763503896269628,-0.9267578125,-1.79541015625,-0.60595703125,43.25941176470588,335.3120234796256
-0.3365263671875,-0.1586650390625,0.9812548828125,1.049421619501187,-0.634765625,-0.81640625,0.44921875,43.16529411764706,335.3120234796256
-0.2251982421875,-0.0771220703125,0.9251025390625,0.955236499403949,-0.4716796875,-0.1240234375,0.96484375,43.16529411764706,335.3120234796256
-0.0923857421875,0.0141865234375,0.8948291015625001,0.8996974512634394,-0.34423828125,0.60009765625,1.06884765625,43.87117647058824,335.3120234796256
0.0438447265625,0.0644794921875,0.9524462890625,0.9556327215562608,-0.2607421875,1.18798828125,0.6787109375,43.25941176470588,334.66133752935207
0.1375947265625,0.0732685546875,0.7083056640625001,0.7252568535538451,-0.2841796875,0.75244140625,0.26318359375,43.118235294117646,334.66133752935207
0.1356416015625,0.0532490234375,0.6882861328125001,0.7035423961592321,-0.11474609375,0.52880859375,0.1748046875,43.91823529411765,334.66133752935207
0.0750947265625,-0.0038798828124999,0.6975634765625001,0.7016046431446252,0.29248046875,0.04443359375,0.99853515625,43.25941176470588,334.66133752935207
0.0423798828125,-0.0502666015625,0.6765673828125001,0.6797545212689654,0.40966796875,-0.2294921875,1.4990234375,43.16529411764706,334.66133752935207
0.0291962890625,-0.0468486328125,0.6663134765625001,0.6685961910901279,0.41845703125,-0.3369140625,1.67578125,42.93,334.1180291490461
-0.0064482421875,-0.0785869140625,0.6794970703125001,0.6840568334959063,0.451171875,-0.265625,1.57470703125,42.97705882352941,334.1180291490461
-0.0372099609375,-0.0951884765625,0.6521533203125001,0.6601131573131066,0.48681640625,-0.20166015625,1.4794921875,42.69470588235294,334.1180291490461
-0.0313505859375,-0.1078837890625,0.6375048828125001,0.6473285462505775,0.3671875,-0.15283203125,1.35302734375,43.16529411764706,334.1180291490461
-0.0142607421875,-0.1020244140625,0.6287158203125001,0.6370996252892908,0.32177734375,-0.158203125,1.1328125,43.25941176470588,334.3312325475466
0.0082001953125,-0.1044658203125,0.6248095703125001,0.6335355948727882,0.3310546875,-0.142578125,0.7626953125,42.83588235294118,334.3312325475466
0.0150361328125,-0.1093486328125,0.6204150390625001,0.6301571466569601,0.3095703125,-0.04443359375,0.3798828125,43.25941176470588,334.3312325475466
0.0130830078125,-0.1030009765625,0.6365283203125001,0.6449408258329622,0.27978515625,0.01513671875,-0.01416015625,42.83588235294118,334.3312325475466
-0.0064482421875,-0.0863994140625,0.6511767578125001,0.6569152216936759,0.2431640625,0.0185546875,-0.35400390625,42.55352941176471,334.3312325475466
-0.0411162109375,-0.0707744140625,0.6575244140625001,0.6625993627947292,0.15673828125,0.04736328125,-0.51513671875,43.25941176470588,334.84293822042144
-0.0743193359375,-0.0629619140625,0.6770556640625001,0.6840262703695799,0.1279296875,0.12255859375,-0.65625,43.87117647058824,334.84293822042144
-0.1065458984375,-0.0707744140625,0.7180712890625001,0.7293746789789352,0.1123046875,0.302734375,-0.79296875,43.02411764705882,334.84293822042144
-0.1553740234375,-0.0785869140625,0.7566455078125001,0.7764209004875253,0.16259765625,0.43505859375,-0.7607421875,43.118235294117646,334.84293822042144
-0.1778349609375,-0.0844462890625,0.7961962890625001,0.8201737497536516,0.2578125,0.4541015625,-0.68359375,43.02411764705882,334.05333007053576
-0.2369169921875,-0.0898173828125,0.8460009765625001,0.8831276667544523,0.31884765625,0.3525390625,-0.361328125,43.16529411764706,334.05333007053576
-0.2193388671875,-0.1000712890625,0.8860400390625001,0.9182541872355404,0.43798828125,0.38671875,0.05126953125,43.16529411764706,334.05333007053576
-0.1890654296875,-0.1078837890625,0.9309619140625,0.9560725569120342,0.4541015625,0.43896484375,-0.0869140625,43.118235294117646,334.05333007053576
-0.1983427734375,-0.1445048828125,0.9705126953125,1.0010576450406177,0.521484375,0.47705078125,0.13818359375,43.25941176470588,334.05333007053576
-0.1543974609375,-0.1210673828125,1.0286181640625005,1.0471634134958707,0.51904296875,0.505859375,0.07177734375,43.25941176470588,333.7327947118882
-0.1500029296875,-0.1298564453125,1.0867236328125005,1.104686303625255,0.56640625,0.58740234375,-0.04833984375,42.97705882352941,333.7327947118882
-0.1177763671875,-0.1220439453125,1.1477587890625005,1.1602224938026078,0.6123046875,0.70556640625,-0.22607421875,43.25941176470588,333.7327947118882
-0.0992216796875,-0.1362041015625,1.1638720703125005,1.1760079485513533,0.68701171875,0.67138671875,-0.44677734375,43.25941176470588,333.7327947118882
-0.1036162109375,-0.1664775390625,1.1760791015625005,1.1923141965578572,0.73388671875,0.5712890625,-0.68408203125,42.93,333.7644042550341
-0.1646513671875,-0.1801494140625,1.1877978515625005,1.2126119001066529,0.71240234375,0.54541015625,-0.80126953125,43.16529411764706,333.7644042550341
-0.2398466796875,-0.1796611328125,1.2019580078125005,1.2387524389260285,0.6826171875,0.6552734375,-0.63427734375,43.25941176470588,333.7644042550341
-0.2847685546875,-0.1908916015625,1.2170947265625005,1.264457317078023,0.6181640625,0.86376953125,-0.392578125,42.55352941176471,333.7644042550341
-0.2955107421875,-0.2070048828125,1.2395556640625005,1.2909980110619266,0.56787109375,1.18896484375,-0.30029296875,42.97705882352941,333.7644042550341
-0.2842802734375,-0.2113994140625,1.3162158203125005,1.3630587191212915,0.51220703125,1.712890625,-0.4658203125,42.97705882352941,333.76588313760715
-0.2491240234375,-0.2109111328125,1.4260791015625005,1.46295860806492,0.37744140625,2.1884765625,-0.77978515625,43.353529411764704,333.76588313760715
-0.1856474609375,-0.1943095703125,1.4739306640625005,1.4982298860092509,0.265625,2.484375,-1.28466796875,42.55352941176471,333.76588313760715
-0.1114287109375,-0.1620830078125,1.7356494140625005,1.7467587548308554,0.24951171875,2.34912109375,-1.990234375,42.97705882352941,333.76588313760715
-0.0411162109375,-0.1127666015625,1.7810595703125005,1.7850994488351513,-0.099609375,1.78076171875,-2.71435546875,43.16529411764706,333.28583626949813
-0.0162138671875,-0.0712626953125,1.7366259765625005,1.7381631234449872,-0.28564453125,1.39697265625,-2.9287109375,43.118235294117646,333.28583626949813
0.0916962890625,-0.0248759765625,1.6287158203125005,1.631484675678565,-0.41064453125,1.0849609375,-2.3779296875,44.01235294117648,333.28583626949813
0.2157197265625,0.0346943359375,1.5271533203125005,1.5427041067929514,-0.39013671875,0.79541015625,-1.07763671875,43.73,333.28583626949813
0.3040986328125,0.1220966796875,1.4285205078125005,1.4656242420586618,-0.208984375,0.2314453125,0.4365234375,42.97705882352941,333.28583626949813
0.3143525390625,0.2114521484375,1.3377001953125005,1.390313397199702,0.13916015625,-0.2275390625,1.873046875,43.118235294117646,334.67089204710607
0.3119111328125,0.2622333984375,1.2522509765625005,1.3168854993241417,0.525390625,-0.60791015625,2.9912109375,42.97705882352941,334.67089204710607
0.3075166015625,0.2915302734375,1.1365283203125005,1.2129521768971134,0.7744140625,-0.77001953125,3.40380859375,43.25941176470588,334.67089204710607
0.2997041015625,0.2656513671875,1.0530322265625005,1.1266188652606302,0.6806640625,-0.484375,2.78515625,43.02411764705882,334.67089204710607
0.2582001953125,0.2041279296875,0.9998095703125,1.0525942852905787,0.3779296875,0.12451171875,1.41845703125,42.97705882352941,335.6105431018786
0.1864228515625,0.2021748046875,0.9851611328125,1.0228248084787204,-0.05810546875,0.7919921875,-0.6826171875,42.55352941176471,335.6105431018786
-0.0542998046875,0.0429951171875,1.0095751953125005,1.0119481824092282,-0.1171875,1.06298828125,-1.41796875,43.447647058823534,335.6105431018786
-0.1792998046875,-0.0863994140625,1.0071337890625005,1.0266117804616834,0.46240234375,1.0888671875,-0.95263671875,43.30647058823529,335.6105431018786
-0.1202177734375,-0.1269267578125,0.9329150390625,0.949153931145022,0.4599609375,0.87353515625,-0.65185546875,43.25941176470588,335.6105431018786
-0.0240263671875,-0.1542705078125,0.9543994140625,0.9670857756496052,0.330078125,0.75732421875,-1.08349609375,43.16529411764706,335.03409755978515
0.0331025390625,-0.2167705078125,0.8967822265625001,0.9232028991657624,0.2607421875,0.37890625,-1.396484375,43.25941176470588,335.03409755978515
0.0125947265625,-0.2548564453125,0.8396533203125001,0.8775694463495828,0.115234375,0.0390625,-1.22216796875,42.83588235294118,335.03409755978515
0.0082001953125,-0.2363017578125,0.7800830078125001,0.8151289855147084,0.06201171875,-0.3515625,-0.94677734375,43.777058823529416,335.03409755978515
-0.0186552734375,-0.1772197265625,0.7205126953125001,0.7422219309724004,-0.06396484375,-0.6552734375,-0.97314453125,43.25941176470588,334.9914536058858
-0.0499052734375,-0.1288798828125,0.6643603515625001,0.6785832574112657,-0.16455078125,-0.76025390625,-1.50439453125,42.97705882352941,334.9914536058858
-0.1104521484375,-0.1137431640625,0.6614306640625001,0.6801674116183222,-0.18994140625,-0.6923828125,-1.5751953125,43.777058823529416,334.9914536058858
-0.1075224609375,-0.0741923828125,0.6213916015625001,0.6349748906577816,-0.3984375,-0.32080078125,-1.75732421875,43.25941176470588,334.9914536058858
-0.1124052734375,-0.0800517578125,0.5828173828125001,0.5989318251135454,-0.455078125,-0.22119140625,-1.57080078125,43.73,334.9914536058858
-0.0958037109375,-0.0712626953125,0.5383837890625001,0.5514651639930602,-0.49462890625,-0.0703125,-1.18701171875,42.60058823529412,334.66941761857584
-0.0450224609375,-0.0507548828125,0.5134814453125001,0.5179442776963497,-0.46337890625,0.03564453125,-0.75927734375,43.16529411764706,334.66941761857584
-0.0220732421875,-0.0424541015625,0.5071337890625001,0.5093861587921636,-0.1318359375,0.60791015625,-0.4921875,42.97705882352941,334.66941761857584
-0.0040068359375,-0.0502666015625,0.4661181640625,0.4688378491929474,-0.3134765625,0.4638671875,0.0078125,43.25941176470588,334.66941761857584
-0.0274443359375,-0.0448955078125,0.4846728515625,0.4875208418503949,-0.263671875,0.58837890625,0.41943359375,42.97705882352941,334.75470370426
-0.0865263671875,-0.0483134765625,0.5266650390625001,0.5359077043735478,-0.19091796875,0.9560546875,0.75537109375,43.25941176470588,334.75470370426
-0.1446318359375,-0.0673564453125,0.5227587890625001,0.5465638208241368,-0.19677734375,1.1337890625,1.24560546875,43.02411764705882,334.75470370426
-0.1744169921875,-0.0829814453125,0.5139697265625001,0.5490647386716951,-0.1298828125,0.99853515625,1.91162109375,42.93,334.75470370426
-0.1402373046875,-0.0663798828125,0.5671923828125001,0.5880306025954241,-0.30517578125,0.80322265625,2.38037109375,43.16529411764706,334.75470370426
-0.1031279296875,-0.0439189453125,0.6418994140625001,0.6516126927959378,-0.39306640625,0.82470703125,2.34033203125,42.97705882352941,334.4767889512674
-0.1109404296875,-0.0439189453125,0.7229541015625001,0.7327341166225653,-0.49658203125,0.765625,2.197265625,43.16529411764706,334.4767889512674
-0.1456083984375,-0.0527080078125,0.8098681640625001,0.8245401039034189,-0.5849609375,0.7841796875,1.9501953125,42.97705882352941,334.4767889512674
-0.1817412109375,-0.0180400390625,0.8958056640625001,0.9142336126662932,-0.64208984375,0.814453125,1.49755859375,42.55352941176471,334.4767889512674
-0.2349638671875,-0.0126689453124999,0.9368212890625,0.9659206223597052,-0.62060546875,0.87451171875,1.17626953125,43.91823529411765,334.2569801284922
-0.2090849609375,0.0005146484375,1.0325244140625005,1.0534815856902102,-0.58935546875,1.05419921875,1.39990234375,43.02411764705882,334.2569801284922
-0.1119169921875,0.0386005859375,1.0852587890625005,1.0916968707532415,-0.61962890625,0.8623046875,1.41064453125,43.118235294117646,334.2569801284922
-0.0948271484375,0.0254169921875,1.1599658203125005,1.1641129308902547,-0.5693359375,0.46435546875,1.52099609375,43.25941176470588,334.2569801284922
-0.1207060546875,0.0410419921875,1.2068408203125005,1.2135564108575625,-0.48681640625,0.044921875,1.5751953125,43.16529411764706,334.2569801284922
-0.2017607421875,0.0610615234375,1.2224658203125005,1.240507391580104,-0.44091796875,0.05810546875,1.37109375,43.118235294117646,333.987153662962
-0.3126005859375,0.0967060546875,1.2918017578125005,1.332600078354026,-0.40625,0.568359375,0.7919921875,42.93,333.987153662962
-0.3951201171875,0.0952412109375,1.3694384765625005,1.428479099026978,-0.3583984375,1.18359375,0.69677734375,43.25941176470588,333.987153662962
-0.4590849609375,0.0952412109375,1.3425830078125005,1.4220966994148772,-0.26220703125,1.63427734375,0.90673828125,43.02411764705882,333.987153662962
-0.4634794921875,0.0776630859375,1.4714892578125005,1.5447088497361896,-0.07861328125,2.271484375,1.13525390625,43.25941176470588,333.923932528713
-0.3882841796875,-0.0038798828124999,1.7366259765625005,1.7795082017675252,0.107421875,2.40185546875,1.46875,43.02411764705882,333.923932528713
-0.2520537109375,-0.0678447265625,1.8167041015625005,1.8353603931527227,0.2265625,2.126953125,1.64013671875,43.30647058823529,333.923932528713
-0.0879912109375,-0.1142314453125,1.7957080078125005,1.801487864411628,0.34033203125,1.7109375,1.56201171875,43.87117647058824,333.923932528713
0.0785126953125,-0.1283916015625,1.6423876953125005,1.649268319101208,0.44580078125,1.2978515625,1.27734375,43.16529411764706,333.923932528713
0.2249970703125,-0.1410869140625,1.4993212890625005,1.5226600168143,0.56982421875,1.2978515625,0.6982421875,43.16529411764706,334.0834636084973
0.4549775390625,-0.1943095703125,1.4539111328125005,1.5357793957084216,0.62548828125,1.4541015625,-0.13818359375,43.25941176470588,334.0834636084973
0.5540986328125,-0.2812236328125,1.3982470703125005,1.5301002895805331,0.701171875,0.72265625,-1.03564453125,43.118235294117646,334.0834636084973
0.5350556640625,-0.4130595703125,1.3225634765625005,1.485286814662137,0.533203125,-0.2197265625,-1.90966796875,43.02411764705882,334.0834636084973
0.4349580078125,-0.5370830078125,1.1770556640625005,1.3649566521112508,0.0576171875,-1.056640625,-2.78466796875,42.97705882352941,335.33113840697297
0.3387666015625,-0.6132548828125,1.1145556640625005,1.316464465878734,-0.47119140625,-1.91943359375,-3.10986328125,43.25941176470588,335.33113840697297
0.2152314453125,-0.6401103515625,1.0852587890625005,1.278222389283719,-0.71142578125,-3.10009765625,-2.16845703125,43.87117647058824,335.33113840697297
0.0189423828125,-0.5844462890625,1.1853564453125005,1.3217436139847354,-0.72607421875,-3.8046875,-0.42919921875,43.25941176470588,335.33113840697297
-0.0997099609375,-0.3901103515625,1.2024462890625005,1.2680714651732186,-0.5849609375,-3.4521484375,0.578125,42.60058823529412,335.33113840697297
-0.2383818359375,-0.2485087890625,1.2273486328125005,1.2747420070010076,-0.6611328125,-2.1025390625,0.92822265625,43.02411764705882,335.33113840697297
-0.2461943359375,-0.0981181640625,1.1751025390625005,1.2046181147890136,-0.89892578125,-0.5,0.5791015625,42.97705882352941,335.33113840697297
-0.2066435546875,0.0283466796875,1.1008837890625005,1.1204687456434468,-0.8388671875,0.23681640625,0.185546875,43.91823529411765,335.33113840697297
-0.1402373046875,0.0713154296875,1.0437548828125005,1.0555456634046978,-0.61083984375,0.3623046875,0.22705078125,43.118235294117646,335.33113840697297
-0.1221708984375,0.0429951171875,0.9041064453125,0.9133360679304182,-0.275390625,-0.1298828125,1.484375,42.83588235294118,334.4341468418056
0.0072236328125,0.0473896484375,0.7654345703125001,0.7669341830167183,-0.0869140625,-1.08740234375,2.72509765625,43.16529411764706,334.4341468418056
0.1097626953125,0.0581318359375,0.6780322265625001,0.6893147756207105,-0.0205078125,-1.4892578125,3.07568359375,43.02411764705882,334.4341468418056
0.0941376953125,0.0024677734375,0.6277392578125001,0.6347633979550776,-0.02197265625,-1.57177734375,2.87109375,43.25941176470588,334.4341468418056
0.0223603515625,-0.0497783203125,0.5715869140625001,0.5741859166007334,0.1181640625,-1.40966796875,2.8779296875,43.16529411764706,334.4341468418056
0.0086884765625,-0.0585673828125,0.5017626953125001,0.5052439315437127,0.1552734375,-1.302734375,2.75341796875,42.93,334.701031318122
-0.0123076171875,-0.0722392578125,0.4543994140625,0.4602703719668237,0.19482421875,-1.033203125,2.5009765625,42.97705882352941,334.701031318122
-0.0147490234375,-0.0717509765625,0.4460986328125,0.4520727004887754,0.28662109375,-0.87109375,2.20068359375,44.01235294117648,334.701031318122
-0.0245146484375,-0.0810283203125,0.4226611328125,0.4310556691090202,0.34521484375,-0.56005859375,1.880859375,43.25941176470588,334.701031318122
-0.0337919921875,-0.1117900390625,0.4182666015625,0.4342647367128012,0.3486328125,-0.45654296875,1.61767578125,43.16529411764706,334.7326452145224
-0.0870146484375,-0.1640361328125,0.4299853515625,0.4683661008966262,0.4091796875,-0.26318359375,1.65283203125,43.16529411764706,334.7326452145224
-0.1070341796875,-0.1591533203125,0.4524462890625,0.4914201252231095,0.41796875,-0.142578125,1.8310546875,43.118235294117646,334.7326452145224
-0.0635771484375,-0.1279033203125,0.4954150390625,0.5155941951571064,0.3505859375,-0.0009765625,1.587890625,43.16529411764706,334.7326452145224
-0.0215849609375,-0.0693095703125,0.5667041015625001,0.5713346355712536,0.25,0.37353515625,0.72705078125,42.788823529411765,334.7326452145224
-0.0440458984375,-0.0395244140625,0.5862353515625001,0.5892148232162515,0.09716796875,0.7177734375,-0.23974609375,42.69470588235294,334.7341191321898
-0.0972685546875,-0.0204814453125,0.6565478515625001,0.6640299260759404,0.12744140625,0.9345703125,-0.939453125,42.74176470588235,334.7341191321898
-0.1417021484375,-0.0380595703125,0.7590869140625001,0.7731370983629648,0.14306640625,1.24072265625,-1.11083984375,43.118235294117646,334.7341191321898
-0.1919951171875,-0.0668681640625,0.8220751953125001,0.8468418406863328,0.29736328125,0.9677734375,-0.607421875,42.55352941176471,334.7341191321898
-0.1500029296875,-0.0785869140625,0.9265673828125,0.9419150157358708,0.36083984375,0.93505859375,-0.0400390625,43.02411764705882,333.99522915657
-0.0938505859375,-0.0898173828125,1.0227587890625005,1.030975574560664,0.49169921875,0.70947265625,-0.0830078125,43.25941176470588,333.99522915657
-0.1099638671875,-0.1083720703125,1.1599658203125005,1.1701953947969117,0.619140625,0.31494140625,-0.01904296875,43.16529411764706,333.99522915657
-0.0743193359375,-0.1156962890625,1.2903369140625005,1.2976433819772522,0.7734375,0.02099609375,-0.3349609375,43.118235294117646,333.99522915657
-0.0938505859375,-0.1464580078125,1.3860400390625005,1.3969126208956648,1.01123046875,-0.0302734375,-0.96826171875,43.25941176470588,333.99522915657
-0.1436552734375,-0.1718486328125,1.4065478515625005,1.4242702162584928,1.17236328125,0.216796875,-1.6591796875,43.16529411764706,332.9829358559357
-0.2584013671875,-0.2377666015625,1.3835986328125005,1.4274625739764844,1.232421875,0.23193359375,-1.61767578125,43.68294117647059,332.9829358559357
-0.2886748046875,-0.2489970703125,1.3557666015625005,1.408345043587652,1.16650390625,0.3916015625,-0.91943359375,43.02411764705882,332.9829358559357
-0.3506865234375,-0.2651103515625,1.3552783203125005,1.424796077245914,1.02099609375,0.5908203125,-0.29052734375,43.777058823529416,332.9829358559357
-0.3453154296875,-0.2529033203125,1.3606494140625005,1.426383420891443,1.04541015625,0.599609375,0.34716796875,43.25941176470588,332.6087620445045
-0.3331083984375,-0.2738994140625,1.3337939453125005,1.4017804331226993,0.865234375,0.0732421875,0.7958984375,43.25941176470588,332.6087620445045
-0.3589873046875,-0.2475322265625,1.5442431640625005,1.6046280060710478,1.27587890625,0.8974609375,0.66015625,43.91823529411765,332.6087620445045
-0.2540068359375,-0.1962626953125,1.6834033203125005,1.7137343017846898,1.30126953125,2.60888671875,-0.5341796875,43.25941176470588,332.6087620445045
-0.0826201171875,-0.1689189453125,1.7410205078125005,1.7511459397986393,0.8896484375,3.18505859375,-2.27001953125,43.73,332.6087620445045
0.0560517578125,-0.1708720703125,1.7087939453125005,1.7182304302692963,0.54150390625,2.6767578125,-3.05517578125,43.25941176470588,333.1314240225578
0.2093720703125,-0.1611064453125,1.5906298828125005,1.612419106387753,0.1875,2.1396484375,-2.98828125,43.02411764705882,333.1314240225578
0.3641572265625,-0.0712626953125,1.4695361328125005,1.5156600222485297,-0.0166015625,1.94970703125,-2.416015625,43.02411764705882,333.1314240225578
0.4198212890625,-0.0024150390624999,1.3777392578125005,1.440285114024828,0.04150390625,1.50732421875,-1.01025390625,42.83588235294118,333.1314240225578
0.3734345703125,0.0586201171875,1.3040087890625005,1.3576923872497062,0.21484375,1.10791015625,0.232421875,42.97705882352941,334.4532559298107
0.3685517578125,0.1113544921875,1.2556689453125005,1.3133677022598151,0.28515625,0.8046875,0.81396484375,44.01235294117648,334.4532559298107
0.3739228515625,0.1426044921875,1.1970751953125005,1.2621978305103947,0.42578125,0.12548828125,0.9443359375,43.73,334.4532559298107
0.3456025390625,0.2051044921875,1.1619189453125005,1.22945703593011,0.5693359375,-0.4853515625,0.69873046875,43.118235294117646,334.4532559298107
0.2523408203125,0.2910419921875,1.1692431640625005,1.2310608870073572,0.59716796875,-0.84814453125,0.42041015625,42.55352941176471,334.4532559298107
0.1317353515625,0.3193623046875,1.0935595703125005,1.1468299866713754,0.5126953125,-0.80908203125,0.3818359375,42.97705882352941,336.15099424326485
0.0833955078125,0.2427021484375,1.1570361328125005,1.1851547393539752,0.40478515625,-0.42626953125,0.0712890625,43.02411764705882,336.15099424326485
-0.0010771484374999,0.1157490234375,1.1692431640625005,1.1749589666802744,0.36669921875,0.2236328125,-0.47998046875,42.97705882352941,336.15099424326485
-0.1114287109375,-0.0766337890625,1.1228564453125005,1.1309711278485814,0.4453125,0.79296875,-0.513671875,42.55352941176471,336.15099424326485
-0.1539091796875,-0.1850322265625,1.1565478515625005,1.1813246350654805,0.744140625,1.14453125,0.2294921875,43.16529411764706,336.0120192802868
-0.0181669921875,-0.2333720703125,1.0295947265625005,1.0558682984976833,0.671875,0.8828125,0.6669921875,42.93,336.0120192802868
0.1004853515625,-0.2353251953125,1.0007861328125005,1.0329802210387695,0.5244140625,0.64453125,0.025390625,42.788823529411765,336.0120192802868
0.1297822265625,-0.3031962890625,0.8948291015625001,0.9536721328821254,0.50244140625,0.2490234375,-0.515625,43.25941176470588,336.0120192802868
0.1092744140625,-0.3095439453125,0.7952197265625001,0.860309691426563,0.091796875,-0.435546875,-0.7275390625,43.02411764705882,336.0120192802868
-0.0010771484374999,-0.2807353515625,0.7937548828125001,0.8419384252155039,-0.02783203125,-0.70947265625,-0.626953125,43.02411764705882,335.2318760455988
0.0116181640625,-0.1933330078125,0.6487353515625001,0.6770304203009876,-0.2333984375,-1.1064453125,-0.458984375,43.16529411764706,335.2318760455988
-0.0118193359375,-0.1396220703125,0.6433642578125001,0.6584463436385544,-0.42724609375,-1.03955078125,-0.56396484375,42.93,335.2318760455988
-0.0640654296875,-0.1088603515625,0.5989306640625001,0.6121052979493826,-0.53466796875,-0.74658203125,-0.845703125,42.93,335.2318760455988
-0.0997099609375,-0.0903056640625,0.5740283203125001,0.5895809544012739,-0.57763671875,-0.11572265625,-0.82080078125,43.16529411764706,334.9899804135608
-0.1006865234375,-0.0790751953125,0.5164111328125001,0.532044284442874,-0.62451171875,0.216796875,-0.6455078125,43.25941176470588,334.9899804135608
-0.1011748046875,-0.0683330078125,0.4866259765625,0.5017076660024877,-0.6171875,0.3798828125,-0.36865234375,43.118235294117646,334.9899804135608
-0.0904326171875,-0.0380595703125,0.4583056640625,0.4686903784541797,-0.60205078125,0.40380859375,0.009765625,43.25941176470588,334.9899804135608
-0.0669951171875,-0.0292705078125,0.4446337890625,0.4506043882727334,-0.55810546875,0.3857421875,0.39990234375,42.93,334.9899804135608
-0.0562529296875,-0.0322001953125,0.4529345703125,0.4575488713359033,-0.4150390625,0.42041015625,0.90478515625,43.25941176470588,335.25540546068424
-0.0459990234375,-0.0199931640625,0.4402392578125,0.4430871707528154,-0.30517578125,0.43896484375,1.22216796875,42.93,335.25540546068424
-0.0420927734375,-0.0155986328124999,0.4617236328125,0.463900670422939,-0.24560546875,0.48779296875,1.35546875,43.91823529411765,335.25540546068424
-0.0342802734375,-0.0146220703124999,0.5017626953125001,0.5031448543853333,-0.177734375,0.55810546875,1.41357421875,43.02411764705882,335.25540546068424
-0.0313505859375,-0.0287822265625,0.5481494140625001,0.5497991050752827,-0.05615234375,0.81103515625,1.50927734375,43.16529411764706,335.01865075984426
-0.0606474609375,-0.0268291015625,0.5461962890625001,0.5502075075773346,-0.03857421875,0.82666015625,1.6943359375,42.83588235294118,335.01865075984426
-0.0953154296875,-0.0199931640625,0.5969775390625001,0.6048693577053326,-0.08154296875,0.75732421875,1.77587890625,43.118235294117646,335.01865075984426
-0.1158232421875,-0.0199931640625,0.6575244140625001,0.6679469328683891,-0.09228515625,0.47119140625,1.7880859375,43.118235294117646,335.01865075984426
-0.1495146484375,-0.0170634765625,0.7380908203125001,0.7532754153424679,-0.13330078125,0.4873046875,1.81689453125,44.01235294117648,335.01865075984426
-0.1607451171875,-0.0033916015624999,0.8254931640625001,0.8410050294586231,-0.17626953125,0.4609375,1.69580078125,42.97705882352941,334.6458852399577
-0.1944365234375,0.0058857421875,0.8923876953125001,0.9133433102359236,-0.37255859375,0.33056640625,1.45361328125,42.60058823529412,334.6458852399577
-0.2466826171875,0.0112568359375,0.9705126953125,1.0014359299228943,-0.27099609375,0.25927734375,1.34228515625,42.60058823529412,334.6458852399577
-0.2696318359375,0.0078388671875,1.0540087890625005,1.0879785394072847,-0.341796875,0.2333984375,1.24169921875,43.25941176470588,334.6458852399577
-0.2559599609375,0.0171162109375,1.1350634765625005,1.163691351736419,-0.376953125,0.19384765625,1.15087890625,43.447647058823534,334.112122220318
-0.2198271484375,0.0293232421875,1.2273486328125005,1.247224315906831,-0.37841796875,0.171875,1.01220703125,43.353529411764704,334.112122220318
-0.1802763671875,0.0610615234375,1.2918017578125005,1.305748773577175,-0.30859375,0.1875,0.67529296875,43.02411764705882,334.112122220318
-0.2159208984375,0.0674091796875,1.3396533203125005,1.3586157847281568,-0.22412109375,0.3583984375,0.4921875,43.91823529411765,334.112122220318
-0.2886748046875,0.0932880859375,1.3562548828125005,1.389770886510434,-0.18701171875,0.6474609375,0.43505859375,43.118235294117646,334.112122220318
-0.3643583984375,0.1245380859375,1.3987353515625005,1.4507678522325986,-0.126953125,1.01416015625,0.50927734375,43.02411764705882,333.9636179997436
-0.4410185546875,0.1040302734375,1.4099658203125005,1.4809872645703723,0.04052734375,1.33154296875,0.74072265625,43.118235294117646,333.9636179997436
-0.4581083984375,0.0361591796875,1.4568408203125005,1.5275981037967554,0.12158203125,1.8564453125,1.30712890625,42.97705882352941,333.9636179997436
-0.4097685546875,0.0014912109375,1.5745166015625005,1.626964972184917,0.24951171875,2.12939453125,1.8046875,43.02411764705882,333.9636179997436
-0.2901396484375,-0.0068095703124999,1.7302783203125005,1.754448760034537,0.20361328125,2.21630859375,1.74072265625,43.16529411764706,333.5703113397502
-0.2559599609375,-0.0947001953125,1.7268603515625005,1.7482935401110176,0.40576171875,1.91943359375,1.6376953125,42.55352941176471,333.5703113397502
-0.1900419921875,-0.1288798828125,1.7200244140625005,1.735283829222011,0.4130859375,2.04443359375,1.44140625,43.25941176470588,333.5703113397502
-0.0147490234375,-0.1840556640625,1.6033251953125005,1.613922458821896,0.29833984375,1.81787109375,1.19921875,43.25941176470588,333.5703113397502
0.2088837890625,-0.2055400390625,1.4534228515625005,1.482672293676182,0.15625,1.54931640625,0.78466796875,43.16529411764706,333.5703113397502
0.3578095703125,-0.2148173828125,1.3430712890625005,1.406419099724415,0.076171875,1.03662109375,0.5595703125,43.16529411764706,333.90994848798374
0.4017548828125,-0.2143291015625,1.2459033203125005,1.326506326108544,0.0576171875,0.5595703125,-0.01953125,42.97705882352941,333.90994848798374
0.3607392578125,-0.2602275390625,1.1614306640625005,1.243693037545157,0.10888671875,0.1826171875,-1.34716796875,43.447647058823534,333.90994848798374
0.2953095703125,-0.3461650390625,1.0891650390625005,1.180389113344965,0.009765625,-0.07421875,-2.1767578125,42.97705882352941,333.90994848798374
0.2787080078125,-0.4023173828125,1.0579150390625005,1.165642166364328,-0.123046875,-0.3642578125,-2.8740234375,42.55352941176471,335.01865075984426
0.2254853515625,-0.4599345703125,1.0461962890625005,1.1648648539577262,-0.3408203125,-0.77783203125,-3.1357421875,44.01235294117648,335.01865075984426
0.1004853515625,-0.4780009765625,1.0476611328125005,1.1559308321345676,-0.501953125,-1.29052734375,-2.412109375,43.118235294117646,335.01865075984426
0.0135712890625,-0.5278056640625,1.0398486328125005,1.1662110349612116,-0.56787109375,-1.4267578125,-1.173828125,42.97705882352941,335.01865075984426
-0.0557646484375,-0.2690166015625,0.9993212890625,1.0363988936240387,-0.64111328125,-1.58447265625,-0.4501953125,43.02411764705882,335.01865075984426
-0.1597685546875,-0.1752666015625,0.9915087890625,1.019477342307511,-0.6904296875,-1.205078125,-0.11376953125,43.118235294117646,335.1701152417345
-0.1294951171875,-0.0624736328125,0.9817431640625,0.9922154908867552,-0.65966796875,-0.66796875,-0.1279296875,43.16529411764706,335.1701152417345
-0.1260771484375,0.0390888671875,0.9866259765625,0.9954165984772608,-0.51708984375,0.0166015625,0.33740234375,43.25941176470588,335.1701152417345
-0.0601591796875,0.0727802734375,0.8860400390625001,0.8910572629882924,-0.05029296875,-0.27392578125,0.685546875,42.60058823529412,335.1701152417345
0.0243134765625,0.1035419921875,0.8108447265625001,0.8177904743165739,-0.19384765625,-0.4208984375,0.8662109375,42.97705882352941,334.0694812794133
-0.0601591796875,0.0771748046875,0.7283251953125001,0.7348691499214115,0.15185546875,-1.16748046875,1.9462890625,42.55352941176471,334.0694812794133
-0.0411162109375,0.0478779296875,0.6609423828125001,0.6639485464634165,0.17919921875,-1.33203125,2.4423828125,42.60058823529412,334.0694812794133
-0.0513701171875,0.0200458984375,0.6472705078125001,0.6496151455037634,0.09521484375,-1.23291015625,2.638671875,43.25941176470588,334.0694812794133
-0.0669951171875,-0.0263408203125,0.6160205078125001,0.6202124237608214,0.15234375,-1.1337890625,2.72802734375,43.87117647058824,334.0694812794133
-0.0591826171875,-0.0424541015625,0.5754931640625001,0.5800838860021099,0.23046875,-0.96923828125,2.517578125,43.25941176470588,334.35989242633184
-0.0381865234375,-0.0707744140625,0.5393603515625001,0.5453226724571029,0.22900390625,-0.70703125,2.076171875,42.97705882352941,334.35989242633184
-0.0298857421875,-0.0888408203125,0.5193408203125001,0.5277316899549961,0.2275390625,-0.501953125,1.6640625,43.16529411764706,334.35989242633184
-0.0181669921875,-0.0849345703125,0.5110400390625001,0.5183684426779,0.24755859375,-0.380859375,1.3681640625,43.73,334.35989242633184
0.0042939453125,-0.0907939453125,0.4988330078125,0.507046692282892,0.2568359375,-0.2841796875,0.80810546875,42.60058823529412,334.5289859881592
0.0165009765625,-0.1025126953125,0.4827197265625,0.4937605384600155,0.23583984375,-0.08642578125,0.3876953125,43.02411764705882,334.5289859881592
0.0179658203125,-0.0883525390625,0.5042041015625001,0.5122018331583161,0.17578125,0.169921875,0.12890625,42.93,334.5289859881592
-0.0127958984375,-0.0756572265625,0.5339892578125001,0.5394740757507231,0.14794921875,0.42626953125,-0.048828125,42.55352941176471,334.5289859881592
-0.0494169921875,-0.0580791015625,0.5833056640625001,0.5882692571285371,-0.02001953125,0.75341796875,-0.3095703125,43.87117647058824,334.5289859881592
-0.1163115234375,-0.0507548828125,0.6199267578125001,0.6327824378612138,0.02783203125,0.84814453125,-0.37939453125,42.97705882352941,334.4010590942397
-0.1729521484375,-0.0326884765625,0.6936572265625001,0.7156405034034222,0.2783203125,0.86376953125,-0.27099609375,43.25941176470588,334.4010590942397
-0.2222685546875,-0.0737041015625,0.8020556640625001,0.8355410781312571,0.4833984375,1.00439453125,-0.1923828125,43.16529411764706,334.4010590942397
-0.2334990234375,-0.0820048828125,0.8806689453125001,0.914781059045928,0.54443359375,0.92578125,-0.15576171875,43.02411764705882,334.4010590942397
-0.2417998046875,-0.0854228515625,0.9270556640625,0.9618713081209694,0.58837890625,0.68017578125,-0.43408203125,43.16529411764706,333.64455952293065
-0.2203154296875,-0.1098369140625,0.9968798828125,1.02682643957264,0.68408203125,0.4853515625,-0.4375,43.777058823529416,333.64455952293065
-0.1749052734375,-0.0981181640625,1.0906298828125005,1.108915041866982,0.64111328125,0.12841796875,-0.40673828125,43.777058823529416,333.64455952293065
-0.1680693359375,-0.0839580078125,1.2122119140625005,1.226684137564918,0.748046875,-0.123046875,-0.24853515625,43.16529411764706,333.64455952293065
-0.1158232421875,-0.0873759765625,1.2771533203125005,1.2853677249317872,0.80029296875,-0.03466796875,-0.4033203125,42.69470588235294,333.64455952293065
-0.0992216796875,-0.1562236328125,1.3318408203125005,1.3446377712305335,0.87890625,0.220703125,-0.68994140625,43.25941176470588,332.6830030500652
-0.1329130859375,-0.2280009765625,1.3557666015625005,1.3812144698196636,0.9228515625,0.3984375,-1.01513671875,43.02411764705882,332.6830030500652
-0.2457060546875,-0.2587626953125,1.3523486328125005,1.3986337699574272,0.908203125,0.50341796875,-1.00048828125,43.02411764705882,332.6830030500652
-0.3443388671875,-0.2250712890625,1.3757861328125005,1.4359713868512147,0.87451171875,0.91845703125,-0.72900390625,43.25941176470588,332.6830030500652
-0.4209990234375,-0.2597392578125,1.3508837890625005,1.4386075459749872,0.82275390625,1.0947265625,0.03662109375,43.25941176470588,332.83296868615287
-0.4170927734375,-0.2245830078125,1.3577197265625005,1.4379870531228178,0.70703125,1.3701171875,0.19384765625,42.69470588235294,332.83296868615287
-0.4415068359375,-0.2035869140625,1.4177783203125005,1.4988232995604147,0.6845703125,1.955078125,0.58349609375,43.25941176470588,332.83296868615287
-0.3897490234375,-0.1640361328125,1.5447314453125005,1.6015640456365807,0.64111328125,2.5419921875,0.50830078125,43.16529411764706,332.83296868615287
-0.1646513671875,-0.1064189453125,1.6736376953125005,1.685081066242534,0.5595703125,2.5166015625,-0.134765625,42.97705882352941,332.83296868615287
0.0848603515625,-0.0697978515625,1.6741259765625005,1.677727869695022,0.38916015625,1.8701171875,-0.841796875,43.25941176470588,332.4397069062497
0.1483369140625,-0.0717509765625,1.5706103515625005,1.579230483224833,0.115234375,1.19580078125,-1.390625,43.118235294117646,332.4397069062497
0.1488251953125,-0.0488017578125,1.4583056640625005,1.4666921831666533,-0.1494140625,1.0341796875,-1.5302734375,43.25941176470588,332.4397069062497
0.1825166015625,0.0215107421875,1.3577197265625005,1.3701014114919858,-0.291015625,1.05517578125,-1.1044921875,43.87117647058824,332.4397069062497
0.2743134765625,0.1040302734375,1.2766650390625005,1.3099403815364048,-0.32666015625,0.96630859375,-0.2451171875,42.60058823529412,334.37752613502494
0.2977509765625,0.1821552734375,1.2400439453125005,1.2882333538576014,-0.15087890625,0.57666015625,1.22021484375,43.25941176470588,334.37752613502494
0.3563447265625,0.2383076171875,1.2102587890625005,1.283938636018683,0.064453125,0.09521484375,2.23828125,43.25941176470588,334.37752613502494
0.3929658203125,0.2646748046875,1.1458056640625005,1.239897377998659,0.29736328125,-0.7158203125,2.52197265625,43.25941176470588,334.37752613502494
0.3236298828125,0.3344990234375,1.1184619140625005,1.2114383809910538,0.55712890625,-1.392578125,2.080078125,43.16529411764706,334.37752613502494
0.2303681640625,0.3257099609375,1.1028369140625005,1.1727769304886302,0.6318359375,-1.5,1.1064453125,42.97705882352941,335.97599765275334
0.1332001953125,0.2890888671875,1.0535205078125005,1.1005544627798065,0.337890625,-0.8779296875,0.21533203125,43.25941176470588,335.97599765275334
0.0208955078125,0.3310810546875,1.1204150390625005,1.168495248932213,-0.10888671875,-0.40673828125,-1.236328125,43.02411764705882,335.97599765275334
-0.2393583984375,-0.0497783203125,1.1721728515625005,1.1973969759506922,0.43505859375,0.56689453125,-1.09814453125,43.25941176470588,335.97599765275334
-0.2183623046875,-0.1518291015625,1.1096728515625005,1.1410994740532323,0.56787109375,0.86669921875,-0.68212890625,43.02411764705882,335.7105472502523
-0.0835966796875,-0.1913798828125,1.0637744140625005,1.0840805636179058,0.3681640625,0.88037109375,-0.63037109375,43.16529411764706,335.7105472502523
0.0052705078125,-0.2172587890625,1.0735400390625005,1.0953161074081856,0.39013671875,0.62353515625,-1.3271484375,43.16529411764706,335.7105472502523
0.0892548828125,-0.2592509765625,0.9099658203125,0.9503763975875476,0.2138671875,-0.3466796875,-1.6357421875,43.118235294117646,335.7105472502523
0.1205048828125,-0.2421611328125,0.8279345703125001,0.8709989057084009,0.119140625,-0.97900390625,-1.7333984375,44.01235294117648,335.7105472502523
0.1053681640625,-0.1933330078125,0.7322314453125001,0.7646195076063407,-0.0029296875,-1.375,-1.68505859375,43.353529411764704,335.1024691284062
0.0555634765625,-0.1469462890625,0.6863330078125001,0.7040834534413549,-0.19140625,-1.36376953125,-1.70361328125,43.118235294117646,335.1024691284062
0.0018525390625,-0.1098369140625,0.6409228515625001,0.6502689299411111,-0.27685546875,-1.28564453125,-1.6708984375,42.93,335.1024691284062
-0.0494169921875,-0.0771220703125,0.6052783203125001,0.6121696642977885,-0.32568359375,-1.02294921875,-1.69482421875,43.777058823529416,335.1024691284062
-0.0748076171875,-0.0771220703125,0.5769580078125001,0.5868769343717017,-0.40283203125,-0.7294921875,-1.6708984375,43.16529411764706,334.9965925546249
-0.0938505859375,-0.0741923828125,0.5457080078125001,0.558667765258473,-0.451171875,-0.36279296875,-1.453125,42.60058823529412,334.9965925546249
-0.0801787109375,-0.0683330078125,0.5017626953125001,0.5127024751759709,-0.53662109375,-0.1806640625,-1.11865234375,42.55352941176471,334.9965925546249
-0.0616240234375,-0.0541728515625,0.4661181640625,0.4732846511139295,-0.6455078125,-0.0419921875,-0.83447265625,43.02411764705882,334.9965925546249
-0.0811552734375,-0.0458720703125,0.4627001953125,0.4719977711639071,-0.59228515625,0.0537109375,-0.45068359375,42.60058823529412,334.9965925546249
-0.0655302734375,-0.0263408203125,0.4475634765625,0.4531016675143013,-0.62109375,-0.12353515625,-0.03466796875,43.02411764705882,334.8480736228964
-0.0665068359375,-0.0292705078125,0.4714892578125,0.4770555964314865,-0.60986328125,-0.14501953125,0.3955078125,43.02411764705882,334.8480736228964
-0.0577177734375,-0.0356181640625,0.5198291015625001,0.5242349566874015,-0.62255859375,-0.17822265625,0.896484375,42.69470588235294,334.8480736228964
-0.0386748046875,-0.0356181640625,0.5574267578125001,0.55990087020307,-0.310546875,-0.14404296875,1.302734375,43.16529411764706,334.8480736228964
-0.0513701171875,-0.0409892578125,0.6145556640625001,0.618059602649435,-0.1064453125,0.05712890625,1.4697265625,42.97705882352941,334.8796885231462
-0.1031279296875,-0.0658916015625,0.6931689453125001,0.7038893803601137,0.23291015625,0.54443359375,1.74072265625,43.91823529411765,334.8796885231462
-0.1285185546875,-0.0815166015625,0.7170947265625001,0.733066724175235,0.27197265625,0.70361328125,1.892578125,43.118235294117646,334.8796885231462
-0.1451201171875,-0.0658916015625,0.7991259765625001,0.8148643310306043,0.0322265625,0.974609375,1.91357421875,43.25941176470588,334.8796885231462
-0.1446318359375,-0.0253642578125,0.8918994140625001,0.9039061225293596,-0.2216796875,0.984375,1.6064453125,43.30647058823529,334.8796885231462
-0.1900419921875,-0.0014384765624999,0.9968798828125,1.01483374439643,-0.45556640625,0.7783203125,1.22119140625,43.16529411764706,334.2496001708431
-0.2037138671875,0.0488544921875,1.1028369140625005,1.1225575085982382,-0.70263671875,0.39794921875,0.8037109375,42.55352941176471,334.2496001708431
-0.2266630859375,0.0180927734375,1.2156298828125005,1.2367131902604194,-0.69970703125,0.12939453125,0.94091796875,42.97705882352941,334.2496001708431
-0.1666044921875,0.0058857421875,1.2927783203125005,1.3034828285206377,-0.86962890625,-0.41796875,1.0751953125,43.16529411764706,334.2496001708431
-0.1099638671875,0.0102802734375,1.3684619140625005,1.3729114124182893,-0.869140625,-0.78857421875,1.0283203125,43.73,333.9415594870188
-0.1255888671875,0.0459248046875,1.4163134765625005,1.42261221530661,-0.76708984375,-0.81103515625,0.6943359375,43.16529411764706,333.9415594870188
-0.2310576171875,0.0600849609375,1.3948291015625005,1.4151134398191825,-0.61865234375,-0.49462890625,0.529296875,43.02411764705882,333.9415594870188
-0.3418974609375,0.1137958984375,1.3528369140625005,1.400003962975411,-0.455078125,-0.19091796875,0.5302734375,42.60058823529412,333.9415594870188
-0.4234404296875,0.1343037109375,1.3503955078125005,1.4215861956932825,-0.40380859375,0.24072265625,0.677734375,43.16529411764706,333.9415594870188
-0.4175810546875,0.1240498046875,1.3611376953125005,1.429145939670808,-0.3525390625,0.63525390625,0.73681640625,44.01235294117648,333.8893669742233
-0.3873076171875,0.0840107421875,1.3792041015625005,1.4350153131242809,-0.2822265625,1.27685546875,1.0166015625,43.353529411764704,333.8893669742233
-0.3365263671875,0.0434833984375,1.4763720703125005,1.5148647767213117,-0.2275390625,1.7431640625,1.26220703125,43.447647058823534,333.8893669742233
-0.2984404296875,-0.0224345703125,1.5671923828125005,1.5955130725765578,-0.24951171875,2.17431640625,1.71337890625,43.777058823529416,333.8893669742233
-0.2232451171875,-0.1117900390625,1.6365283203125005,1.6554637834656816,0.103515625,2.3857421875,2.4697265625,42.97705882352941,334.0062584142999
-0.0113310546875,-0.1991923828125,1.6331103515625005,1.645252387493009,0.11474609375,2.3583984375,3.24072265625,43.118235294117646,334.0062584142999
0.2206025390625,-0.2392314453125,1.5974658203125005,1.6302742750021602,0.0625,1.9169921875,3.46728515625,43.91823529411765,334.0062584142999
0.4002900390625,-0.2201884765625,1.5071337890625005,1.5748547040020744,0.09716796875,1.17626953125,3.005859375,43.25941176470588,334.0062584142999
0.5194306640625,-0.2250712890625,1.3460009765625005,1.4601999619353063,0.1884765625,0.29150390625,1.91015625,42.55352941176471,334.0062584142999
0.5394501953125,-0.2944072265625,1.2390673828125005,1.38310162584849,0.001953125,-0.619140625,0.39599609375,43.25941176470588,334.72969869733095
0.4588837890625,-0.4242900390625,1.1199267578125005,1.2825101605743456,-0.03125,-1.5361328125,-0.6396484375,43.02411764705882,334.72969869733095
0.3753876953125,-0.5097392578125,1.0315478515625005,1.2103061607752308,-0.36962890625,-2.548828125,-1.38525390625,43.353529411764704,334.72969869733095
0.2708955078125,-0.5707744140625,0.9988330078125,1.1818778216876515,-0.6953125,-4.1015625,-1.68505859375,43.87117647058824,334.72969869733095
0.0614228515625,-0.5658916015625,1.0315478515625005,1.1781753016746914,-0.79052734375,-5.4111328125,-0.91162109375,43.25941176470588,336.10541122591025
-0.1084990234375,-0.4360087890625,1.0798876953125005,1.1696294869376296,-0.82861328125,-5.560546875,0.35888671875,43.16529411764706,336.10541122591025
-0.1651396484375,-0.2353251953125,1.0994189453125005,1.1363850880520114,-0.7138671875,-4.42236328125,0.83642578125,43.16529411764706,336.10541122591025
-0.1426787109375,-0.0956767578125,1.0325244140625005,1.046717689816795,-0.8916015625,-2.6962890625,0.416015625,43.02411764705882,336.10541122591025
-0.0943388671875,0.0332294921875,1.0134814453125005,1.018404959240662,-1.13427734375,-0.5400390625,-0.0869140625,43.02411764705882,336.10541122591025
-0.0230498046875,0.0815693359375,0.9304736328125,0.9343265122111798,-1.05859375,0.17333984375,-0.18115234375,42.97705882352941,335.56348587085705
0.0184541015625,0.1250263671875,0.8582080078125001,0.8674636194273987,-0.87255859375,0.24853515625,0.04345703125,43.25941176470588,335.56348587085705
0.0086884765625,0.0835224609375,0.7952197265625001,0.7996411098862856,-0.3310546875,-0.2900390625,1.0166015625,43.91823529411765,335.56348587085705
0.1024384765625,0.0718037109375,0.7195361328125001,0.7303298301504667,0.2265625,-0.10986328125,2.13134765625,43.25941176470588,335.56348587085705
0.1424775390625,0.0517841796875,0.6340869140625001,0.6519567968727052,0.3916015625,-0.45263671875,2.50048828125,43.02411764705882,334.63632987131496
0.1078095703125,0.0239521484375,0.5852587890625001,0.5955874906683668,0.435546875,-0.47412109375,2.42333984375,43.02411764705882,334.63632987131496
0.0160126953125,0.0029560546875,0.5642626953125001,0.5644975943188897,0.45361328125,-0.5849609375,2.43212890625,42.83588235294118,334.63632987131496
-0.0093779296875,-0.0185283203125,0.5261767578125001,0.526586388620994,0.45751953125,-0.28076171875,2.32080078125,42.55352941176471,334.63632987131496
-0.0347685546875,-0.0492900390625,0.4910205078125,0.4947115315396295,0.4912109375,-0.169921875,2.185546875,43.87117647058824,334.63632987131496
-0.0381865234375,-0.0795634765625,0.4407275390625,0.4494767191557776,0.60009765625,-0.2294921875,1.94091796875,43.02411764705882,334.90983173592053
-0.0303740234375,-0.1039775390625,0.4348681640625,0.448156479418032,0.61376953125,-0.3330078125,1.64697265625,42.60058823529412,334.90983173592053
-0.0142607421875,-0.1020244140625,0.4534228515625,0.464978098571969,0.4990234375,-0.19482421875,1.31103515625,42.69470588235294,334.90983173592053
0.0116181640625,-0.1103251953125,0.4646533203125,0.4777126108177962,0.42138671875,-0.03857421875,0.9248046875,43.353529411764704,334.90983173592053
-0.0069365234375,-0.1117900390625,0.4876025390625,0.5003012735254541,0.33544921875,0.06494140625,0.53662109375,43.73,335.02012281794777
-0.0411162109375,-0.1156962890625,0.5291064453125001,0.5431664612031197,0.306640625,0.1669921875,0.32861328125,42.97705882352941,335.02012281794777
-0.0713896484375,-0.1244853515625,0.5764697265625001,0.5940626484645476,0.24853515625,0.328125,0.4326171875,43.91823529411765,335.02012281794777
-0.0689482421875,-0.1191142578125,0.6335986328125001,0.6483743471304507,0.271484375,0.3603515625,0.755859375,42.60058823529412,335.02012281794777
-0.0689482421875,-0.1073955078125,0.6858447265625001,0.6976178353171896,0.3583984375,0.3740234375,0.84375,43.91823529411765,335.02012281794777
-0.0875029296875,-0.0966533203125,0.7673876953125001,0.7783845463190778,0.44873046875,0.4931640625,0.72998046875,42.93,334.48486925354416
-0.1221708984375,-0.0859111328125,0.8381884765625001,0.8513908464438161,0.4384765625,0.50439453125,0.529296875,43.02411764705882,334.48486925354416
-0.1543974609375,-0.0800517578125,0.9456103515625,0.9614706427421345,0.544921875,0.861328125,0.337890625,43.25941176470588,334.48486925354416
-0.1788115234375,-0.0849345703125,0.9998095703125,1.0192186316177088,0.65185546875,0.8408203125,0.3125,43.16529411764706,334.48486925354416
-0.1587919921875,-0.0824931640625,1.0764697265625005,1.0912410783623672,0.68896484375,0.72216796875,0.24267578125,43.16529411764706,333.66366201447335
-0.1187529296875,-0.1049541015625,1.1624072265625005,1.1731616180684057,0.8359375,0.6533203125,-0.068359375,43.02411764705882,333.66366201447335
-0.1246123046875,-0.1410869140625,1.2214892578125005,1.2359084718337934,0.95751953125,0.43408203125,-0.27734375,43.25941176470588,333.66366201447335
-0.1055693359375,-0.1718486328125,1.2820361328125005,1.2978033299104457,1.06982421875,0.474609375,-0.40087890625,42.60058823529412,333.66366201447335
-0.0958037109375,-0.1562236328125,1.2976611328125005,1.3105375195280569,1.06494140625,0.50634765625,-0.9560546875,42.97705882352941,333.66366201447335
-0.1792998046875,-0.1821025390625,1.2849658203125005,1.310132403257534,0.98486328125,0.5166015625,-0.88720703125,43.118235294117646,333.3982789002439
-0.2481474609375,-0.1889384765625,1.2922900390625005,1.3293940180983383,1.0029296875,0.5673828125,-0.3388671875,43.02411764705882,333.3982789002439
-0.2784208984375,-0.1860087890625,1.2932666015625005,1.3359101650231804,0.86474609375,0.72119140625,-0.0087890625,43.118235294117646,333.3982789002439
-0.3038115234375,-0.1977275390625,1.3074267578125005,1.35674697291766,0.7919921875,0.8359375,0.1064453125,43.118235294117646,333.3982789002439
-0.3262724609375,-0.2255595703125,1.3167041015625005,1.3751510933702098,0.79052734375,1.11376953125,0.1806640625,42.55352941176471,333.7599702433803
-0.3086943359375,-0.2280009765625,1.4348681640625005,1.4853024226040428,0.7451171875,1.80419921875,-0.044921875,43.02411764705882,333.7599702433803
-0.2178740234375,-0.1933330078125,1.6287158203125005,1.6545579365301455,0.6875,2.86083984375,-0.74853515625,43.02411764705882,333.7599702433803
-0.0323271484375,-0.1313212890625,1.7859423828125005,1.7910556999192202,0.4931640625,3.28759765625,-2.08984375,42.97705882352941,333.7599702433803
0.0033173828125,-0.0834697265625,1.8606494140625005,1.8625236756434185,0.1201171875,2.28125,-3.2001953125,43.02411764705882,333.7599702433803
0.2469697265625,-0.0824931640625,1.7166064453125005,1.7362421651497284,-0.3076171875,1.4814453125,-3.38427734375,43.16529411764706,333.11891464456403
0.4085908203125,-0.0868876953125,1.5364306640625005,1.5922044829455466,-0.54931640625,1.56689453125,-3.13623046875,42.93,333.11891464456403
0.4500947265625,0.0029560546875,1.4441455078125005,1.512663296597664,-0.54833984375,1.08740234375,-2.1708984375,43.353529411764704,333.11891464456403
0.3871064453125,0.0913349609375,1.3718798828125005,1.428372461215062,-0.26708984375,0.62451171875,-0.18994140625,42.97705882352941,333.11891464456403
0.3905244140625,0.1919208984375,1.3015673828125005,1.3723777181364094,0.080078125,-0.23046875,1.31103515625,43.16529411764706,334.7929281024645
0.3954072265625,0.3042255859375,1.2263720703125005,1.32396696967841,0.47802734375,-1.0205078125,2.08642578125,43.16529411764706,334.7929281024645
0.3705048828125,0.3457294921875,1.0945361328125005,1.2061559169478355,0.7705078125,-1.48828125,1.87548828125,42.69470588235294,334.7929281024645
0.3524384765625,0.3232685546875,1.0359423828125005,1.1410048460539868,0.34423828125,-1.33544921875,0.53125,43.777058823529416,334.7929281024645
