AccX,AccY,AccZ,Magnitude,GyroX,GyroY,GyroZ,Temperature,Altitude
0.7367158203125,-0.2030986328125,1.0881884765625005,1.3297192993532287,-1.30126953125,-0.16162109375,-1.712890625,45.61235294117647,451.11425864192864
0.5985322265625,-0.2519267578125,1.0359423828125005,1.222654709246655,-1.5634765625,-0.5419921875,-2.79052734375,44.81235294117647,451.11425864192864
0.4071259765625,-0.2719462890625,0.9988330078125,1.112373014066145,-1.77490234375,-0.70458984375,-3.076171875,45.61235294117647,451.11425864192864
0.1981416015625,-0.2758525390625,1.0398486328125005,1.0939103696094148,-1.63671875,-0.4111328125,-2.333984375,45.565294117647056,451.11425864192864
0.0238251953125,-0.2572978515625,1.0818408203125005,1.11227217210752,-0.7998046875,-0.0849609375,-0.482421875,45.61235294117647,452.2828689456258
0.0311494140625,-0.1586650390625,1.0061572265625005,1.019066850202225,-0.5947265625,0.369140625,1.44189453125,44.85941176470588,452.2828689456258
0.0985322265625,2.6367187500001e-05,1.0188525390625005,1.0236059284317849,-0.8955078125,0.9140625,1.84375,45.7535294117647,452.2828689456258
0.0990205078125,0.1152607421875,1.1077197265625005,1.1180935078394647,-1.1376953125,1.81005859375,1.02880859375,46.13,452.2828689456258
0.1063447265625,0.1230732421875,1.0808642578125005,1.09303420240483,-0.59814453125,2.0380859375,0.82080078125,45.89470588235295,452.183994325427
0.1224580078125,0.1269794921875,1.0286181640625005,1.0436355123092116,-0.513671875,1.95263671875,0.7568359375,45.7535294117647,452.183994325427
0.1288056640625,0.1538349609375,1.0388720703125005,1.058069597321747,-0.173828125,1.73779296875,0.6416015625,45.84764705882353,452.183994325427
0.1341767578125,0.1352802734375,0.9627001953125,0.981374454921833,0.35205078125,1.54248046875,0.8447265625,45.89470588235295,452.183994325427
0.1590791015625,0.0952412109375,0.8850634765625001,0.9042756252159364,0.630859375,1.3603515625,1.10498046875,45.7535294117647,452.183994325427
0.2064423828125,0.0498310546875,0.8284228515625001,0.8552110923178647,0.8037109375,1.130859375,1.2060546875,45.61235294117647,451.3808357007155
0.2147431640625,0.0224873046875,0.8108447265625001,0.8391003968405079,0.8046875,0.8291015625,1.0166015625,45.7535294117647,451.3808357007155
0.1747041015625,0.0005146484375,0.7844775390625001,0.8036957118582448,0.77685546875,0.61669921875,0.7470703125,45.7535294117647,451.3808357007155
0.1229462890625,-0.0234111328125,0.7590869140625001,0.7693353067646991,0.7021484375,0.5185546875,0.3671875,45.7535294117647,451.3808357007155
0.0804658203125,-0.0322001953125,0.7190478515625001,0.7242523135298733,0.61376953125,0.44677734375,-0.09765625,45.00058823529412,451.2937139257506
0.0453095703125,-0.0307353515625,0.6960986328125001,0.6982484698164441,0.5205078125,0.55615234375,-0.591796875,45.61235294117647,451.2937139257506
0.0340791015625,-0.0463603515625,0.6594775390625001,0.6619828486360029,0.48583984375,0.69580078125,-1.1552734375,45.70647058823529,451.2937139257506
0.0213837890625,-0.0780986328125,0.6199267578125001,0.6251926486562117,0.38720703125,0.76025390625,-1.62158203125,45.61235294117647,451.2937139257506
0.0145478515625,-0.1210673828125,0.5994189453125001,0.6116960218651931,0.224609375,0.65673828125,-1.80908203125,45.84764705882353,451.2937139257506
0.0160126953125,-0.1454814453125,0.5818408203125001,0.5999666636766645,0.1376953125,0.498046875,-1.7470703125,45.89470588235295,451.4019059574998
0.0233369140625,-0.1674541015625,0.5789111328125001,0.60309500692869,0.12353515625,-0.14404296875,-1.3310546875,45.70647058823529,451.4019059574998
0.0179658203125,-0.1747783203125,0.5906298828125001,0.6162092910869386,0.1650390625,-0.6962890625,-0.6416015625,45.89470588235295,451.4019059574998
0.0062470703125,-0.1630595703125,0.6492236328125001,0.6694167422168692,0.12158203125,-0.76318359375,-0.0380859375,45.70647058823529,451.4019059574998
0.0042939453125,-0.1318095703125,0.6873095703125001,0.699847587861433,0.07958984375,-0.65771484375,0.2470703125,45.7535294117647,450.9999344218276
0.0160126953125,-0.0961650390625,0.7249072265625001,0.7314332561974461,0.03173828125,-0.4267578125,0.140625,45.61235294117647,450.9999344218276
0.0208955078125,-0.0639384765625,0.7410205078125001,0.7440672980521125,-0.0205078125,-0.09912109375,-0.35205078125,45.70647058823529,450.9999344218276
-0.0137724609375,-0.0634501953125,0.7542041015625001,0.7569936821263221,-0.24169921875,0.11767578125,-0.58056640625,45.7535294117647,450.9999344218276
-0.0132841796875,-0.0751689453125,0.7878955078125001,0.7915845949742079,-0.443359375,0.1015625,-0.599609375,45.565294117647056,450.9999344218276
-0.0093779296875,-0.0561259765625,0.8186572265625001,0.8206325154497125,-0.46484375,-0.03271484375,-0.716796875,45.7535294117647,450.5554319093201
0.0111298828125,-0.0737041015625,0.8293994140625001,0.8327421911526842,-0.56494140625,-0.63427734375,-0.91357421875,45.61235294117647,450.5554319093201
0.0091767578125,-0.0966533203125,0.8704150390625001,0.8758130036928851,-0.54345703125,-1.00390625,-1.37060546875,46.08294117647059,450.5554319093201
-0.0303740234375,-0.1244853515625,0.9978564453125,1.0060500333010876,-0.5126953125,-0.3017578125,-1.2431640625,45.61235294117647,450.5554319093201
-0.0386748046875,-0.1376689453125,1.0217822265625005,1.0317399854324214,-0.3330078125,-0.130859375,-1.19287109375,45.89470588235295,450.5655570450695
-0.0572294921875,-0.1327861328125,0.9968798828125,1.0073117057791008,-0.35302734375,-0.4306640625,-1.27587890625,45.61235294117647,450.5655570450695
-0.0855498046875,-0.1196025390625,0.9841845703125,0.9951094436661058,-0.37841796875,-0.73681640625,-1.162109375,45.94176470588236,450.5655570450695
-0.0684599609375,-0.1098369140625,0.9490283203125,0.9578129601845564,-0.3173828125,-1.10888671875,-0.93701171875,45.84764705882353,450.5655570450695
-0.0557646484375,-0.0986064453125,0.9578173828125,0.9644931652895796,-0.208984375,-1.47021484375,-0.8720703125,45.565294117647056,450.5655570450695
-0.0513701171875,-0.0956767578125,0.9856494140625,0.991613684035834,-0.09716796875,-1.89990234375,-0.48974609375,45.70647058823529,450.91240812168985
-0.0376982421875,-0.0829814453125,1.0154345703125005,1.0195167700022942,0.1318359375,-2.5048828125,-0.2685546875,45.84764705882353,450.91240812168985
-0.0357451171875,-0.0893291015625,1.0740283203125005,1.0783293720482634,0.310546875,-3.06982421875,-0.1337890625,45.565294117647056,450.91240812168985
-0.0357451171875,-0.1103251953125,1.1668017578125005,1.1725509388328637,0.4443359375,-3.35107421875,-0.0185546875,45.84764705882353,450.91240812168985
-0.0293974609375,-0.1181376953125,1.2581103515625005,1.2639867018572777,0.642578125,-3.2119140625,0.09912109375,45.61235294117647,450.8046259326922
-0.0425810546875,-0.1318095703125,1.3347705078125005,1.341938604247715,0.7861328125,-2.5380859375,0.15966796875,45.7535294117647,450.8046259326922
-0.0469755859375,-0.1161845703125,1.3835986328125005,1.389262659389322,0.87060546875,-1.19677734375,0.0380859375,45.7535294117647,450.8046259326922
-0.0626005859375,-0.1156962890625,1.3772509765625005,1.3835189615993388,0.83642578125,0.5087890625,-0.08642578125,45.61235294117647,450.8046259326922
-0.0518583984375,-0.1137431640625,1.3044970703125005,1.3104729708442473,0.62158203125,1.541015625,-0.2197265625,45.61235294117647,450.8046259326922
-0.0499052734375,-0.1205791015625,1.2932666015625005,1.2998339735395097,0.73095703125,1.7490234375,-0.4970703125,45.7535294117647,449.83947724773697
-0.0098662109375,-0.1440166015625,1.3250048828125005,1.3328451009479094,0.71533203125,0.78369140625,-0.74462890625,45.70647058823529,449.83947724773697
0.0619111328125,-0.1440166015625,1.4285205078125005,1.4370958948979788,0.71923828125,-0.0546875,-1.0712890625,45.7535294117647,449.83947724773697
0.1063447265625,-0.1435283203125,1.4627001953125005,1.4735675895481033,0.57080078125,-0.36572265625,-1.24755859375,45.565294117647056,449.83947724773697
0.1375947265625,-0.1210673828125,1.4807666015625005,1.4920654637990367,0.17431640625,-0.009765625,-1.15966796875,45.94176470588236,450.0667737879282
0.1698212890625,-0.0854228515625,1.5261767578125005,1.5379700354281918,0.04248046875,0.10009765625,-0.83544921875,45.565294117647056,450.0667737879282
0.1932587890625,-0.0370830078125,1.5461962890625005,1.5586683654097089,0.2861328125,-0.134765625,-0.234375,45.37705882352941,450.0667737879282
0.2577119140625,0.0298115234375,1.5598681640625005,1.5812946742575014,0.611328125,-0.1845703125,0.34814453125,45.565294117647056,450.0667737879282
0.3402314453125,0.0805927734375,1.4856494140625005,1.5262394350212654,0.83349609375,0.19189453125,0.51025390625,45.565294117647056,450.0667737879282
0.3592744140625,0.0776630859375,1.3918994140625005,1.4396157954068232,0.8359375,0.71484375,0.498046875,45.7535294117647,449.882419496576
0.3856416015625,0.0708271484375,1.2854541015625005,1.3439226826850317,0.8779296875,0.9248046875,0.31982421875,45.00058823529412,449.882419496576
0.3890595703125,0.0796162109375,1.1921923828125005,1.256594114235754,0.794921875,1.4228515625,0.046875,45.61235294117647,449.882419496576
0.4056611328125,0.0879169921875,1.0364306640625005,1.1164581826468258,0.62841796875,1.89892578125,-0.17138671875,46.13,449.882419496576
0.3768525390625,0.1123310546875,0.9485400390625,1.026822432434035,0.3154296875,2.5078125,-0.392578125,46.27117647058824,451.433109769722
0.3587861328125,0.1416279296875,0.9182666015625,0.9959917224110146,0.4296875,2.64013671875,-0.330078125,45.61235294117647,451.433109769722
0.3270478515625,0.1333271484375,0.8147509765625001,0.8880065199826348,0.453125,2.369140625,-0.11181640625,45.7535294117647,451.433109769722
0.2757783203125,0.1616474609375,0.8464892578125001,0.904835701756889,0.7470703125,2.49365234375,-0.3505859375,45.7535294117647,451.433109769722
0.2293916015625,0.1137958984375,0.7913134765625001,0.831713310917913,0.29296875,2.15966796875,-0.24365234375,45.61235294117647,451.433109769722
0.2044892578125,0.0981708984375,0.8577197265625001,0.8872071410866703,0.21240234375,1.64013671875,-0.2216796875,45.84764705882353,452.04989300609145
0.1722626953125,0.0796162109375,0.8816455078125001,0.9018381111298928,0.14501953125,1.0888671875,-0.29931640625,45.61235294117647,452.04989300609145
0.1756806640625,0.0757099609375,0.9290087890625,0.9485004080473404,0.11083984375,1.248046875,-0.548828125,45.7535294117647,452.04989300609145
0.1590791015625,0.0552021484375,0.9797900390625,0.9941538906990924,0.24560546875,1.99658203125,-0.7275390625,44.81235294117647,452.04989300609145
0.1634736328125,-0.0107158203124999,0.9514697265625,0.9654704024437024,0.57470703125,1.97412109375,-0.40478515625,45.61235294117647,451.8124076372218
0.1576142578125,-0.0434306640625,0.9319384765625,0.9461700697783292,0.34619140625,1.689453125,-0.13525390625,45.7535294117647,451.8124076372218
0.1888642578125,-0.0058330078124999,0.8586962890625001,0.8792400404377156,0.154296875,0.744140625,-0.453125,45.7535294117647,451.8124076372218
0.1351533203125,0.0014912109375,0.8616259765625001,0.8721628100239285,0.24609375,0.22412109375,-0.3310546875,45.565294117647056,451.8124076372218
0.1258759765625,-0.0361064453125,0.8381884765625001,0.8483562689759723,0.39501953125,0.1953125,-0.08544921875,45.565294117647056,451.8124076372218
0.1131806640625,-0.0453837890625,0.8054736328125001,0.814651658184935,0.32177734375,-0.0673828125,-0.42236328125,45.565294117647056,450.92294319063416
0.1087861328125,-0.0282939453125,0.7815478515625001,0.7895897759695254,0.271484375,-0.12939453125,-0.8125,45.7535294117647,450.92294319063416
0.0907197265625,-0.0322001953125,0.7683642578125001,0.7743710699977705,0.15771484375,-0.36669921875,-1.08349609375,45.565294117647056,450.92294319063416
0.0628876953125,-0.0258525390625,0.7498095703125001,0.7528861851102807,0.04150390625,-0.466796875,-1.16455078125,45.70647058823529,450.92294319063416
0.0423798828125,-0.0131572265624999,0.7297900390625001,0.7311379269281983,-0.0517578125,-0.5,-1.14892578125,45.89470588235295,450.8577046340639
0.0252900390625,-0.0082744140624999,0.7249072265625001,0.7253954363837674,-0.15234375,-0.38134765625,-1.09033203125,45.7535294117647,450.8577046340639
0.0096650390625,0.0019794921875,0.7092822265625001,0.7093508358258681,-0.18896484375,-0.27783203125,-0.9775390625,45.7535294117647,450.8577046340639
-0.0093779296875,0.0088154296875,0.7087939453125001,0.7089107943016938,-0.20654296875,-0.07861328125,-0.7880859375,46.08294117647059,450.8577046340639
-0.0230498046875,0.0083271484375,0.6877978515625001,0.6882343492671831,-0.2119140625,0.12158203125,-0.64013671875,45.70647058823529,450.8577046340639
-0.0303740234375,0.0117451171875,0.6858447265625001,0.6866174466405004,-0.22216796875,0.4072265625,-0.60986328125,45.7535294117647,451.2045673366947
-0.0455107421875,0.0146748046875,0.6912158203125001,0.6928678718178205,-0.24560546875,0.60205078125,-0.57177734375,45.61235294117647,451.2045673366947
-0.0518583984375,0.0112568359375,0.6941455078125001,0.696170953042498,-0.19482421875,0.7431640625,-0.337890625,45.94176470588236,451.2045673366947
-0.0474638671875,0.0151630859375,0.7127001953125001,0.7144398548947395,-0.1904296875,0.94580078125,-0.115234375,45.61235294117647,451.2045673366947
-0.0357451171875,0.0263935546875,0.7346728515625001,0.7360153068753159,-0.1865234375,1.06494140625,-0.0009765625,44.81235294117647,450.71709967699394
-0.0425810546875,0.0278583984375,0.7615283203125001,0.7632264534329113,-0.14990234375,1.1806640625,0.12841796875,45.70647058823529,450.71709967699394
-0.0367216796875,0.0322529296875,0.7795947265625001,0.7811252594280622,-0.1376953125,1.1171875,0.24169921875,45.7535294117647,450.71709967699394
-0.0333037109375,0.0322529296875,0.8201220703125001,0.8214314328349608,-0.14892578125,1.12353515625,0.39892578125,45.70647058823529,450.71709967699394
-0.0127958984375,0.0444599609375,0.8508837890625001,0.8521406255030586,-0.06884765625,0.53076171875,0.6064453125,45.565294117647056,450.71709967699394
-0.0259794921875,0.0478779296875,0.8669970703125001,0.8687065960932608,-0.04150390625,-0.09326171875,0.9501953125,45.89470588235295,450.9120025124855
-0.0386748046875,0.0561787109375,0.9211962890625,0.9237177009577854,-0.01806640625,-0.306640625,1.11767578125,45.7535294117647,450.9120025124855
-0.0406279296875,0.0493427734375,0.9460986328125,0.9482552193217176,0.02587890625,-0.3310546875,1.05029296875,45.61235294117647,450.9120025124855
-0.0596708984375,0.0376240234375,0.9666064453125,0.9691770753477568,-0.00830078125,-0.3369140625,0.9140625,45.7535294117647,450.9120025124855
-0.0826201171875,0.0381123046875,1.0027392578125005,1.0068588037510686,-0.10791015625,-0.31103515625,0.794921875,45.70647058823529,450.5764978283944
-0.1089873046875,0.0405537109375,1.0671923828125005,1.073509393525213,-0.140625,-0.27587890625,0.8740234375,45.70647058823529,450.5764978283944
-0.0987333984375,0.0478779296875,1.0901416015625005,1.095650168427602,-0.11328125,-0.30078125,0.728515625,45.61235294117647,450.5764978283944
-0.0918974609375,0.0561787109375,1.0872119140625005,1.0925341811443725,-0.05712890625,-0.20458984375,0.6083984375,45.565294117647056,450.5764978283944
-0.0547880859375,0.0625263671875,1.1204150390625005,1.1234950559356214,-0.09765625,-0.19091796875,0.515625,45.7535294117647,450.5764978283944
-0.0313505859375,0.0639912109375,1.1316455078125005,1.1338868063735832,-0.107421875,-0.1279296875,0.38427734375,45.7535294117647,450.8467639780759
-0.0167021484375,0.0561787109375,1.1414111328125005,1.1429148627230914,-0.15966796875,0.0,0.22705078125,45.09470588235294,450.8467639780759
0.0091767578125,0.0537373046875,1.1585009765625005,1.1597829208499724,-0.2041015625,0.31591796875,0.15478515625,45.565294117647056,450.8467639780759
-0.0084013671875,0.0571552734375,1.1404345703125005,1.1418968068158313,-0.19189453125,0.3505859375,0.1025390625,45.7535294117647,450.8467639780759
-0.0606474609375,0.0620380859375,1.1399462890625005,1.1432429228175085,-0.2333984375,0.49462890625,0.0546875,45.84764705882353,450.5975650914473
-0.0997099609375,0.0747333984375,1.1672900390625005,1.1739221407089608,-0.3291015625,0.7431640625,0.1083984375,45.61235294117647,450.5975650914473
-0.0972685546875,0.0893818359375,1.2820361328125005,1.2888238553671267,-0.3671875,1.0927734375,0.298828125,45.565294117647056,450.5975650914473
-0.0318388671875,0.1216083984375,1.3948291015625005,1.4004822521545814,-0.2158203125,1.06787109375,0.54638671875,45.89470588235295,450.5975650914473
0.0438447265625,0.1528583984375,1.4255908203125005,1.434432723057964,0.05810546875,0.462890625,0.6376953125,45.565294117647056,450.5975650914473
0.0653291015625,0.1552998046875,1.4041064453125005,1.4141785002661595,0.27880859375,-0.2392578125,0.6337890625,45.61235294117647,450.294485418706
-0.0040068359375,0.0903583984375,1.3977587890625005,1.4006820935900792,0.25732421875,-0.59228515625,0.57666015625,45.7535294117647,450.294485418706
0.2772431640625,-0.0424541015625,1.4294970703125005,1.4567525516678823,-0.021484375,-0.7353515625,0.16552734375,45.89470588235295,450.294485418706
0.4613251953125,-0.1738017578125,1.4407275390625005,1.522735639781876,-0.3564453125,-0.90283203125,-0.66748046875,46.08294117647059,450.294485418706
0.4969697265625,-0.2431376953125,1.4353564453125005,1.538292226172133,-0.66455078125,-0.927734375,-1.54296875,45.61235294117647,450.3487809132224
0.4095673828125,-0.2514384765625,1.3933642578125005,1.4739167898865022,-0.8759765625,-0.8583984375,-2.060546875,45.84764705882353,450.3487809132224
0.3153291015625,-0.1913798828125,1.3167041015625005,1.3673947465560377,-1.3212890625,-0.72119140625,-2.203125,45.7535294117647,450.3487809132224
0.2455048828125,-0.1498759765625,1.2366259765625005,1.2696374528756231,-1.49951171875,-0.4892578125,-2.06103515625,45.7535294117647,450.3487809132224
0.2415986328125,-0.1547587890625,1.1472705078125005,1.1826029766009016,-1.17236328125,-0.21484375,-1.7177734375,45.70647058823529,450.3487809132224
0.2777314453125,-0.1904033203125,1.0632861328125005,1.1153320493614252,-0.9716796875,0.0810546875,-1.39208984375,45.94176470588236,451.3565250223959
0.3211884765625,-0.2040751953125,1.0076220703125005,1.0770844718030357,-0.8291015625,0.33056640625,-1.1015625,45.89470588235295,451.3565250223959
0.3387666015625,-0.2079814453125,0.9763720703125,1.0541923503871575,-0.669921875,0.35888671875,-0.7080078125,45.7535294117647,451.3565250223959
0.2943330078125,-0.1938212890625,0.9656298828125,1.027929804102539,-0.4052734375,0.314453125,-0.1474609375,45.7535294117647,451.3565250223959
0.2582001953125,-0.1552470703125,0.9656298828125,1.0115384640637797,-0.21044921875,0.3017578125,0.3720703125,45.7535294117647,452.1155361369818
0.2132783203125,-0.0990947265625,0.9861376953125,1.0137923657554673,-0.00390625,0.3349609375,0.65087890625,44.81235294117647,452.1155361369818
0.2000947265625,-0.0424541015625,0.9714892578125,0.9927898208496514,0.14990234375,0.26220703125,0.7490234375,45.7535294117647,452.1155361369818
0.1937470703125,-0.0004619140624999,0.9714892578125,0.990620774395712,0.32275390625,0.1474609375,0.7919921875,45.7535294117647,452.1155361369818
0.1820283203125,0.0034443359375,0.9475634765625,0.9648951834064942,0.4072265625,0.076171875,0.916015625,45.89470588235295,452.1155361369818
0.1556611328125,-0.0092509765624999,0.9690478515625,0.9815139873958638,0.43115234375,0.12939453125,1.05078125,45.61235294117647,451.6713858314488
0.1332001953125,-0.0204814453125,0.9841845703125,0.9933685368857712,0.478515625,0.21240234375,1.19873046875,45.7535294117647,451.6713858314488
0.1146455078125,-0.0448955078125,0.9719775390625,0.9797446277093446,0.572265625,0.2939453125,1.26318359375,45.565294117647056,451.6713858314488
0.1146455078125,-0.0629619140625,0.9104541015625,0.9198013188379208,0.62451171875,0.283203125,1.25146484375,45.7535294117647,451.6713858314488
0.2391572265625,-0.0761455078125,0.8650439453125001,0.900719348464829,0.5185546875,0.18994140625,1.06103515625,45.518235294117645,451.1725539134183
0.1146455078125,-0.0810283203125,0.8318408203125001,0.8436043690572164,0.4267578125,0.146484375,0.78564453125,45.7535294117647,451.1725539134183
0.1063447265625,-0.0932353515625,0.7971728515625001,0.8096212614037033,0.25,0.10546875,0.57568359375,45.61235294117647,451.1725539134183
0.1043916015625,-0.0922587890625,0.7712939453125001,0.7837752488512154,0.326171875,0.1552734375,0.36181640625,46.17705882352941,451.1725539134183
0.1029267578125,-0.1054423828125,0.7361376953125001,0.7507401148379977,0.33349609375,0.25537109375,0.18212890625,45.7535294117647,451.1725539134183
0.1004853515625,-0.1152080078125,0.8347705078125001,0.8486530455117117,0.30615234375,0.46630859375,0.05908203125,46.13,451.3354513243711
0.0750947265625,-0.1449931640625,0.7063525390625001,0.7249800997423256,0.28564453125,0.97998046875,0.037109375,45.84764705882353,451.3354513243711
0.0414033203125,-0.1713603515625,0.7068408203125001,0.7284933426467061,0.24560546875,1.77197265625,0.26611328125,46.17705882352941,451.3354513243711
0.0340791015625,-0.1762431640625,0.6912158203125001,0.7141444869858976,0.3466796875,2.2861328125,0.5732421875,45.7535294117647,451.3354513243711
0.0077119140625,-0.1899150390625,0.6589892578125001,0.6858527812824615,0.470703125,2.3984375,1.09765625,45.70647058823529,451.237389254931
0.1058564453125,-0.1484111328125,0.6877978515625001,0.7115457370899488,0.71337890625,2.30029296875,1.60009765625,45.7535294117647,451.237389254931
-0.0396513671875,-0.1816142578125,0.6741259765625001,0.699286637822408,1.3203125,3.3408203125,2.01220703125,45.89470588235295,451.237389254931
0.0370087890625,-0.1440166015625,0.6394580078125001,0.6565188312219352,0.615234375,3.0419921875,1.8359375,45.89470588235295,451.237389254931
0.0623994140625,-0.0990947265625,0.6458056640625001,0.6563371141746036,0.4638671875,2.189453125,1.26025390625,45.565294117647056,451.237389254931
0.0589814453125,-0.0844462890625,0.6384814453125001,0.6467368418730433,0.29833984375,0.98583984375,0.84326171875,45.70647058823529,450.9553598992725
0.0262666015625,-0.0590556640625,0.6990283203125001,0.7020100415338951,0.19580078125,-0.23779296875,0.60498046875,45.89470588235295,450.9553598992725
-0.0093779296875,-0.0683330078125,0.7395556640625001,0.7427650542189316,0.11083984375,-0.71923828125,0.57421875,45.61235294117647,450.9553598992725
-0.0210966796875,-0.0702861328125,0.7966845703125001,0.800057194788964,-0.091796875,-1.0283203125,0.67236328125,45.61235294117647,450.9553598992725
-0.0030302734374999,-0.0512431640625,0.8328173828125001,0.8343978892200679,-0.1630859375,-1.22412109375,0.61279296875,45.61235294117647,450.7276340608886
0.0140595703125,-0.0483134765625,0.8811572265625001,0.8825927268328493,-0.14111328125,-1.2578125,0.3330078125,44.81235294117647,450.7276340608886
0.0101533203125,-0.0673564453125,0.9163134765625,0.918841862329182,-0.1298828125,-1.30908203125,0.1220703125,44.81235294117647,450.7276340608886
-0.0406279296875,-0.1142314453125,0.9763720703125,0.9838708611678632,-0.19677734375,-0.93994140625,-0.0859375,45.565294117647056,450.7276340608886
-0.0611357421875,-0.1440166015625,1.0393603515625005,1.0510700742093997,-0.20556640625,-0.76025390625,-0.08544921875,46.13,450.7276340608886
-0.0738310546875,-0.1366923828125,1.0740283203125005,1.0852062776212263,-0.1845703125,-0.71728515625,-0.056640625,45.89470588235295,450.6632095173463
-0.0201201171875,-0.1069072265625,1.0759814453125005,1.0814666175447587,0.0810546875,-1.2412109375,-0.068359375,46.03588235294118,450.6632095173463
-0.0308623046875,-0.1205791015625,1.1072314453125005,1.1142052212555154,0.2080078125,-1.716796875,0.04833984375,45.7535294117647,450.6632095173463
-0.0552763671875,-0.1254619140625,1.1677783203125005,1.175798611175212,0.341796875,-2.04541015625,0.21337890625,45.14176470588235,450.6632095173463
-0.0611357421875,-0.1225322265625,1.2478564453125005,1.2553475349986272,0.54345703125,-2.0224609375,0.2373046875,45.70647058823529,450.5007276604322
-0.0640654296875,-0.1249736328125,1.3074267578125005,1.3149477233804787,0.81982421875,-1.2294921875,0.26806640625,46.17705882352941,450.5007276604322
-0.0635771484375,-0.1239970703125,1.3142626953125005,1.321629206524888,0.904296875,-0.01708984375,0.36474609375,45.70647058823529,450.5007276604322
-0.0391630859375,-0.1127666015625,1.2590869140625005,1.2647331382119842,0.93896484375,0.86181640625,0.3662109375,45.89470588235295,450.5007276604322
-0.0425810546875,-0.1039775390625,1.2214892578125005,1.22664602954525,0.9306640625,0.88916015625,0.2158203125,45.7535294117647,450.5007276604322
-0.0723662109375,-0.1093486328125,1.2083056640625005,1.215399757194699,1.06396484375,0.89306640625,0.06103515625,45.70647058823529,450.1863040480577
-0.0914091796875,-0.1127666015625,1.2293017578125005,1.2378427833614414,1.12890625,1.05078125,0.0234375,45.61235294117647,450.1863040480577
-0.0865263671875,-0.1249736328125,1.2991259765625005,1.3079883501379093,1.138671875,1.09375,-0.04248046875,46.13,450.1863040480577
-0.0391630859375,-0.1459697265625,1.3792041015625005,1.3874598596498935,1.1015625,0.93310546875,-0.0595703125,45.565294117647056,450.1863040480577
0.0482392578125,-0.1777080078125,1.4705126953125005,1.4819968789137925,0.91357421875,0.8720703125,-0.48974609375,45.565294117647056,450.23006751904654
0.1371064453125,-0.2353251953125,1.5090869140625005,1.5334664779804532,0.63720703125,0.23486328125,-1.07470703125,45.565294117647056,450.23006751904654
0.2137666015625,-0.2343486328125,1.4768603515625005,1.5105402807148112,0.20751953125,-0.02001953125,-1.376953125,46.27117647058824,450.23006751904654
0.3534150390625,-0.1396220703125,1.4417041015625005,1.4909417254929962,-0.32177734375,0.13232421875,-1.11181640625,45.89470588235295,450.23006751904654
0.4251923828125,0.0088154296875,1.5022509765625005,1.5612892975952062,-0.5029296875,0.021484375,-0.35107421875,45.7535294117647,450.23006751904654
0.4452119140625,0.1274677734375,1.5222705078125005,1.5911534120392152,-0.3017578125,-0.17236328125,0.57861328125,45.70647058823529,450.5773137057824
0.4124970703125,0.2055927734375,1.5193408203125005,1.587708647634691,-0.044921875,0.24951171875,0.8759765625,45.61235294117647,450.5773137057824
0.4300751953125,0.1699482421875,1.3762744140625005,1.451887854294809,0.1767578125,0.38671875,0.74072265625,45.565294117647056,450.5773137057824
0.4300751953125,0.1338154296875,1.3279345703125005,1.4022415861314983,0.02880859375,0.32080078125,-0.0546875,45.565294117647056,450.5773137057824
0.3963837890625,0.1284443359375,1.0637744140625005,1.1424684064253092,-0.16796875,0.5078125,-0.75244140625,45.84764705882353,451.3897508233354
0.3353486328125,0.1386982421875,0.9710009765625,1.0365996355394131,-0.12939453125,0.70556640625,-1.18115234375,46.27117647058824,451.3897508233354
0.2718720703125,0.1377216796875,0.9133837890625,0.962887132427327,-0.1259765625,1.2939453125,-1.31494140625,46.03588235294118,451.3897508233354
0.1776337890625,0.1045185546875,0.9050830078125,0.9282527362316724,0.0869140625,1.39599609375,-0.7646484375,45.61235294117647,451.3897508233354
0.1268525390625,0.0293232421875,0.9026416015625,0.9119831577777656,0.720703125,1.1884765625,0.83837890625,45.7535294117647,451.3897508233354
0.1747041015625,0.0239521484375,0.9036181640625,0.9206633559239856,0.96875,0.7578125,2.03466796875,45.61235294117647,452.1382187436844
0.2337861328125,0.0732685546875,0.9519580078125,0.9829792905447006,0.8447265625,0.85302734375,2.0185546875,46.17705882352941,452.1382187436844
0.2440400390625,0.0678974609375,1.0129931640625005,1.0441842540015347,0.916015625,1.24169921875,1.61181640625,45.565294117647056,452.1382187436844
0.2425751953125,0.0117451171875,0.9959033203125,1.0250873604567112,1.03955078125,1.48388671875,1.53076171875,45.84764705882353,452.1382187436844
0.2679658203125,-0.0507548828125,0.9290087890625,0.968214371480012,1.15869140625,1.16357421875,1.814453125,45.70647058823529,452.4202734266764
0.3109345703125,-0.0234111328125,0.9226611328125,0.9739260516886432,0.521484375,0.42626953125,1.0859375,45.70647058823529,452.4202734266764
0.2352509765625,-0.0429423828125,0.9436572265625,0.9734865337840348,0.7490234375,0.2529296875,1.34375,45.565294117647056,452.4202734266764
0.2108369140625,-0.0219462890625,0.9436572265625,0.9671725829336988,0.38818359375,0.1484375,1.17138671875,45.61235294117647,452.4202734266764
0.1244111328125,-0.0756572265625,0.9387744140625,0.9499997612616592,0.37548828125,0.134765625,1.4892578125,45.70647058823529,452.4202734266764
0.1751923828125,-0.0326884765625,0.8010791015625001,0.8206635330363358,0.24560546875,-0.2490234375,1.4638671875,45.94176470588236,451.44405050328487
0.1786103515625,0.0136982421875,0.7825244140625001,0.8027663160149199,-0.025390625,-0.68310546875,1.076171875,45.7535294117647,451.44405050328487
0.1356416015625,0.0293232421875,0.7888720703125001,0.8009854180482668,-0.072265625,-0.70947265625,0.74609375,45.61235294117647,451.44405050328487
0.1014619140625,0.0298115234375,0.7781298828125001,0.7852829817719761,-0.037109375,-0.53955078125,0.74365234375,45.7535294117647,451.44405050328487
0.0760712890625,0.0342060546875,0.7717822265625001,0.7762761753620195,-0.11328125,-0.3134765625,0.80126953125,45.61235294117647,451.0210041426221
0.0570283203125,0.0420185546875,0.7615283203125001,0.7648157757876528,-0.1630859375,0.0361328125,0.69970703125,46.13,451.0210041426221
0.0399384765625,0.0439716796875,0.7595751953125001,0.7618943941641099,-0.23095703125,0.51416015625,0.64990234375,45.70647058823529,451.0210041426221
0.0316376953125,0.0508076171875,0.7551806640625001,0.7575488057563267,-0.27099609375,1.0234375,0.634765625,45.61235294117647,451.0210041426221
0.0326142578125,0.0473896484375,0.7488330078125001,0.7510395077365809,-0.2490234375,1.45849609375,0.7490234375,45.7535294117647,451.0210041426221
0.0184541015625,0.0356708984375,0.7136767578125001,0.7148059047752608,-0.14453125,1.6953125,0.65283203125,45.61235294117647,450.9342896136572
0.0067353515625,0.0273701171875,0.6794970703125001,0.6800814339759604,-0.10107421875,1.748046875,0.732421875,45.565294117647056,450.9342896136572
0.0179658203125,0.0283466796875,0.6526416015625001,0.6535039135604865,-0.1103515625,1.22509765625,0.8720703125,46.13,450.9342896136572
0.0472626953125,0.0376240234375,0.6350634765625001,0.6379302068184863,-0.12939453125,0.625,1.01171875,45.61235294117647,450.9342896136572
0.0682587890625,0.0493427734375,0.6545947265625001,0.6599910814686949,-0.16162109375,0.17138671875,1.0126953125,45.7535294117647,451.3467965489483
0.0492158203125,0.0488544921875,0.5877001953125001,0.5917773888433737,-0.18017578125,0.2158203125,0.955078125,45.61235294117647,451.3467965489483
0.0306611328125,0.0478779296875,0.7590869140625001,0.7612130741897674,-0.1640625,0.46142578125,0.92431640625,45.89470588235295,451.3467965489483
0.0340791015625,0.0449482421875,0.7805712890625001,0.7826067128179686,-0.10791015625,0.48046875,0.97802734375,45.61235294117647,451.3467965489483
0.0409150390625,0.0395771484375,0.7922900390625001,0.7943323593418486,-0.10498046875,0.306640625,1.0322265625,45.565294117647056,451.3467965489483
0.0360322265625,0.0400654296875,0.8181689453125001,0.8199414510078534,-0.11767578125,0.14111328125,1.11328125,45.61235294117647,450.9557653081399
0.0204072265625,0.0444599609375,0.8586962890625001,0.8600886348930824,-0.10107421875,-0.0107421875,1.25732421875,45.7535294117647,450.9557653081399
0.0106416015625,0.0395771484375,0.8870166015625001,0.8879628628550554,-0.03857421875,-0.16748046875,1.3564453125,45.7535294117647,450.9557653081399
0.0042939453125,0.0283466796875,0.9216845703125,0.922130370049588,-0.03369140625,-0.25732421875,1.353515625,45.7535294117647,450.9557653081399
-0.0020537109374999,0.0176044921875,0.9426806640625,0.9428472677327492,-0.08740234375,-0.322265625,1.28173828125,45.518235294117645,450.7612696704162
-0.0123076171875,0.0093037109375,0.9602587890625,0.960382724985108,-0.11767578125,-0.45556640625,1.21240234375,45.7535294117647,450.7612696704162
-0.0323271484375,0.0102802734375,0.9744189453125,0.9750092356136812,-0.14013671875,-0.46875,1.33837890625,45.70647058823529,450.7612696704162
-0.0396513671875,0.0122333984375,0.9851611328125,0.98603465687651,-0.13818359375,-0.47314453125,1.451171875,45.7535294117647,450.7612696704162
-0.0528349609375,0.0195576171875,0.9998095703125,1.0013956312945378,-0.16455078125,-0.466796875,1.45458984375,45.7535294117647,450.7612696704162
-0.0630888671875,0.0288349609375,1.0212939453125005,1.0236469034131064,-0.19189453125,-0.4091796875,1.447265625,45.61235294117647,451.0432915640055
-0.0674833984375,0.0249287109375,1.0378955078125005,1.0403857625088146,-0.1943359375,-0.38671875,1.49072265625,45.84764705882353,451.0432915640055
-0.0586943359375,0.0302998046875,1.0466845703125005,1.0487667485983276,-0.1904296875,-0.3544921875,1.5263671875,45.70647058823529,451.0432915640055
-0.0523466796875,0.0312763671875,1.0564501953125005,1.058208581138224,-0.1904296875,-0.259765625,1.513671875,45.61235294117647,451.0432915640055
-0.0440458984375,0.0337177734375,1.0623095703125005,1.0637568108323812,-0.20068359375,-0.185546875,1.45703125,45.7535294117647,451.0862431885488
-0.0367216796875,0.0405537109375,1.0637744140625005,1.065180308325257,-0.193359375,-0.1376953125,1.376953125,45.7535294117647,451.0862431885488
-0.0367216796875,0.0493427734375,1.0710986328125005,1.0728632122793582,-0.21826171875,-0.1162109375,1.27294921875,45.7535294117647,451.0862431885488
-0.0362333984375,0.0630146484375,1.0676806640625005,1.070152188005507,-0.19775390625,-0.1044921875,1.13720703125,45.7535294117647,451.0862431885488
-0.0445341796875,0.0771748046875,1.0632861328125005,1.0670129539374646,-0.19873046875,-0.01220703125,0.98779296875,45.70647058823529,451.0862431885488
-0.0469755859375,0.0864521484375,1.0715869140625005,1.0760944168768944,-0.1787109375,0.10302734375,0.9013671875,45.89470588235295,451.0975897231379
-0.0464873046875,0.0840107421875,1.0759814453125005,1.08025688840978,-0.15576171875,0.20556640625,0.8369140625,45.7535294117647,451.0975897231379
-0.0464873046875,0.0820576171875,1.0676806640625005,1.0718379179934532,-0.15869140625,0.2763671875,0.8056640625,45.84764705882353,451.0975897231379
-0.0528349609375,0.0796162109375,1.0925830078125005,1.0967533465195909,-0.24609375,0.373046875,0.81884765625,45.70647058823529,451.0975897231379
-0.0557646484375,0.0879169921875,1.1702197265625005,1.1748418199769142,-0.2255859375,0.50048828125,0.9560546875,45.61235294117647,451.10853057573416
-0.0499052734375,0.0962177734375,1.2317431640625005,1.236502979558416,-0.1318359375,0.4208984375,1.14697265625,45.09470588235294,451.10853057573416
-0.0372099609375,0.1157490234375,1.2678759765625005,1.2736922350254078,0.05126953125,0.18115234375,1.3427734375,45.89470588235295,451.10853057573416
-0.0040068359375,0.1201435546875,1.2673876953125005,1.2730758416907884,0.259765625,-0.10791015625,1.5703125,46.13,451.10853057573416
0.0658173828125,0.1157490234375,1.3181689453125005,1.3248770254983258,0.3623046875,-0.1787109375,1.689453125,45.7535294117647,451.10853057573416
0.1703095703125,0.0600849609375,1.3738330078125005,1.3856524404142732,0.3818359375,-0.23291015625,1.5009765625,45.7535294117647,450.4468399490124
0.2689423828125,-0.0307353515625,1.3948291015625005,1.420852874042273,0.27392578125,-0.3818359375,1.00048828125,45.7535294117647,450.4468399490124
0.2943330078125,-0.0883525390625,1.3855517578125005,1.4192222391944305,0.0126953125,-0.703125,0.470703125,45.565294117647056,450.4468399490124
0.2513642578125,-0.1049541015625,1.3835986328125005,1.410157626033714,-0.19091796875,-0.83203125,0.2607421875,45.565294117647056,450.4468399490124
0.2293916015625,-0.0849345703125,1.3767626953125005,1.3983239636456632,-0.36376953125,-0.68798828125,0.1298828125,45.61235294117647,450.2304772822064
0.2723603515625,-0.0390361328125,1.3435595703125005,1.3714431449194362,-0.5751953125,-0.6240234375,-0.13525390625,45.61235294117647,450.2304772822064
0.2962861328125,-0.0453837890625,1.3167041015625005,1.350390629365506,-0.599609375,-0.4931640625,-0.40380859375,45.61235294117647,450.2304772822064
0.3143525390625,-0.0522197265625,1.2546923828125005,1.2945259341338098,-0.53955078125,-0.27099609375,-0.55712890625,46.27117647058824,450.2304772822064
0.3290009765625,-0.0727275390625,1.1711962890625005,1.218700818507536,-0.4736328125,-0.08837890625,-0.56494140625,45.00058823529412,450.2304772822064
0.3446259765625,-0.0961650390625,1.2102587890625005,1.2620384760230483,-0.490234375,-0.08544921875,-0.74853515625,46.03588235294118,451.0432915640055
0.3377900390625,-0.1147197265625,1.0164111328125005,1.0771974364328991,-0.48486328125,-0.1298828125,-0.67529296875,45.565294117647056,451.0432915640055
0.3216767578125,-0.1293681640625,0.9636767578125,1.024150844327961,-0.408203125,-0.18798828125,-0.66943359375,45.7535294117647,451.0432915640055
0.2889619140625,-0.1518291015625,0.9128955078125,0.969499495638952,-0.26708984375,-0.169921875,-0.51416015625,45.565294117647056,451.0432915640055
0.2630830078125,-0.1679423828125,0.9143603515625,0.9661636328562108,-0.13134765625,-0.07373046875,-0.20751953125,45.61235294117647,451.8346913416762
0.2538056640625,-0.1674541015625,0.9260791015625,0.9747208285407252,-0.0087890625,0.111328125,0.05859375,45.61235294117647,451.8346913416762
0.2440400390625,-0.1659892578125,0.9470751953125,0.9919976814241964,0.1181640625,0.3271484375,0.3408203125,45.70647058823529,451.8346913416762
0.2479462890625,-0.1171611328125,0.9807666015625,1.0183846130231098,0.06494140625,0.50341796875,0.21044921875,45.84764705882353,451.8346913416762
0.2196259765625,-0.0654033203125,0.9998095703125,1.0257350246420356,-0.0361328125,0.70849609375,-0.24072265625,46.17705882352941,451.8346913416762
0.1776337890625,-0.0282939453125,1.0208056640625005,1.0365319648424405,-0.0302734375,0.82470703125,-0.49267578125,45.89470588235295,451.71474603645225
0.1292939453125,-0.0214580078125,0.9939501953125,1.0025539193257935,0.05859375,0.83154296875,-0.208984375,45.565294117647056,451.71474603645225
0.1141572265625,-0.0107158203124999,0.9949267578125,1.0015118344746132,0.14892578125,0.97265625,0.1796875,45.7535294117647,451.71474603645225
0.1248994140625,-0.0068095703124999,1.0027392578125005,1.0105108871453887,0.25830078125,1.15185546875,0.3759765625,45.84764705882353,451.71474603645225
0.1517548828125,-0.0224345703125,0.9827197265625,0.9946209908189234,0.36767578125,1.25048828125,0.275390625,45.61235294117647,451.68353632628106
0.1551728515625,-0.0590556640625,0.9446337890625,0.9591137475599422,0.3212890625,1.1708984375,0.01806640625,46.27117647058824,451.68353632628106
0.1405244140625,-0.0663798828125,0.9221728515625,0.9351770783914258,0.1611328125,1.06298828125,-0.3369140625,45.565294117647056,451.68353632628106
0.1239228515625,-0.0658916015625,0.8977587890625001,0.9086635348878148,0.05712890625,0.998046875,-0.57470703125,45.70647058823529,451.68353632628106
0.1126923828125,-0.0585673828125,0.8665087890625001,0.8757666315840227,0.046875,0.97607421875,-0.67822265625,45.61235294117647,451.68353632628106
0.1014619140625,-0.0522197265625,0.8416064453125001,0.849307263974017,0.05810546875,0.93115234375,-0.7177734375,45.89470588235295,451.5745319480898
0.0877900390625,-0.0453837890625,0.8088916015625001,0.8149063764302076,0.11767578125,0.875,-0.7578125,45.70647058823529,451.5745319480898
0.0829072265625,-0.0409892578125,0.7888720703125001,0.7942750599077346,0.21533203125,0.9052734375,-0.81640625,45.61235294117647,451.5745319480898
0.0614228515625,-0.0502666015625,0.7810595703125001,0.7850818749044327,0.37255859375,1.17626953125,-0.79931640625,45.61235294117647,451.5745319480898
0.0384736328125,-0.0595439453125,0.7678759765625001,0.771141502726304,0.4482421875,1.59375,-0.69140625,45.61235294117647,451.488217973664
0.0360322265625,-0.0610087890625,0.7542041015625001,0.7575250626267238,0.45263671875,2.0947265625,-0.5478515625,45.89470588235295,451.488217973664
0.0233369140625,-0.0756572265625,0.7620166015625001,0.7661187431109827,0.5341796875,2.5087890625,-0.35498046875,44.81235294117647,451.488217973664
0.0453095703125,-0.0741923828125,0.7190478515625001,0.7242839772257474,0.587890625,2.7216796875,-0.11328125,45.565294117647056,451.488217973664
0.0897431640625,-0.0531962890625,0.6760791015625001,0.6840808667369137,0.50439453125,2.47998046875,-0.12890625,45.565294117647056,451.488217973664
0.1092744140625,-0.0419658203125,0.6541064453125001,0.6644977572893368,0.42138671875,1.857421875,-0.66259765625,45.84764705882353,451.3905598542112
0.0775361328125,-0.0375712890625,0.6521533203125001,0.6578201934023871,0.328125,1.07421875,-1.11279296875,45.84764705882353,451.3905598542112
0.0282197265625,-0.0497783203125,0.6707080078125001,0.6731444613782459,0.267578125,0.60546875,-1.27587890625,45.84764705882353,451.3905598542112
-0.0025419921874999,-0.0531962890625,0.6970751953125001,0.6991066691244352,0.1103515625,0.38671875,-1.275390625,45.565294117647056,451.3905598542112
-0.0088896484375,-0.0517314453125,0.7268603515625001,0.728753139929444,0.0322265625,0.22412109375,-1.26953125,45.61235294117647,450.95657745784087
-0.0108427734375,-0.0507548828125,0.7708056640625001,0.772550966354945,-0.033203125,0.00341796875,-1.3251953125,45.61235294117647,450.95657745784087
-0.0171904296875,-0.0551494140625,0.8054736328125001,0.8075424087318536,-0.0712890625,-0.4228515625,-1.41748046875,45.84764705882353,450.95657745784087
-0.0416044921875,-0.0561259765625,0.8538134765625001,0.8566670950696174,-0.04443359375,-0.4580078125,-1.53271484375,45.7535294117647,450.95657745784087
-0.0596708984375,-0.0859111328125,0.9299853515625,0.9358493965282514,-0.05419921875,-0.2216796875,-1.43896484375,45.61235294117647,450.95657745784087
-0.0777373046875,-0.1010478515625,0.9739306640625,0.9822396322928008,0.0595703125,-0.02099609375,-1.41455078125,45.61235294117647,450.7839669121198
-0.0909208984375,-0.1161845703125,0.9714892578125,0.9826275195599116,0.09130859375,-0.0205078125,-1.3701171875,45.7535294117647,450.7839669121198
-0.1094755859375,-0.1117900390625,0.9724658203125,0.9849729379155642,0.1171875,-0.19091796875,-1.24853515625,45.565294117647056,450.7839669121198
-0.1265654296875,-0.1039775390625,0.9675830078125,0.9813495878783258,0.1865234375,-0.28125,-1.0927734375,45.7535294117647,450.7839669121198
-0.1148466796875,-0.1025126953125,0.9729541015625,0.9850575091246035,0.18017578125,-0.28955078125,-0.955078125,45.61235294117647,451.108936837394
-0.0953154296875,-0.0863994140625,1.0164111328125005,1.0245201221996796,0.29296875,-0.31005859375,-0.9580078125,45.7535294117647,451.108936837394
-0.0748076171875,-0.0800517578125,1.0520556640625005,1.057745519396859,0.42333984375,-0.21044921875,-0.970703125,46.13,451.108936837394
-0.0611357421875,-0.0746806640625,1.0872119140625005,1.091487300263763,0.57958984375,0.029296875,-0.91943359375,44.95352941176471,451.108936837394
-0.0474638671875,-0.0644267578125,1.1111376953125005,1.1140155312000808,0.69287109375,0.37109375,-0.9609375,45.70647058823529,451.108936837394
-0.0367216796875,-0.0644267578125,1.1062548828125005,1.108737640124029,0.6884765625,0.60205078125,-1.00146484375,45.565294117647056,450.6644327974778
-0.0416044921875,-0.0517314453125,1.1360400390625005,1.137978051878606,0.71337890625,0.85693359375,-1.52001953125,45.84764705882353,450.6644327974778
-0.0674833984375,-0.0688212890625,1.1316455078125005,1.1357428997115104,0.76123046875,1.07177734375,-1.6796875,45.565294117647056,450.6644327974778
-0.0528349609375,-0.0678447265625,1.1204150390625005,1.1237100603701258,0.77490234375,1.2978515625,-1.76171875,45.84764705882353,450.6644327974778
-0.0494169921875,-0.0644267578125,1.1174853515625005,1.120431326407761,0.734375,1.447265625,-1.8388671875,45.7535294117647,450.6539004295512
-0.0503935546875,-0.0531962890625,1.1379931640625005,1.140349857270585,0.6845703125,1.51025390625,-1.9228515625,45.7535294117647,450.6539004295512
-0.0259794921875,-0.0717509765625,1.1985400390625005,1.2009668446247517,0.642578125,1.5810546875,-2.0498046875,46.13,450.6539004295512
0.0003876953125,-0.0790751953125,1.3113330078125005,1.313715073446272,0.69384765625,1.70556640625,-2.26220703125,46.08294117647059,450.6539004295512
0.0472626953125,-0.1474345703125,1.4060595703125005,1.4145579628134035,0.544921875,1.54931640625,-2.58251953125,45.7535294117647,450.6539004295512
0.1307587890625,-0.2192119140625,1.4734423828125005,1.4953876352478692,0.21630859375,1.1025390625,-3.013671875,45.61235294117647,450.8058489246063
0.1727509765625,-0.2143291015625,1.4768603515625005,1.5022970284524957,-0.11474609375,0.36376953125,-3.23046875,46.13,450.8058489246063
0.1737275390625,-0.1552470703125,1.4856494140625005,1.5038075316254993,-0.2421875,-0.73828125,-2.4052734375,45.565294117647056,450.8058489246063
0.1849580078125,-0.0356181640625,1.5164111328125005,1.528064410286046,-0.38427734375,-1.001953125,-0.794921875,45.7535294117647,450.8058489246063
0.2088837890625,0.0820576171875,1.5496142578125005,1.5657810312707787,-0.3125,-0.86328125,0.86865234375,45.89470588235295,450.8710868208849
0.3187470703125,0.2285419921875,1.5535205078125005,1.6022662404294243,0.0859375,-0.33642578125,1.19189453125,46.13,450.8710868208849
0.3016572265625,0.2368427734375,1.4002001953125005,1.451775522806508,0.33935546875,-0.02587890625,0.72705078125,45.7535294117647,450.8710868208849
0.2279267578125,0.1504169921875,1.2483447265625005,1.2778655777514536,0.4638671875,0.1494140625,0.4228515625,45.7535294117647,450.8710868208849
0.2025361328125,0.1020771484375,1.1301806640625005,1.1527137384227395,0.37890625,0.40625,0.1015625,45.89470588235295,450.8710868208849
0.2020478515625,0.1001240234375,0.9905322265625,1.01587511351012,0.20361328125,0.61328125,-0.00927734375,46.27117647058824,450.8812121332955
0.2108369140625,0.1260029296875,0.9128955078125,0.9453608574536356,0.37841796875,0.6953125,0.12841796875,45.84764705882353,450.8812121332955
0.2054658203125,0.1152607421875,0.8552783203125001,0.8871314712052962,0.30712890625,0.44775390625,0.20556640625,45.7535294117647,450.8812121332955
0.1854462890625,0.1474873046875,0.8933642578125001,0.924252415905912,0.26171875,0.49462890625,0.05224609375,45.7535294117647,450.8812121332955
0.2010712890625,0.1806904296875,0.9138720703125,0.9530167131604586,0.3740234375,0.8359375,-0.28564453125,45.61235294117647,452.1609036691824
0.2044892578125,0.2065693359375,0.9363330078125,0.9804112650462408,0.1826171875,1.0712890625,-0.70703125,45.565294117647056,452.1609036691824
0.1786103515625,0.1870380859375,0.9622119140625,0.9963617168680576,0.16015625,0.9794921875,-0.7412109375,45.7535294117647,452.1609036691824
0.1556611328125,0.1509052734375,0.9734423828125,0.9972927666815776,0.13818359375,0.8427734375,-0.65380859375,44.81235294117647,452.1609036691824
0.1131806640625,0.0967060546875,1.0159228515625005,1.026772206508207,0.0029296875,0.82470703125,-0.849609375,45.94176470588236,452.1609036691824
0.1126923828125,0.0571552734375,0.9939501953125,1.0019497438431888,0.2626953125,0.81005859375,-0.79052734375,45.7535294117647,452.3991928635351
0.1375947265625,0.0034443359375,0.9612353515625,0.9710394293340218,0.58935546875,0.72705078125,0.04150390625,45.7535294117647,452.3991928635351
0.1556611328125,0.0381123046875,0.9783251953125,0.991364274028626,0.3828125,0.44775390625,0.12158203125,45.84764705882353,452.3991928635351
0.1214814453125,0.0537373046875,0.9856494140625,0.994560308333306,0.45361328125,0.3115234375,-0.02880859375,46.03588235294118,452.3991928635351
0.0941376953125,0.0644794921875,0.9114306640625,0.9185452443864248,0.48828125,-0.0859375,-0.31201171875,45.89470588235295,451.5538633635674
0.0799775390625,0.0459248046875,0.8323291015625001,0.83742296824718,0.43408203125,-0.47509765625,-0.5263671875,45.7535294117647,451.5538633635674
0.0819306640625,0.0522724609375,0.8025439453125001,0.8084069693192518,0.314453125,-0.50146484375,-0.68994140625,45.7535294117647,451.5538633635674
0.0833955078125,0.0420185546875,0.7839892578125001,0.7895312064932746,0.33447265625,-0.60595703125,-0.677734375,45.7535294117647,451.5538633635674
0.0755830078125,0.0307880859375,0.7742236328125001,0.7785132824243041,0.1953125,-0.4384765625,-0.708984375,45.61235294117647,451.5538633635674
0.0570283203125,0.0307880859375,0.7595751953125001,0.7623349741992574,0.08251953125,-0.35400390625,-0.71875,44.81235294117647,451.543327576871
0.0291962890625,0.0298115234375,0.7361376953125001,0.737319372242914,-0.05419921875,-0.2841796875,-0.62744140625,45.84764705882353,451.543327576871
-0.0035185546874999,0.0381123046875,0.7278369140625001,0.7288425766019058,-0.18115234375,-0.18310546875,-0.44775390625,45.7535294117647,451.543327576871
-0.0152373046875,0.0434833984375,0.7180712890625001,0.7195480231156879,-0.24267578125,-0.0498046875,-0.30810546875,45.89470588235295,451.543327576871
-0.0274443359375,0.0449482421875,0.7102587890625001,0.712208595491044,-0.29931640625,0.13623046875,-0.177734375,44.95352941176471,451.4999690865233
-0.0381865234375,0.0464130859375,0.7146533203125001,0.7171762359086958,-0.3388671875,0.34130859375,-0.00927734375,45.70647058823529,451.4999690865233
-0.0367216796875,0.0439716796875,0.7151416015625001,0.7174325756884677,-0.3671875,0.376953125,0.11767578125,45.61235294117647,451.4999690865233
-0.0367216796875,0.0483662109375,0.7205126953125001,0.7230672971625848,-0.41162109375,0.65380859375,0.1689453125,45.7535294117647,451.4999690865233
-0.0430693359375,0.0522724609375,0.7459033203125001,0.748972056303686,-0.37939453125,0.73974609375,0.2880859375,45.7535294117647,451.4999690865233
-0.0416044921875,0.0483662109375,0.7585986328125001,0.7612766316101032,-0.30224609375,0.783203125,0.4716796875,45.00058823529412,451.4132526404553
-0.0093779296875,0.0508076171875,0.7752001953125001,0.7769200102597651,-0.240234375,0.78515625,0.63525390625,45.7535294117647,451.4132526404553
0.0218720703125,0.0542255859375,0.7756884765625001,0.7778890758339986,-0.27783203125,0.65283203125,0.55859375,45.61235294117647,451.4132526404553
0.0130830078125,0.0498310546875,0.8167041015625001,0.8183274947193825,-0.27978515625,0.63134765625,0.65087890625,45.7535294117647,451.4132526404553
0.0077119140625,0.0508076171875,0.8455126953125001,0.8470729635145886,-0.2705078125,0.4677734375,0.7724609375,46.17705882352941,451.2937139257506
-0.0220732421875,0.0547138671875,0.8806689453125001,0.8826429779481116,-0.3505859375,0.3095703125,0.7509765625,45.7535294117647,451.2937139257506
-0.0420927734375,0.0630146484375,0.9187548828125,0.9218748191512626,-0.34716796875,0.21142578125,0.71337890625,45.565294117647056,451.2937139257506
-0.0513701171875,0.0688740234375,0.9397509765625,0.9436707148123752,-0.349609375,0.17431640625,0.6279296875,45.565294117647056,451.2937139257506
-0.0503935546875,0.0732685546875,0.9607470703125,0.964853732217526,-0.39990234375,0.1650390625,0.57470703125,45.7535294117647,451.2937139257506
-0.0469755859375,0.0698505859375,0.9954150390625,0.9989679224188244,-0.4169921875,0.11767578125,0.56640625,45.7535294117647,451.31600243059
-0.0474638671875,0.0703388671875,1.0183642578125005,1.0218934076094326,-0.45166015625,0.10205078125,0.52294921875,46.17705882352941,451.31600243059
-0.0508818359375,0.0620380859375,1.0247119140625005,1.0278483313002909,-0.47021484375,0.08154296875,0.47900390625,45.7535294117647,451.31600243059
-0.0635771484375,0.0464130859375,1.0398486328125005,1.0428237662767912,-0.51220703125,0.001953125,0.43994140625,45.61235294117647,451.31600243059
-0.0669951171875,0.0473896484375,1.0452197265625005,1.0484361693977295,-0.54248046875,-0.1455078125,0.423828125,45.565294117647056,451.0339785145148
-0.0665068359375,0.0410419921875,1.0574267578125005,1.0603107810859005,-0.58056640625,-0.2734375,0.35595703125,45.70647058823529,451.0339785145148
-0.0674833984375,0.0312763671875,1.0408251953125005,1.043479423566381,-0.6025390625,-0.34521484375,0.22705078125,45.70647058823529,451.0339785145148
-0.0621123046875,0.0210224609375,1.0452197265625005,1.0472746340157626,-0.638671875,-0.349609375,0.09765625,45.89470588235295,451.0339785145148
-0.0577177734375,0.0190693359375,1.0418017578125005,1.0435736119339618,-0.68212890625,-0.24853515625,0.01025390625,45.565294117647056,451.0339785145148
-0.0499052734375,0.0239521484375,1.0369189453125005,1.0383954645893017,-0.8349609375,-0.169921875,-0.01708984375,46.13,450.8706787914278
-0.0626005859375,0.0395771484375,1.0598681640625005,1.0624526856436372,-0.97265625,-0.07568359375,0.05029296875,45.7535294117647,450.8706787914278
-0.0738310546875,0.0669208984375,1.0896533203125005,1.0942000684299042,-1.00634765625,0.0673828125,0.10791015625,45.565294117647056,450.8706787914278
-0.0928740234375,0.0913349609375,1.0911181640625005,1.0988660096963805,-0.99560546875,0.21337890625,0.18505859375,45.61235294117647,450.8706787914278
-0.1148466796875,0.0971943359375,1.1052783203125005,1.11547149857197,-0.962890625,0.44482421875,0.1279296875,44.85941176470588,451.1749896803441
-0.1382841796875,0.0942646484375,1.1233447265625005,1.1357428023072254,-0.9365234375,0.63671875,0.2509765625,45.7535294117647,451.1749896803441
-0.1446318359375,0.1118427734375,1.1565478515625005,1.1709099482414005,-0.9453125,0.86572265625,0.5419921875,45.7535294117647,451.1749896803441
-0.1456083984375,0.1294208984375,1.2024462890625005,1.2181250562762762,-0.91064453125,1.13134765625,0.845703125,45.565294117647056,451.1749896803441
-0.1265654296875,0.1450458984375,1.2952197265625005,1.3094469293263324,-0.78369140625,1.2919921875,1.13134765625,45.61235294117647,451.1749896803441
-0.0923857421875,0.1499287109375,1.3464892578125005,1.3579569452406706,-0.6240234375,1.27587890625,1.56201171875,44.81235294117647,451.4460757133275
-0.0425810546875,0.1684833984375,1.3577197265625005,1.3687960613854424,-0.14306640625,1.04638671875,1.7080078125,45.61235294117647,451.4460757133275
0.0511689453125,0.1460224609375,1.3250048828125005,1.3340085305347955,0.1669921875,1.0009765625,1.66943359375,46.13,451.4460757133275
0.1903291015625,0.0796162109375,1.3254931640625005,1.3414529570290756,0.2119140625,0.9423828125,1.314453125,45.7535294117647,451.4460757133275
0.3270478515625,0.0049091796875,1.3118212890625005,1.3519835397276296,0.0146484375,0.7041015625,0.59814453125,45.61235294117647,450.9043186660983
0.4051728515625,-0.0678447265625,1.2947314453125005,1.3583436465219778,-0.3330078125,0.40625,-0.291015625,45.7535294117647,450.9043186660983
0.4134736328125,-0.1059306640625,1.3079150390625005,1.3757992222798172,-0.62939453125,0.130859375,-1.00341796875,45.94176470588236,450.9043186660983
0.4193330078125,-0.1357158203125,1.2703173828125005,1.344605967709415,-0.81640625,-0.099609375,-1.91552734375,45.61235294117647,450.9043186660983
0.3866181640625,-0.1718486328125,1.1936572265625005,1.2664213879698432,-1.00146484375,-0.32373046875,-2.505859375,45.61235294117647,450.9043186660983
0.3265595703125,-0.2065166015625,1.1199267578125005,1.184705112062925,-1.1298828125,-0.453125,-2.7578125,45.89470588235295,451.5538633635674
0.2596650390625,-0.2148173828125,1.0501025390625005,1.102854379786947,-1.22119140625,-0.40625,-2.42822265625,45.7535294117647,451.5538633635674
0.1751923828125,-0.1962626953125,1.0237353515625005,1.0569983380335302,-1.23486328125,-0.39794921875,-1.73828125,45.565294117647056,451.5538633635674
0.1175751953125,-0.1684306640625,1.0022509765625005,1.0230834937432,-0.98193359375,-0.3134765625,-0.35009765625,46.03588235294118,451.5538633635674
0.1004853515625,-0.1567119140625,0.9622119140625,0.9800549461390377,-0.7548828125,-0.25390625,0.9306640625,45.565294117647056,452.4976606376061
0.1527314453125,-0.1054423828125,0.9915087890625,1.0087292348636516,-0.7451171875,-0.04150390625,1.197265625,45.61235294117647,452.4976606376061
0.1903291015625,-0.0849345703125,1.0325244140625005,1.0533497585184453,-0.4638671875,0.15478515625,1.16162109375,45.89470588235295,452.4976606376061
0.2005830078125,-0.0761455078125,1.0339892578125005,1.0560139519224063,-0.2607421875,0.322265625,1.2177734375,45.7535294117647,452.4976606376061
0.2201142578125,-0.0297587890625,1.0164111328125005,1.040397742656146,0.0078125,-0.0107421875,1.14208984375,45.70647058823529,452.4976606376061
0.1991181640625,0.0195576171875,0.9998095703125,1.019632149619724,0.04931640625,-0.0732421875,0.73779296875,45.565294117647056,452.0308206629178
0.1693330078125,0.0434833984375,0.9734423828125,0.9890169594755088,-0.01904296875,-0.05908203125,0.12060546875,45.89470588235295,452.0308206629178
0.1371064453125,0.0469013671875,0.9890673828125,0.999626031740798,-0.01220703125,0.22998046875,-0.73046875,45.89470588235295,452.0308206629178
0.0916962890625,-0.0155986328124999,1.0037158203125005,1.0080163563747606,0.201171875,0.4111328125,-0.7001953125,45.565294117647056,452.0308206629178
0.0965791015625,-0.0458720703125,0.9753955078125,0.9812380783246132,0.27001953125,0.3427734375,-0.3154296875,45.89470588235295,451.9335620098012
0.1107392578125,-0.0453837890625,0.9377978515625,0.9454034492880664,0.31201171875,0.30615234375,-0.2197265625,45.7535294117647,451.9335620098012
0.1102509765625,-0.0497783203125,0.8943408203125001,0.9024847155954244,0.2802734375,0.2626953125,-0.3837890625,45.00058823529412,451.9335620098012
0.1126923828125,-0.0546611328125,0.8733447265625001,0.8822802411925775,0.19873046875,0.2783203125,-0.5537109375,45.61235294117647,451.9335620098012
0.1258759765625,-0.0536845703125,0.8420947265625001,0.8531414437650843,0.14697265625,0.24609375,-0.72802734375,44.85941176470588,451.9335620098012
0.1258759765625,-0.0561259765625,0.8132861328125001,0.8248813372514673,0.07861328125,0.240234375,-0.94091796875,45.7535294117647,451.5976272337447
0.1185517578125,-0.0663798828125,0.7927783203125001,0.8043371639307385,0.001953125,0.1796875,-1.13134765625,45.84764705882353,451.5976272337447
0.1136689453125,-0.0780986328125,0.7664111328125001,0.7787207779907875,-0.009765625,-0.0361328125,-1.291015625,45.7535294117647,451.5976272337447
0.0892548828125,-0.0903056640625,0.7405322265625001,0.7513384893942651,0.10791015625,-0.49853515625,-1.36328125,45.70647058823529,451.5976272337447
0.0648408203125,-0.1049541015625,0.7327197265625001,0.7430329017664119,0.28857421875,-1.06640625,-1.22265625,45.84764705882353,451.9230248057226
0.0384736328125,-0.1279033203125,0.6985400390625001,0.7111945345277846,0.56591796875,-2.23193359375,-0.78271484375,45.61235294117647,451.9230248057226
0.0135712890625,-0.1337626953125,0.7190478515625001,0.731509706962751,0.490234375,-2.8857421875,-0.42578125,45.84764705882353,451.9230248057226
-0.0005888671874999,-0.1293681640625,0.7849658203125001,0.7955550312180437,0.712890625,-3.283203125,-0.11865234375,45.84764705882353,451.9230248057226
0.0111298828125,-0.1215556640625,0.7722705078125001,0.7818576539205024,0.69091796875,-3.46484375,0.236328125,45.70647058823529,451.9230248057226
0.0418916015625,-0.1020244140625,0.8377001953125001,0.8449292896881185,0.31787109375,-2.505859375,0.02294921875,46.17705882352941,451.81401921712217
0.0770478515625,-0.0951884765625,0.8787158203125001,0.8872083804654668,0.03857421875,-1.03466796875,-0.42919921875,45.565294117647056,451.81401921712217
0.1014619140625,-0.0883525390625,0.8962939453125001,0.906335218099718,-0.173828125,0.265625,-0.8623046875,44.81235294117647,451.81401921712217
0.1180634765625,-0.1088603515625,0.8801806640625001,0.8947108818103414,-0.26904296875,1.09765625,-1.07861328125,45.565294117647056,451.81401921712217
0.1214814453125,-0.1293681640625,0.8479541015625001,0.8663255864770373,-0.349609375,0.83935546875,-0.98974609375,45.7535294117647,451.7277042921212
0.1283173828125,-0.1547587890625,0.8577197265625001,0.8809646774181079,-0.40380859375,0.27587890625,-0.85107421875,45.61235294117647,451.7277042921212
0.1478486328125,-0.1249736328125,0.9021533203125,0.9226907610211276,-0.50146484375,-0.20068359375,-0.9384765625,45.565294117647056,451.7277042921212
0.1395478515625,-0.1249736328125,0.9407275390625,0.9591977452666632,-0.4541015625,-0.66943359375,-1.099609375,45.565294117647056,451.7277042921212
0.1009736328125,-0.1366923828125,0.9714892578125,0.986241278839714,-0.4091796875,-1.17578125,-1.1240234375,46.03588235294118,451.7277042921212
0.0609345703125,-0.1464580078125,0.9744189453125,0.9872462969773552,-0.38671875,-1.736328125,-0.98681640625,45.565294117647056,451.3378845816043
0.0477509765625,-0.1445048828125,0.9739306640625,0.9857498441899696,-0.3837890625,-2.17919921875,-0.91259765625,45.565294117647056,451.3378845816043
0.0399384765625,-0.1357158203125,0.9968798828125,1.0068680978904296,-0.44189453125,-2.35107421875,-0.86767578125,45.7535294117647,451.3378845816043
0.0267548828125,-0.1410869140625,0.9963916015625,1.006686428208046,-0.3955078125,-2.2392578125,-0.8720703125,45.89470588235295,451.3378845816043
-0.0001005859374999,-0.1362041015625,1.0100634765625005,1.0192054719660324,-0.33056640625,-1.830078125,-0.83837890625,45.565294117647056,451.0773350390991
-0.0274443359375,-0.1298564453125,1.0125048828125005,1.0211669920651587,-0.22265625,-1.11279296875,-0.6943359375,45.84764705882353,451.0773350390991
-0.0333037109375,-0.1083720703125,1.0149462890625005,1.0212588371552858,-0.07373046875,-0.39697265625,-0.55078125,45.7535294117647,451.0773350390991
-0.0289091796875,-0.0903056640625,0.9919970703125,0.996518460009927,0.103515625,0.19921875,-0.4384765625,45.84764705882353,451.0773350390991
-0.0250029296875,-0.0898173828125,0.9690478515625,0.9735224945352534,0.234375,0.53759765625,-0.5634765625,45.7535294117647,451.0773350390991
-0.0225615234375,-0.0893291015625,0.9548876953125,0.9593222719112708,0.30322265625,0.5126953125,-0.62744140625,45.565294117647056,451.0777428939709
-0.0049833984375,-0.0927470703125,0.9382861328125,0.9428720593695494,0.3486328125,0.39599609375,-0.54541015625,45.7535294117647,451.0777428939709
0.0111298828125,-0.0937236328125,0.9304736328125,0.9352481889842308,0.25,0.30712890625,-0.35302734375,44.81235294117647,451.0777428939709
0.0199189453125,-0.0863994140625,0.9329150390625,0.9371190389922144,0.40478515625,0.2548828125,-0.2099609375,45.89470588235295,451.0777428939709
0.0189423828125,-0.0839580078125,0.9480517578125,0.9519505745750828,0.4248046875,0.1083984375,-0.16259765625,45.70647058823529,451.23982188680833
0.0169892578125,-0.0824931640625,0.9690478515625,0.9727011337589564,0.48681640625,0.09033203125,-0.2216796875,45.565294117647056,451.23982188680833
0.0291962890625,-0.0898173828125,0.9846728515625,0.9891916953525912,0.54150390625,0.1513671875,-0.3544921875,45.70647058823529,451.23982188680833
0.0360322265625,-0.0966533203125,1.0017626953125005,1.0070594239657595,0.505859375,0.24462890625,-0.44970703125,45.84764705882353,451.23982188680833
0.0360322265625,-0.1049541015625,1.0212939453125005,1.027304729628855,0.4970703125,0.3154296875,-0.46826171875,45.7535294117647,451.23982188680833
0.0296845703125,-0.1088603515625,1.0476611328125005,1.0537198864323098,0.4853515625,0.3662109375,-0.48046875,45.61235294117647,451.1753971954655
0.0013642578125,-0.1069072265625,1.0701220703125005,1.0754497950441837,0.51171875,0.474609375,-0.4072265625,45.70647058823529,451.1753971954655
0.0145478515625,-0.0956767578125,1.0789111328125005,1.0832427772560262,0.52099609375,0.5478515625,-0.49072265625,45.565294117647056,451.1753971954655
0.0179658203125,-0.0927470703125,1.0989306640625005,1.1029838594321772,0.61474609375,0.720703125,-0.49072265625,45.7535294117647,451.1753971954655
0.0340791015625,-0.0815166015625,1.1179736328125005,1.1214594888615397,0.68505859375,0.771484375,-0.482421875,45.84764705882353,451.0120964078563
0.0204072265625,-0.0780986328125,1.1335986328125005,1.136468966429583,0.8359375,0.7373046875,-0.32373046875,46.17705882352941,451.0120964078563
0.0208955078125,-0.0888408203125,1.1472705078125005,1.1508948395474248,1.0185546875,0.62353515625,-0.15087890625,45.565294117647056,451.0120964078563
0.0086884765625,-0.0834697265625,1.1668017578125005,1.1698158089681197,1.08642578125,0.255859375,-0.15625,45.61235294117647,451.0120964078563
-0.0210966796875,-0.0776103515625,1.2390673828125005,1.2416748429896254,1.08056640625,0.65625,-0.24169921875,45.7535294117647,451.0120964078563
0.0023408203125,-0.0810283203125,1.3347705078125005,1.3372297396702035,1.04052734375,1.302734375,-0.43115234375,45.94176470588236,450.4379470313984
0.0736298828125,-0.1117900390625,1.3821337890625005,1.388600800570431,0.95947265625,1.30712890625,-0.8974609375,45.61235294117647,450.4379470313984
0.1224580078125,-0.1864970703125,1.3464892578125005,1.364848138921327,0.6796875,0.89501953125,-1.341796875,46.27117647058824,450.4379470313984
0.1742158203125,-0.2568095703125,1.3113330078125005,1.3475520638661154,0.47314453125,0.4912109375,-1.48193359375,45.565294117647056,450.4379470313984
0.2718720703125,-0.2538798828125,1.3674853515625005,1.4171752200242949,0.18017578125,0.0859375,-1.42529296875,45.565294117647056,450.7195467327476
0.3499970703125,-0.2226298828125,1.4177783203125005,1.477212706246658,-0.01171875,-0.39501953125,-0.75439453125,45.7535294117647,450.7195467327476
0.3670869140625,-0.1611064453125,1.4006884765625005,1.456927004888075,-0.01123046875,-0.7255859375,0.15966796875,45.7535294117647,450.7195467327476
0.3915009765625,-0.1064189453125,1.3416064453125005,1.4016083121453222,0.17626953125,-0.9599609375,0.7236328125,45.61235294117647,450.7195467327476
0.3783173828125,-0.0429423828125,1.2854541015625005,1.3406566814824628,0.17724609375,-1.17919921875,0.9384765625,45.7535294117647,450.7195467327476
0.3724580078125,0.0595966796875,1.2673876953125005,1.3223268514414137,0.2900390625,-0.9990234375,0.79296875,45.70647058823529,451.381242153243
0.3377900390625,0.1133076171875,1.1882861328125005,1.2405501441042364,0.291015625,-0.171875,0.626953125,45.61235294117647,451.381242153243
0.3158173828125,0.1430927734375,1.1248095703125005,1.1770355689456309,0.39501953125,0.69873046875,0.46337890625,45.61235294117647,451.381242153243
0.2982392578125,0.1323505859375,1.0442431640625005,1.094032503260215,0.4208984375,1.86279296875,0.17578125,45.7535294117647,451.381242153243
0.2791962890625,0.1264912109375,0.9553759765625,1.0033413431447231,0.35986328125,2.75634765625,-0.0234375,44.95352941176471,451.229695175487
0.2401337890625,0.0991474609375,0.8943408203125001,0.9313108817881932,0.44482421875,3.89453125,-0.16015625,45.94176470588236,451.229695175487
0.2328095703125,0.0766865234375,0.8557666015625001,0.8901784064196636,0.46533203125,4.4755859375,-0.29931640625,45.565294117647056,451.229695175487
0.2298798828125,0.0674091796875,0.7932666015625001,0.8286499014557044,0.51220703125,4.25537109375,-0.4033203125,45.61235294117647,451.229695175487
0.2352509765625,0.0542255859375,0.7771533203125001,0.8137878835523532,0.74072265625,3.2939453125,-0.06396484375,45.7535294117647,451.229695175487
0.2064423828125,0.0219990234375,0.7961962890625001,0.8228189018067115,0.55810546875,2.5078125,0.3505859375,45.61235294117647,451.6304502817408
0.2113251953125,0.0146748046875,0.8777392578125001,0.9029395842312602,0.52490234375,1.97265625,0.6103515625,45.7535294117647,451.6304502817408
0.2318330078125,0.0205341796875,0.9543994140625,0.9823677710560708,0.408203125,2.03173828125,0.28662109375,45.7535294117647,451.6304502817408
0.2240205078125,0.0029560546875,0.9983447265625,1.023174530192693,0.423828125,1.93505859375,-0.14794921875,45.7535294117647,451.6304502817408
0.1976533203125,-0.0370830078125,0.9963916015625,1.01648325523014,0.4306640625,1.72119140625,-0.19140625,45.70647058823529,452.15117116930327
0.1410126953125,-0.0766337890625,1.0339892578125005,1.0463704425952678,0.46875,1.67626953125,0.18310546875,45.7535294117647,452.15117116930327
0.2127900390625,-0.0209697265625,0.9324267578125,0.9566289713577868,0.40625,1.1279296875,0.5048828125,45.84764705882353,452.15117116930327
0.2376923828125,0.0327412109375,0.9158251953125,0.9467340936661766,0.49853515625,1.09130859375,0.77392578125,45.61235294117647,452.15117116930327
0.2025361328125,0.0454365234375,0.9338916015625,0.9566811831669424,0.2998046875,0.72265625,0.56884765625,45.70647058823529,452.15117116930327
0.1463837890625,0.0176044921875,0.9763720703125,0.9874414167593902,0.33837890625,0.65380859375,0.5009765625,45.61235294117647,451.57655637290935
0.1248994140625,0.0141865234375,0.9724658203125,0.9805564199761592,0.4580078125,0.416015625,0.34326171875,45.7535294117647,451.57655637290935
0.1029267578125,0.0010029296875,0.9539111328125,0.9594484731580838,0.5849609375,0.30126953125,0.29052734375,45.84764705882353,451.57655637290935
0.0755830078125,-0.0077861328124999,0.9236376953125,0.9267577931349404,0.5947265625,0.26123046875,0.4248046875,45.70647058823529,451.57655637290935
0.0462861328125,-0.0112041015624999,0.9080126953125,0.9092606847495552,0.5419921875,0.2607421875,0.6650390625,45.61235294117647,450.915668978786
0.0301728515625,-0.0063212890624999,0.8894580078125001,0.8899920827336644,0.47802734375,0.41748046875,0.85498046875,45.70647058823529,450.915668978786
0.0365205078125,0.0010029296875,0.8655322265625001,0.8663029427267807,0.4384765625,0.6162109375,0.90380859375,45.84764705882353,450.915668978786
0.0374970703125,0.0107685546875,0.8494189453125001,0.8503143752212344,0.38623046875,0.6748046875,0.9013671875,45.7535294117647,450.915668978786
0.0233369140625,0.0171162109375,0.8425830078125001,0.843079890217515,0.39697265625,0.90185546875,1.05419921875,45.61235294117647,450.915668978786
0.0125947265625,0.0327412109375,0.8240283203125001,0.8247746884500508,0.36181640625,1.36669921875,1.1826171875,45.00058823529412,450.8617820995474
0.0267548828125,0.0434833984375,0.8396533203125001,0.8412040941446913,0.1494140625,2.1337890625,1.0693359375,45.61235294117647,450.8617820995474
-0.0186552734375,0.0293232421875,0.8523486328125001,0.853056893540374,-0.01171875,2.95849609375,0.85986328125,45.7535294117647,450.8617820995474
0.0018525390625,0.0366474609375,0.8347705078125001,0.8355766087006522,0.10888671875,2.7587890625,0.81298828125,45.61235294117647,450.8617820995474
0.0038056640625,0.0229755859375,0.8020556640625001,0.8023936994286944,0.18212890625,2.1044921875,1.04541015625,46.13,451.1109748055534
-0.0367216796875,0.0156513671875,0.8464892578125001,0.8474299443882465,0.04248046875,1.91455078125,1.2236328125,45.565294117647056,451.1109748055534
0.0169892578125,0.0337177734375,0.8416064453125001,0.8424529256392574,0.150390625,1.3408203125,1.40966796875,45.61235294117647,451.1109748055534
0.0311494140625,0.0342060546875,0.8210986328125001,0.8224009393114031,0.2080078125,0.560546875,1.6494140625,45.7535294117647,451.1109748055534
0.0365205078125,0.0439716796875,0.8577197265625001,0.859622234146996,0.224609375,0.228515625,1.705078125,45.7535294117647,451.1109748055534
0.0262666015625,0.0429951171875,0.8752978515625001,0.8767467384652984,0.27734375,0.1533203125,1.541015625,45.84764705882353,451.00238032462767
0.0077119140625,0.0361591796875,0.8733447265625001,0.874126976650823,0.27734375,0.1025390625,1.5263671875,45.565294117647056,451.00238032462767
-0.0054716796875,0.0371357421875,0.8792041015625001,0.8800050311394486,0.298828125,0.09033203125,1.61279296875,45.89470588235295,451.00238032462767
-0.0225615234375,0.0278583984375,0.8914111328125001,0.8921316721232286,0.31884765625,0.0634765625,1.693359375,45.61235294117647,451.00238032462767
-0.0440458984375,0.0322529296875,0.9045947265625,0.9062405375877188,0.27685546875,0.044921875,1.66943359375,45.7535294117647,450.9800892969518
-0.0752958984375,0.0293232421875,0.9309619140625,0.9344620967641282,0.30126953125,0.13134765625,1.70849609375,45.61235294117647,450.9800892969518
-0.0938505859375,0.0263935546875,0.9456103515625,0.9506226849765416,0.322265625,0.18408203125,1.75439453125,45.84764705882353,450.9800892969518
-0.1138701171875,0.0239521484375,0.9436572265625,0.9508044332283566,0.310546875,0.265625,1.8095703125,45.70647058823529,450.9800892969518
-0.1172880859375,0.0327412109375,0.9602587890625,0.9679490812890496,0.27001953125,0.30859375,1.74609375,45.565294117647056,450.9800892969518
-0.1251005859375,0.0376240234375,0.9719775390625,0.9807171152700076,0.28857421875,0.32666015625,1.72216796875,45.70647058823529,451.0019715642007
-0.1265654296875,0.0488544921875,0.9900439453125,0.9992960437472074,0.28271484375,0.31494140625,1.74658203125,45.61235294117647,451.0019715642007
-0.1275419921875,0.0508076171875,1.0056689453125005,1.014996749404344,0.28076171875,0.2724609375,1.513671875,45.7535294117647,451.0019715642007
-0.1221708984375,0.0552021484375,1.0076220703125005,1.016501471812998,0.267578125,0.2421875,1.41845703125,45.70647058823529,451.0019715642007
-0.1055693359375,0.0630146484375,1.0183642578125005,1.025758983483933,0.2890625,0.26171875,1.3828125,46.13,450.969965783457
-0.0757841796875,0.0605732421875,1.0227587890625005,1.0273499404607005,0.32373046875,0.26513671875,1.37841796875,45.61235294117647,450.969965783457
-0.0479521484375,0.0542255859375,1.0032275390625005,1.0058356316234962,0.31298828125,0.25146484375,1.3251953125,45.94176470588236,450.969965783457
-0.0416044921875,0.0512958984375,1.0032275390625005,1.0053992729757122,0.2724609375,0.1513671875,1.24169921875,46.17705882352941,450.969965783457
-0.0479521484375,0.0556904296875,1.0042041015625005,1.0068896216038274,0.216796875,0.00244140625,1.18505859375,45.7535294117647,450.969965783457
-0.0406279296875,0.0615498046875,1.0144580078125005,1.0171352204808704,0.1416015625,-0.10009765625,1.08349609375,45.7535294117647,451.1105663239385
-0.0445341796875,0.0576435546875,1.0154345703125005,1.0180439279044795,0.080078125,-0.1318359375,0.97607421875,45.7535294117647,451.1105663239385
-0.0513701171875,0.0532490234375,1.0330126953125005,1.0356590057126436,0.12353515625,-0.07275390625,0.82470703125,45.18882352941176,451.1105663239385
-0.0694365234375,0.0556904296875,1.0501025390625005,1.0538682067940823,-0.11767578125,0.01708984375,0.68505859375,45.70647058823529,451.1105663239385
-0.0904326171875,0.0610615234375,1.0681689453125005,1.0737278349870178,-0.1728515625,0.10107421875,0.65283203125,45.565294117647056,451.1105663239385
-0.1016630859375,0.0722919921875,1.0759814453125005,1.0831886196935183,-0.1923828125,0.201171875,0.7275390625,45.7535294117647,451.1105663239385
-0.1075224609375,0.0835224609375,1.0911181640625005,1.0995798875180618,-0.20166015625,0.41357421875,0.85400390625,45.7535294117647,451.1105663239385
-0.0889677734375,0.1089130859375,1.1257861328125005,1.1345359147386125,-0.1728515625,0.65234375,1.087890625,45.70647058823529,451.1105663239385
-0.0611357421875,0.1333271484375,1.1785205078125005,1.187612855613278,-0.0947265625,0.7568359375,1.294921875,45.7535294117647,451.1105663239385
-0.0542998046875,0.1592060546875,1.2004931640625005,1.2122206373424984,0.03564453125,0.58447265625,1.45654296875,45.89470588235295,451.1539228097846
-0.0640654296875,0.1699482421875,1.1995166015625005,1.2131887164525208,0.13427734375,0.33642578125,1.46142578125,45.94176470588236,451.1539228097846
-0.0562529296875,0.1845966796875,1.2419970703125005,1.256899776798019,0.232421875,0.2705078125,1.3740234375,45.7535294117647,451.1539228097846
-0.0142607421875,0.1577412109375,1.3484423828125005,1.3577122368752594,0.3603515625,0.1611328125,0.90234375,45.84764705882353,451.1539228097846
0.0506806640625,0.0517841796875,1.4211962890625005,1.4230421719052269,0.4140625,-0.123046875,0.5390625,45.61235294117647,451.2195700103408
0.1532197265625,-0.0839580078125,1.4177783203125005,1.428502921674249,0.23486328125,-0.5380859375,0.34765625,45.565294117647056,451.2195700103408
0.3001923828125,-0.1996806640625,1.3440478515625005,1.391564752927028,-0.1435546875,-0.7685546875,-0.17919921875,45.565294117647056,451.2195700103408
0.3001923828125,-0.2294658203125,1.2600634765625005,1.315496101992366,-0.72705078125,-0.65576171875,-1.05078125,45.7535294117647,451.2195700103408
0.1957001953125,-0.1508525390625,1.2615283203125005,1.285499419656591,-1.11962890625,-0.12109375,-1.9833984375,45.61235294117647,451.2195700103408
0.1185517578125,-0.0888408203125,1.2444384765625005,1.2532255713092628,-1.36865234375,0.22802734375,-2.4052734375,45.00058823529412,450.9051373104058
0.0965791015625,-0.0795634765625,1.1873095703125005,1.1938852061303822,-1.482421875,0.466796875,-2.21435546875,45.565294117647056,450.9051373104058
0.1400361328125,-0.0746806640625,1.1238330078125005,1.1349836780882745,-1.41845703125,0.70166015625,-1.81005859375,45.61235294117647,450.9051373104058
0.1165986328125,-0.0746806640625,1.0554736328125005,1.0645172766662725,-1.33447265625,0.8974609375,-1.5322265625,45.7535294117647,450.9051373104058
0.2953095703125,-0.0722392578125,1.0012744140625005,1.0464113459551447,-1.265625,0.93115234375,-1.36669921875,45.7535294117647,451.96719326700895
0.2718720703125,-0.0556376953125,0.9695361328125,1.0084692799409951,-1.1591796875,0.83837890625,-0.95947265625,46.27117647058824,451.96719326700895
0.2176728515625,-0.0409892578125,0.9793017578125,1.0040386060396391,-0.91552734375,0.8173828125,-0.28076171875,44.81235294117647,451.96719326700895
0.2064423828125,-0.0273173828125,0.9880908203125,1.0097961012060093,-0.591796875,0.7822265625,0.48828125,45.61235294117647,451.96719326700895
0.2245087890625,-0.0072978515624999,1.0208056640625005,1.0452280415229114,-0.28662109375,0.6123046875,0.8388671875,46.17705882352941,451.96719326700895
0.2044892578125,0.0112568359375,1.0442431640625005,1.064136437966153,-0.07666015625,0.32373046875,0.87353515625,45.7535294117647,452.1734570546104
0.1605439453125,0.0185810546875,1.0491259765625005,1.0615012617364252,0.08740234375,0.1181640625,0.91259765625,45.7535294117647,452.1734570546104
0.1151337890625,0.0073505859375,1.0281298828125005,1.034582464779661,0.21728515625,0.09326171875,0.93505859375,45.14176470588235,452.1734570546104
0.0770478515625,-0.0082744140624999,1.0120166015625005,1.0149790338704474,0.22509765625,0.23583984375,0.79541015625,45.00058823529412,452.1734570546104
0.0545869140625,-0.0307353515625,1.0100634765625005,1.0120042587400817,0.1865234375,0.466796875,0.7265625,45.565294117647056,451.7398613416719
0.0457978515625,-0.0370830078125,1.0095751953125005,1.0112935615667864,0.1806640625,0.5908203125,0.71142578125,46.03588235294118,451.7398613416719
0.0487275390625,-0.0424541015625,0.9978564453125,0.9999471032280982,0.173828125,0.6923828125,0.6162109375,45.84764705882353,451.7398613416719
0.0555634765625,-0.0522197265625,0.9607470703125,0.9637681945800172,0.17138671875,0.734375,0.43212890625,45.61235294117647,451.7398613416719
0.0599580078125,-0.0561259765625,0.9124072265625,0.9160960839504836,0.1220703125,0.75927734375,0.26318359375,45.7535294117647,451.7398613416719
0.0643525390625,-0.0448955078125,0.8845751953125001,0.8880484964615843,0.0625,0.802734375,0.10400390625,45.565294117647056,451.4902466219908
0.0599580078125,-0.0331767578125,0.8655322265625001,0.8682405744826902,0.0,0.86328125,-0.05419921875,45.61235294117647,451.4902466219908
0.0570283203125,0.0918232421875,0.8381884765625001,0.8451293743360563,-0.087890625,0.87841796875,-0.2021484375,45.565294117647056,451.4902466219908
0.0609345703125,0.0888935546875,0.8093798828125001,0.8165236558886245,-0.12890625,0.72705078125,-0.30029296875,46.27117647058824,451.4902466219908
0.0506806640625,-0.0453837890625,0.7893603515625001,0.7922865533620769,-0.19140625,0.5546875,-0.353515625,45.61235294117647,451.78322011096935
0.0409150390625,-0.0497783203125,0.7722705078125001,0.7749539720729203,-0.18896484375,0.36083984375,-0.421875,45.7535294117647,451.78322011096935
0.0179658203125,-0.0561259765625,0.7644580078125001,0.766726119062897,-0.15478515625,0.26953125,-0.55810546875,45.00058823529412,451.78322011096935
-0.0040068359375,-0.0585673828125,0.7566455078125001,0.7589193748723062,-0.1025390625,0.20166015625,-0.6171875,46.27117647058824,451.78322011096935
-0.0103544921875,-0.0717509765625,0.7449267578125001,0.748445918320874,0.02294921875,0.1376953125,-0.5859375,45.7535294117647,451.78322011096935
0.0023408203125,-0.0761455078125,0.7327197265625001,0.736669407192659,0.115234375,0.10009765625,-0.595703125,45.7535294117647,451.858997032531
-0.0074248046875,-0.0790751953125,0.7351611328125001,0.7394389125793394,0.060546875,0.08447265625,-0.55810546875,45.61235294117647,451.858997032531
-0.0132841796875,-0.0863994140625,0.7346728515625001,0.739855071620982,-0.02587890625,0.0869140625,-0.32373046875,45.89470588235295,451.858997032531
-0.0025419921874999,-0.0785869140625,0.7498095703125001,0.7539209219264074,-0.06005859375,0.10302734375,-0.11181640625,45.7535294117647,451.858997032531
0.0360322265625,-0.0795634765625,0.7542041015625001,0.7592446871512903,-0.130859375,0.02001953125,-0.1357421875,46.27117647058824,451.5554868561708
0.0438447265625,-0.0839580078125,0.7585986328125001,0.7644888441489375,-0.21630859375,-0.1298828125,-0.2587890625,45.565294117647056,451.5554868561708
0.0169892578125,-0.0947001953125,0.7820361328125001,0.787932278116321,-0.37060546875,-0.21630859375,-0.318359375,45.565294117647056,451.5554868561708
-0.0152373046875,-0.0937236328125,0.8142626953125001,0.8197804777983491,-0.39990234375,-0.41748046875,-0.3984375,45.61235294117647,451.5554868561708
-0.0455107421875,-0.0854228515625,0.8425830078125001,0.8481240571271903,-0.50732421875,-0.52001953125,-0.451171875,46.13,451.5554868561708
-0.0689482421875,-0.0888408203125,0.9002001953125001,0.9071973010846138,-0.4638671875,-0.3984375,-0.42919921875,46.17705882352941,451.2844010167753
-0.0748076171875,-0.0990947265625,0.9290087890625,0.9372690513279208,-0.3203125,-0.3564453125,-0.3310546875,45.7535294117647,451.2844010167753
-0.0826201171875,-0.1073955078125,0.9285205078125,0.938355056623432,-0.23779296875,-0.48828125,-0.18798828125,45.61235294117647,451.2844010167753
-0.0870146484375,-0.1064189453125,0.9348681640625,0.9449206448912608,-0.2080078125,-0.78759765625,-0.10302734375,45.70647058823529,451.2844010167753
-0.0899443359375,-0.1025126953125,0.9426806640625,0.952494446527006,-0.14453125,-1.04931640625,-0.1083984375,45.7535294117647,451.62032084115606
-0.0904326171875,-0.0976298828125,0.9553759765625,0.9645998698227748,-0.0673828125,-1.169921875,-0.07177734375,45.7535294117647,451.62032084115606
-0.0835966796875,-0.0868876953125,0.9734423828125,0.980881210497566,-0.0009765625,-1.13330078125,-0.0224609375,45.7535294117647,451.62032084115606
-0.0494169921875,-0.0863994140625,0.9485400390625,0.95374792454395,-0.0126953125,-1.3251953125,0.0546875,45.7535294117647,451.62032084115606
-0.0479521484375,-0.0644267578125,0.9670947265625,0.9704238382310068,0.103515625,-1.75830078125,0.06396484375,45.42411764705882,451.62032084115606
-0.0542998046875,-0.0575908203125,0.9705126953125,0.9737351093270186,0.28955078125,-2.25634765625,0.09716796875,45.94176470588236,451.4902466219908
-0.0655302734375,-0.0551494140625,1.0100634765625005,1.0136882663293263,0.48681640625,-2.6572265625,0.146484375,45.7535294117647,451.4902466219908
-0.0469755859375,-0.0556376953125,1.0344775390625005,1.0370371438085837,0.39013671875,-2.60791015625,0.02880859375,45.565294117647056,451.4902466219908
-0.0645537109375,-0.0473369140625,1.0935595703125005,1.0964855214962133,0.49365234375,-2.029296875,-0.1181640625,45.61235294117647,451.4902466219908
-0.0562529296875,-0.0512431640625,1.1135791015625005,1.1161759132853155,0.61328125,-1.2744140625,-0.28564453125,45.7535294117647,451.1004424521481
-0.0542998046875,-0.0668681640625,1.0925830078125005,1.0959732885042408,0.5703125,-0.7216796875,-0.4560546875,45.7535294117647,451.1004424521481
-0.0733427734375,-0.0790751953125,1.1086962890625005,1.1139297600433224,0.6572265625,-0.10009765625,-0.54296875,45.84764705882353,451.1004424521481
-0.0762724609375,-0.0937236328125,1.1086962890625005,1.1152618836067132,0.75048828125,0.4619140625,-0.67578125,45.89470588235295,451.1004424521481
-0.0792021484375,-0.1117900390625,1.0955126953125005,1.10404622128857,0.71240234375,0.80712890625,-0.87939453125,45.7535294117647,451.1004424521481
-0.0806669921875,-0.1117900390625,1.1267626953125005,1.1351644585742031,0.67919921875,0.96337890625,-1.04443359375,45.7535294117647,451.5125361558901
-0.0850615234375,-0.1137431640625,1.1614306640625005,1.1700829703765103,0.662109375,1.0234375,-1.13232421875,45.565294117647056,451.5125361558901
-0.0835966796875,-0.1191142578125,1.1863330078125005,1.1952249230560965,0.62109375,1.11962890625,-1.19287109375,45.7535294117647,451.5125361558901
-0.0752958984375,-0.1440166015625,1.2483447265625005,1.2588783937233676,0.5439453125,1.203125,-1.25390625,45.7535294117647,451.5125361558901
-0.0396513671875,-0.1855205078125,1.2175830078125005,1.2322736995702623,0.3486328125,1.2265625,-1.7265625,45.84764705882353,451.0254920797795
0.0374970703125,-0.2299541015625,1.3904345703125005,1.409820276995456,0.11279296875,1.26171875,-2.2763671875,45.84764705882353,451.0254920797795
0.1151337890625,-0.2685283203125,1.3250048828125005,1.3568349891091065,-0.18212890625,0.97314453125,-2.599609375,45.61235294117647,451.0254920797795
0.1732392578125,-0.2963603515625,1.2942431640625005,1.33899464754277,-0.3984375,0.26123046875,-2.17724609375,45.565294117647056,451.0254920797795
0.2298798828125,-0.2333720703125,1.2781298828125005,1.3194405181978182,-0.4482421875,-1.046875,-0.4599609375,45.61235294117647,451.0254920797795
0.2904267578125,-0.0849345703125,1.2493212890625005,1.2854436067725556,-0.42138671875,-3.318359375,1.7666015625,45.70647058823529,451.38246417480696
0.3333955078125,0.1025654296875,1.4031298828125005,1.445837369844187,-0.087890625,-4.7236328125,3.04931640625,46.17705882352941,451.38246417480696
0.2953095703125,0.2236591796875,1.5193408203125005,1.563850280316022,0.05859375,-4.63623046875,2.822265625,45.89470588235295,451.38246417480696
0.2445283203125,0.3061787109375,1.7004931640625005,1.7450548711973202,0.4521484375,-1.84228515625,1.36669921875,45.7535294117647,451.38246417480696
0.2479462890625,0.2114521484375,1.4661181640625005,1.5018960830672328,0.74462890625,0.71044921875,0.29931640625,45.70647058823529,451.3609897760658
0.2811494140625,0.1328388671875,1.2395556640625005,1.2779629892812905,0.42333984375,0.80029296875,-0.31591796875,45.70647058823529,451.3609897760658
0.3226533203125,0.1030537109375,1.0916064453125005,1.142947883280101,0.48193359375,0.6513671875,-0.76953125,45.565294117647056,451.3609897760658
0.3665986328125,0.0757099609375,0.9675830078125,1.0374697261957269,0.4228515625,0.4365234375,-0.87158203125,45.70647058823529,451.3609897760658
0.4129853515625,0.1069599609375,0.9260791015625,1.01961749504398,0.146484375,0.2314453125,-1.322265625,45.7535294117647,451.3609897760658
0.3768525390625,0.1191669921875,0.8923876953125001,0.9759991838982368,0.10205078125,-0.07666015625,-1.49267578125,45.70647058823529,451.9785392931359
0.3138642578125,0.1196552734375,0.8816455078125001,0.9434653985385768,0.076171875,-0.1083984375,-1.38427734375,45.7535294117647,451.9785392931359
0.2689423828125,0.1450458984375,0.9060595703125,0.956196769959656,0.00634765625,-0.1435546875,-1.24462890625,46.13,451.9785392931359
0.2498994140625,0.1772724609375,0.9216845703125,0.9712763199562502,-0.1259765625,0.1875,-1.32763671875,46.03588235294118,451.9785392931359
0.2254853515625,0.1606708984375,0.9500048828125,0.989529210656042,0.00537109375,0.64013671875,-1.189453125,45.94176470588236,452.5641108707386
0.2269501953125,0.1113544921875,0.9324267578125,0.966087921861902,0.11376953125,0.71923828125,-0.880859375,45.7535294117647,452.5641108707386
0.2411103515625,0.0796162109375,0.9338916015625,0.9677946404809278,0.33984375,0.58544921875,-0.4169921875,45.7535294117647,452.5641108707386
0.2450166015625,0.0381123046875,0.9241259765625,0.9568147696223256,0.498046875,0.39404296875,-0.06787109375,45.70647058823529,452.5641108707386
0.2376923828125,0.0278583984375,0.9670947265625,0.996266013349639,0.3447265625,0.326171875,-0.29931640625,45.70647058823529,452.5641108707386
0.2025361328125,0.0205341796875,1.0154345703125005,1.035639852562566,0.34033203125,0.50439453125,-0.47216796875,45.61235294117647,452.325825237988
0.1957001953125,0.0097919921875,0.9978564453125,1.016912943672195,0.43408203125,0.40771484375,-0.41357421875,45.7535294117647,452.325825237988
0.2137666015625,0.0058857421875,0.9363330078125,0.9604427642623384,0.3955078125,0.15087890625,-0.40234375,45.70647058823529,452.325825237988
0.2215791015625,0.0122333984375,0.8718798828125001,0.8996785450035553,0.39404296875,-0.20166015625,-0.326171875,45.70647058823529,452.325825237988
0.2049775390625,0.0254169921875,0.8450244140625001,0.8699011871319924,0.46923828125,-0.40966796875,-0.24658203125,45.7535294117647,451.87034382584255
0.1898408203125,0.0342060546875,0.8210986328125001,0.8434527586301227,0.4169921875,-0.58154296875,-0.5146484375,45.565294117647056,451.87034382584255
0.1346650390625,0.0146748046875,0.8215869140625001,0.832679458133238,0.431640625,-0.44580078125,-0.56396484375,45.70647058823529,451.87034382584255
0.0980439453125,0.0049091796875,0.8152392578125001,0.8211283472979852,0.36962890625,-0.2509765625,-0.3115234375,45.61235294117647,451.87034382584255
0.0902314453125,0.0053974609375,0.8201220703125001,0.8250885143555302,0.27880859375,0.0625,-0.1171875,45.61235294117647,451.87034382584255
0.0755830078125,0.0078388671875,0.8010791015625001,0.8046750685021563,0.17236328125,0.1328125,0.00439453125,45.565294117647056,451.4691786506599
0.0467744140625,0.0117451171875,0.8123095703125001,0.8137399041523752,-0.0322265625,0.47998046875,0.0,45.84764705882353,451.4691786506599
0.0414033203125,0.0263935546875,0.8181689453125001,0.8196409443992596,-0.11474609375,0.92431640625,0.16748046875,45.7535294117647,451.4691786506599
0.0335908203125,0.0420185546875,0.8152392578125001,0.817012208982197,-0.15869140625,1.326171875,0.15966796875,45.7535294117647,451.4691786506599
0.0345673828125,0.0410419921875,0.8074267578125001,0.8092078338157821,-0.1484375,1.72314453125,0.20654296875,45.7535294117647,451.37152291517134
0.0443330078125,0.0522724609375,0.8284228515625001,0.8312534190877712,-0.12890625,2.3193359375,0.158203125,46.13,451.37152291517134
0.0619111328125,0.0454365234375,0.7766650390625001,0.7804524642347977,-0.02001953125,2.11669921875,0.1748046875,45.565294117647056,451.37152291517134
0.0521455078125,0.0361591796875,0.7634814453125001,0.7661139325173251,-0.0107421875,1.7373046875,0.126953125,45.7535294117647,451.37152291517134
0.0531220703125,0.0332294921875,0.7512744140625001,0.7538828813086805,0.0517578125,1.02294921875,0.29736328125,45.7535294117647,451.37152291517134
0.0414033203125,0.0342060546875,0.7791064453125001,0.7809552754400622,0.1064453125,0.54833984375,0.32470703125,45.70647058823529,451.51294378338935
0.0316376953125,0.0390888671875,0.8152392578125001,0.8167887920272686,0.06396484375,0.36962890625,0.34326171875,45.61235294117647,451.51294378338935
0.0526337890625,0.0464130859375,0.8460009765625001,0.8489064392746831,0.15966796875,0.20458984375,0.34912109375,45.565294117647056,451.51294378338935
0.0492158203125,0.0395771484375,0.8655322265625001,0.8678332690475258,0.2421875,0.140625,0.4677734375,45.70647058823529,451.51294378338935
0.0487275390625,0.0371357421875,0.8777392578125001,0.8798747871806206,0.29150390625,0.248046875,0.6728515625,45.84764705882353,451.5125361558901
0.0301728515625,0.0298115234375,0.8923876953125001,0.8933951682465228,0.24560546875,0.07177734375,0.74658203125,44.95352941176471,451.5125361558901
0.0033173828125,0.0327412109375,0.9177783203125,0.9183681381439648,0.2568359375,0.06591796875,0.7978515625,45.61235294117647,451.5125361558901
-0.0113310546875,0.0239521484375,0.9270556640625,0.9274342577700406,0.125,0.08837890625,0.86083984375,45.7535294117647,451.5125361558901
-0.0206083984375,0.0249287109375,0.9460986328125,0.946651345387966,0.06787109375,0.12255859375,1.02685546875,45.70647058823529,451.5125361558901
-0.0064482421875,0.0400654296875,0.9529345703125,0.953798256330982,0.091796875,0.14794921875,1.17236328125,45.7535294117647,451.0465547170082
-0.0069365234375,0.0473896484375,0.9602587890625,0.9614524616995932,0.10595703125,0.20849609375,1.24755859375,45.89470588235295,451.0465547170082
-0.0005888671874999,0.0337177734375,0.9670947265625,0.9676825125810344,0.07666015625,0.14208984375,1.19970703125,45.7535294117647,451.0465547170082
-0.0084013671875,0.0351826171875,0.9705126953125,0.971186537841992,0.07177734375,0.11181640625,1.185546875,45.84764705882353,451.0465547170082
-0.0074248046875,0.0332294921875,0.9465869140625,0.947199088233331,0.07861328125,0.20703125,1.236328125,45.61235294117647,451.2203877478683
-0.0274443359375,0.0317646484375,0.9739306640625,0.9748349208284603,0.0234375,0.26611328125,1.38525390625,46.13,451.2203877478683
-0.0430693359375,0.0508076171875,0.9768603515625,0.9791284533283569,0.01318359375,0.35791015625,1.46875,45.565294117647056,451.2203877478683
-0.0533232421875,0.0610615234375,0.9768603515625,0.9802183553967484,-0.06298828125,0.55419921875,1.47509765625,45.7535294117647,451.2203877478683
-0.0538115234375,0.0571552734375,0.9861376953125,0.989257276674086,-0.08740234375,0.6962890625,1.53857421875,45.61235294117647,451.2203877478683
-0.0508818359375,0.0444599609375,0.9807666015625,0.9830914383186288,-0.21435546875,0.87451171875,1.53857421875,45.7535294117647,451.35045697296727
-0.0523466796875,0.0410419921875,0.9968798828125,0.9990966523581633,-0.28173828125,1.04931640625,1.48193359375,45.61235294117647,451.35045697296727
-0.0503935546875,0.0381123046875,1.0081103515625005,1.0100883818013664,-0.44091796875,1.20654296875,1.42236328125,45.7535294117647,451.35045697296727
-0.0425810546875,0.0434833984375,1.0281298828125005,1.029929613172677,-0.47314453125,1.37353515625,1.3837890625,45.61235294117647,451.35045697296727
-0.0220732421875,0.0459248046875,1.0335009765625005,1.0347562922069595,-0.52587890625,1.38525390625,1.33984375,45.94176470588236,451.2309199665727
-0.0074248046875,0.0405537109375,1.0252001953125005,1.0260288356884706,-0.50390625,1.2978515625,1.31884765625,45.7535294117647,451.2309199665727
0.0106416015625,0.0346943359375,1.0115283203125005,1.01217907675677,-0.55712890625,1.2646484375,1.27294921875,45.61235294117647,451.2309199665727
0.0013642578125,0.0273701171875,1.0139697265625005,1.0143399779657056,-0.6328125,1.17138671875,1.25341796875,45.61235294117647,451.2309199665727
-0.0333037109375,0.0224873046875,1.0354541015625005,1.0362335704255683,-0.7001953125,1.1201171875,1.248046875,45.565294117647056,451.2309199665727
-0.0699248046875,0.0356708984375,1.0681689453125005,1.071049385899615,-0.7490234375,1.21484375,1.2314453125,45.61235294117647,451.1117931007296
-0.0787138671875,0.0434833984375,1.1335986328125005,1.137159856458913,-0.81298828125,1.3310546875,1.4150390625,44.95352941176471,451.1117931007296
-0.0406279296875,0.0561787109375,1.2351611328125005,1.2371053715201266,-0.8115234375,1.23583984375,1.76611328125,45.84764705882353,451.1117931007296
0.0018525390625,0.0722919921875,1.2966845703125005,1.2986995183343717,-0.685546875,0.9140625,2.0673828125,45.61235294117647,451.1117931007296
0.0243134765625,0.1089130859375,1.3103564453125005,1.315099699339558,-0.46044921875,0.5478515625,2.14306640625,46.13,450.7434809761973
0.0018525390625,0.1548115234375,1.2883837890625005,1.297652814742473,-0.2490234375,0.45654296875,2.103515625,46.17705882352941,450.7434809761973
0.0257783203125,0.1758076171875,1.3074267578125005,1.319445931860562,0.01318359375,0.548828125,2.05712890625,45.70647058823529,450.7434809761973
0.1605439453125,0.1650654296875,1.3528369140625005,1.3722932159362191,0.115234375,0.41162109375,1.9921875,45.7535294117647,450.7434809761973
0.2938447265625,0.1333271484375,1.3259814453125005,1.3646785867566371,0.14501953125,0.15380859375,1.28759765625,44.81235294117647,450.7434809761973
0.3377900390625,0.0927998046875,1.2585986328125005,1.306439601649222,-0.00927734375,0.15576171875,0.33740234375,45.7535294117647,451.1008517608185
0.3036103515625,0.0561787109375,1.2268603515625005,1.2651172338461625,-0.23583984375,0.22802734375,-0.48583984375,45.565294117647056,451.1008517608185
0.2684541015625,0.0088154296875,1.2356494140625005,1.2645057496584602,-0.490234375,0.38427734375,-1.052734375,45.7535294117647,451.1008517608185
0.2606416015625,-0.0439189453125,1.1794970703125005,1.208749873670396,-0.716796875,0.29248046875,-1.4560546875,45.61235294117647,451.1008517608185
0.2372041015625,-0.0981181640625,1.1428759765625005,1.171348990574866,-0.9482421875,0.28955078125,-1.8291015625,44.85941176470588,451.882097789414
0.1834931640625,-0.1230205078125,1.0974658203125005,1.1194797958669471,-1.111328125,0.1962890625,-2.05712890625,44.81235294117647,451.882097789414
0.1253876953125,-0.1244853515625,1.0256884765625005,1.0407956225131436,-1.1484375,0.17236328125,-1.92041015625,45.84764705882353,451.882097789414
0.0819306640625,-0.1152080078125,0.9597705078125,0.970126252837491,-1.00830078125,0.40087890625,-1.376953125,46.27117647058824,451.882097789414
0.0985322265625,-0.1176494140625,0.9041064453125,0.9170378665879714,-0.70263671875,0.6572265625,-0.6396484375,45.7535294117647,451.882097789414
0.1742158203125,-0.1376689453125,0.8826220703125001,0.910123952851114,-0.39306640625,0.875,-0.123046875,45.7535294117647,452.1199647639253
0.2743134765625,-0.1484111328125,0.8762744140625001,0.930123968354258,-0.09814453125,1.18701171875,0.125,45.61235294117647,452.1199647639253
0.3104462890625,-0.1615947265625,0.8987353515625001,0.9644765348071755,0.03369140625,1.21337890625,0.21875,45.84764705882353,452.1199647639253
0.3133759765625,-0.1435283203125,0.9231494140625,0.9853982555810444,0.154296875,1.146484375,0.1533203125,45.70647058823529,452.1199647639253
0.2840791015625,-0.1015361328125,0.9480517578125,0.9948932896056976,0.20751953125,1.05908203125,0.18603515625,45.565294117647056,452.2715233509274
0.2274384765625,-0.0263408203125,0.9563525390625,0.9833779936561,0.1640625,0.7177734375,-0.04638671875,45.7535294117647,452.2715233509274
0.1859345703125,0.0244404296875,0.9534228515625,0.971691377404458,0.28515625,0.298828125,-0.2255859375,45.7535294117647,452.2715233509274
0.1297822265625,0.0102802734375,0.9929736328125,1.001471789824518,0.35986328125,0.29443359375,-0.216796875,45.7535294117647,452.2715233509274
0.1224580078125,-0.0165751953125,1.0090869140625005,1.016625349334372,0.421875,0.45458984375,-0.0966796875,45.61235294117647,452.2715233509274
0.1258759765625,-0.0365947265625,1.0046923828125005,1.0132081324038051,0.41943359375,0.4482421875,-0.1513671875,45.70647058823529,452.21762612762666
0.1014619140625,-0.0483134765625,0.9949267578125,1.001253197465094,0.44189453125,0.4267578125,-0.30908203125,45.70647058823529,452.21762612762666
0.0770478515625,-0.0468486328125,0.9734423828125,0.9776099623482136,0.48046875,0.462890625,-0.537109375,45.70647058823529,452.21762612762666
0.0643525390625,-0.0483134765625,0.9617236328125,0.9650843420196072,0.41943359375,0.568359375,-0.7021484375,45.84764705882353,452.21762612762666
0.0555634765625,-0.0458720703125,0.9563525390625,0.9590629414870316,0.42431640625,0.8544921875,-0.8359375,45.7535294117647,451.7191987135133
0.0433564453125,-0.0439189453125,0.9597705078125,0.96175260996483,0.3837890625,1.3779296875,-0.99072265625,45.61235294117647,451.7191987135133
0.0394501953125,-0.0444072265625,0.9465869140625,0.9484487891054184,0.4951171875,1.97900390625,-1.06884765625,45.565294117647056,451.7191987135133
0.0282197265625,-0.0483134765625,0.8962939453125001,0.8980386302318316,0.5087890625,1.87744140625,-1.30126953125,45.7535294117647,451.7191987135133
0.0267548828125,-0.0531962890625,0.9133837890625,0.9153226835638356,0.33447265625,3.2265625,-1.626953125,44.95352941176471,451.7191987135133
0.0125947265625,-0.0614970703125,0.8909228515625001,0.893131594016504,0.30224609375,4.1513671875,-2.12109375,45.70647058823529,451.77309135505055
0.0155244140625,-0.0585673828125,0.8381884765625001,0.8403755517645992,0.3623046875,4.40478515625,-2.126953125,45.61235294117647,451.77309135505055
-0.0455107421875,-0.0878642578125,0.8147509765625001,0.820737783500276,0.30078125,4.63427734375,-1.78173828125,45.7535294117647,451.77309135505055
-0.0435576171875,-0.0673564453125,0.8059619140625001,0.8099436793132454,0.32861328125,4.4658203125,-1.44873046875,45.61235294117647,451.77309135505055
-0.0240263671875,-0.0522197265625,0.7444384765625001,0.7466544123951768,0.45849609375,3.14599609375,-1.361328125,45.61235294117647,451.9797567134025
-0.0967802734375,-0.0795634765625,0.7210009765625001,0.7318054224542392,0.4990234375,2.11279296875,-1.33544921875,45.42411764705882,451.9797567134025
-0.0601591796875,-0.0663798828125,0.7498095703125001,0.7551422432065963,0.5732421875,0.65478515625,-1.21630859375,45.70647058823529,451.9797567134025
-0.0430693359375,-0.0644267578125,0.7825244140625001,0.7863524867539917,0.5703125,-0.12548828125,-1.1279296875,46.03588235294118,451.9797567134025
-0.0308623046875,-0.0561259765625,0.8474658203125001,0.8498828882226404,0.36669921875,-0.04833984375,-1.376953125,45.61235294117647,451.9797567134025
0.0106416015625,-0.0483134765625,0.8572314453125001,0.8586577819678385,0.24658203125,0.212890625,-1.7724609375,45.70647058823529,451.5680588869064
0.0189423828125,-0.0619853515625,0.8523486328125001,0.8548094463284084,0.275390625,0.060546875,-1.85009765625,45.565294117647056,451.5680588869064
-0.0040068359375,-0.0873759765625,0.8679736328125001,0.8723696712244239,0.2734375,-0.17822265625,-1.58203125,45.565294117647056,451.5680588869064
-0.0298857421875,-0.0956767578125,0.8665087890625001,0.8722870405400792,0.2177734375,-0.44921875,-1.4287109375,45.61235294117647,451.5680588869064
-0.0694365234375,-0.1030009765625,0.8962939453125001,0.9048610215739,0.23583984375,-0.58740234375,-1.384765625,46.27117647058824,451.2422705024714
-0.0987333984375,-0.1137431640625,0.9094775390625,0.9218650581278957,0.25048828125,-0.69970703125,-1.3388671875,45.70647058823529,451.2422705024714
-0.1202177734375,-0.1156962890625,0.9270556640625,0.941950183727073,0.27490234375,-0.833984375,-1.25048828125,45.565294117647056,451.2422705024714
-0.1285185546875,-0.1200908203125,0.9309619140625,0.9474327994413148,0.26171875,-0.8994140625,-1.2109375,45.84764705882353,451.2422705024714
-0.1382841796875,-0.1127666015625,0.9387744140625,0.9555816141377934,0.2607421875,-0.9482421875,-1.1689453125,45.70647058823529,451.2422705024714
-0.1548857421875,-0.1039775390625,0.9314501953125,0.9499475712428348,0.2607421875,-0.9912109375,-1.16650390625,45.7535294117647,451.2860361778364
-0.1719755859375,-0.0956767578125,0.9363330078125,0.9567910668809892,0.30029296875,-0.9365234375,-1.1318359375,45.94176470588236,451.2860361778364
-0.1700224609375,-0.0878642578125,0.9343798828125,0.953778554187966,0.36279296875,-0.85498046875,-1.0693359375,45.7535294117647,451.2860361778364
-0.1783232421875,-0.0820048828125,0.9265673828125,0.9471278131283865,0.45703125,-0.74951171875,-1.009765625,45.94176470588236,451.2860361778364
-0.1705107421875,-0.0790751953125,0.9319384765625,0.9507029629766997,0.4970703125,-0.599609375,-0.94775390625,45.70647058823529,451.5356432634948
-0.1553740234375,-0.0790751953125,0.9324267578125,0.9485850685930056,0.49267578125,-0.4619140625,-0.8427734375,44.81235294117647,451.5356432634948
-0.1246123046875,-0.0771220703125,0.9255908203125,0.937120273420431,0.54833984375,-0.3662109375,-0.744140625,46.13,451.5356432634948
-0.1065458984375,-0.0854228515625,0.9334033203125,0.9433402622666556,0.5556640625,-0.57373046875,-0.61328125,45.7535294117647,451.5356432634948
-0.1143583984375,-0.0951884765625,0.9407275390625,0.9524216461809693,0.5859375,-0.83154296875,-0.48779296875,45.565294117647056,451.5356432634948
-0.1343779296875,-0.0986064453125,0.9407275390625,0.955378962399138,0.56884765625,-1.029296875,-0.3837890625,46.17705882352941,451.23173871391657
-0.1563505859375,-0.0956767578125,0.9627001953125,0.9799955172158886,0.60595703125,-1.14794921875,-0.32666015625,45.84764705882353,451.23173871391657
-0.1719755859375,-0.0912822265625,1.0154345703125005,1.0339320159616328,0.64892578125,-1.119140625,-0.33642578125,45.7535294117647,451.23173871391657
-0.1524443359375,-0.0824931640625,1.0378955078125005,1.0522696815996533,0.619140625,-0.85205078125,-0.4873046875,45.7535294117647,451.23173871391657
-0.1539091796875,-0.0820048828125,1.0867236328125005,1.100627589382698,0.5068359375,-0.4970703125,-0.62939453125,45.7535294117647,451.3946316485773
-0.1509794921875,-0.0761455078125,1.1135791015625005,1.1263442461601,0.46630859375,0.06591796875,-0.8896484375,44.85941176470588,451.3946316485773
-0.1460966796875,-0.0600322265625,1.1536181640625005,1.16438094131461,0.484375,0.638671875,-0.955078125,45.89470588235295,451.3946316485773
-0.1363310546875,-0.0439189453125,1.1306689453125005,1.1397049153722425,0.53515625,1.01708984375,-0.93310546875,45.565294117647056,451.3946316485773
-0.1407255859375,-0.0419658203125,1.0867236328125005,1.0966006906459396,0.59912109375,0.77880859375,-0.7802734375,45.61235294117647,451.3946316485773
-0.1626982421875,-0.0317119140625,1.0837939453125005,1.0963966797653324,0.67919921875,0.66796875,-0.7001953125,45.61235294117647,451.0044307865491
-0.1959013671875,-0.0234111328125,1.0964892578125005,1.1140978948475326,0.740234375,0.69775390625,-0.740234375,45.61235294117647,451.0044307865491
-0.2378935546875,-0.0307353515625,1.1375048828125005,1.1625211239456277,0.83984375,0.751953125,-0.8359375,45.565294117647056,451.0044307865491
-0.2584013671875,-0.0370830078125,1.1711962890625005,1.1999363164545704,0.9833984375,1.0791015625,-0.84228515625,45.84764705882353,451.0044307865491
-0.2593779296875,-0.0488017578125,1.2244189453125005,1.2525415265031092,0.98095703125,1.3271484375,-0.90673828125,45.61235294117647,450.646656141774
-0.2349638671875,-0.0737041015625,1.3088916015625005,1.3318549238230444,0.888671875,1.60400390625,-0.91259765625,45.7535294117647,450.646656141774
-0.1685576171875,-0.1318095703125,1.4055712890625005,1.4217651289065687,0.6669921875,1.98681640625,-1.06591796875,45.61235294117647,450.646656141774
-0.0865263671875,-0.2187236328125,1.4465869140625005,1.4655853914754442,0.49560546875,2.12841796875,-1.208984375,45.565294117647056,450.646656141774
0.0580048828125,-0.2934306640625,1.4592822265625005,1.4896210047537126,0.07177734375,1.37255859375,-1.513671875,45.7535294117647,450.646656141774
0.2542939453125,-0.3012431640625,1.4294970703125005,1.48286031997252,-0.36474609375,-0.06884765625,-2.080078125,45.00058823529412,451.3293923748009
0.3871064453125,-0.2436259765625,1.3694384765625005,1.4438028804335905,-0.8798828125,-0.6513671875,-2.04931640625,45.70647058823529,451.3293923748009
0.3817353515625,-0.0702861328125,1.3303759765625005,1.385843518624274,-1.93701171875,-0.84033203125,-1.2744140625,45.565294117647056,451.3293923748009
0.3548798828125,0.1421162109375,1.3972705078125005,1.4486205923701514,-1.2197265625,-0.6650390625,0.275390625,45.84764705882353,451.3293923748009
0.3954072265625,0.2383076171875,1.3293994140625005,1.4072811365669446,-0.33154296875,-0.9228515625,1.72705078125,45.518235294117645,452.3270391815913
0.3934541015625,0.2827412109375,1.2537158203125005,1.3440803846870928,0.2705078125,-1.58642578125,2.1455078125,45.565294117647056,452.3270391815913
0.3094697265625,0.2842060546875,1.1545947265625005,1.2286714677999313,0.49365234375,-1.8515625,1.431640625,45.70647058823529,452.3270391815913
0.1595673828125,0.2431904296875,1.0720751953125005,1.110832372211738,0.4150390625,-1.82275390625,0.396484375,45.70647058823529,452.3270391815913
0.0501923828125,0.1870380859375,1.0217822265625005,1.039971845485531,0.0625,-1.33447265625,-0.3984375,45.61235294117647,452.3270391815913
0.0116181640625,0.1543232421875,1.0369189453125005,1.0484042845979946,-0.24169921875,-0.52783203125,-0.63330078125,45.61235294117647,452.1422526468276
-0.0152373046875,0.1035419921875,1.0847705078125005,1.0898074023514823,0.10693359375,0.8828125,0.357421875,45.61235294117647,452.1422526468276
0.0707001953125,0.0942646484375,1.0129931640625005,1.019823265080586,0.373046875,1.51318359375,1.35986328125,46.17705882352941,452.1422526468276
0.1336884765625,0.1162373046875,0.9919970703125,1.0076913750128065,0.48291015625,1.44775390625,1.28466796875,44.95352941176471,452.1422526468276
0.1312470703125,0.0869404296875,1.0266650390625005,1.038665265719937,0.4716796875,1.6318359375,0.75927734375,45.7535294117647,452.1965537368936
0.1209931640625,0.0224873046875,1.0320361328125005,1.039347681987382,0.62353515625,1.77392578125,0.345703125,45.70647058823529,452.1965537368936
0.0995087890625,-0.0571025390625,1.0403369140625005,1.0466439670820042,0.56396484375,1.77490234375,0.33349609375,45.61235294117647,452.1965537368936
0.1390595703125,-0.0707744140625,0.9924853515625,1.0046759451920435,0.1767578125,1.48876953125,0.1181640625,45.33,452.1965537368936
0.1156220703125,-0.1176494140625,0.9993212890625,1.0128439596236605,0.12841796875,1.49853515625,0.53955078125,45.7535294117647,452.1965537368936
0.1532197265625,-0.0668681640625,0.9583056640625,0.9727781770512977,-0.4375,0.93017578125,0.0986328125,45.61235294117647,452.35945809312034
0.1165986328125,-0.0331767578125,0.9338916015625,0.9417268510038698,-0.53125,0.611328125,-0.203125,45.7535294117647,452.35945809312034
0.0970673828125,-0.0287822265625,0.9006884765625001,0.9063609795133728,-0.6044921875,0.40966796875,-0.01904296875,45.84764705882353,452.35945809312034
0.1209931640625,-0.0087626953124999,0.9094775390625,0.9175323016865272,-0.65625,0.17041015625,0.13916015625,44.95352941176471,452.35945809312034
0.1175751953125,0.0058857421875,0.8855517578125001,0.8933423108073854,-0.5029296875,-0.005859375,0.3271484375,45.7535294117647,451.8282050904703
0.1004853515625,0.0068623046875,0.8709033203125001,0.8767080417308833,-0.37744140625,-0.1162109375,0.466796875,45.565294117647056,451.8282050904703
0.0721650390625,0.0058857421875,0.8430712890625001,0.8461747061130435,-0.275390625,-0.2841796875,0.5966796875,45.00058823529412,451.8282050904703
0.0414033203125,-0.0014384765624999,0.8176806640625001,0.8187294867838897,-0.22119140625,-0.47900390625,0.7705078125,45.89470588235295,451.8282050904703
0.0082001953125,-0.0112041015624999,0.8054736328125001,0.8055932896016154,-0.17529296875,-0.56201171875,1.044921875,45.565294117647056,451.8282050904703
-0.0132841796875,-0.0199931640625,0.7878955078125001,0.7882610781145528,-0.12060546875,-0.615234375,1.322265625,45.565294117647056,451.481344911345
-0.0318388671875,-0.0146220703124999,0.7668994140625001,0.7676993094261664,-0.07861328125,-0.5927734375,1.53955078125,45.565294117647056,451.481344911345
-0.0464873046875,0.0019794921875,0.7517626953125001,0.7532012599232317,-0.0322265625,-0.51025390625,1.73876953125,45.565294117647056,451.481344911345
-0.0567412109375,0.0107685546875,0.7200244140625001,0.7223369598980507,-0.015625,-0.3662109375,1.8798828125,45.61235294117647,451.481344911345
-0.0621123046875,0.0088154296875,0.7219775390625001,0.7246980178701414,-0.01708984375,-0.15283203125,2.0693359375,45.89470588235295,451.6766564628535
-0.0362333984375,0.0171162109375,0.7361376953125001,0.7372275973532101,0.0361328125,0.07275390625,2.15869140625,45.84764705882353,451.6766564628535
-0.0035185546874999,0.0044208984375,0.7322314453125001,0.7322532444957253,0.01220703125,0.25927734375,2.1904296875,45.61235294117647,451.6766564628535
0.0072236328125,0.0010029296875,0.7463916015625001,0.7464272299574833,0.02783203125,0.28173828125,2.25732421875,44.85941176470588,451.6766564628535
0.0165009765625,0.0058857421875,0.7566455078125001,0.7568482996489124,-0.013671875,0.13232421875,2.24853515625,46.13,451.6766564628535
-0.0108427734375,0.0053974609375,0.7776416015625001,0.7777359184203073,0.009765625,0.0634765625,2.08642578125,45.61235294117647,451.8829123025811
-0.0005888671874999,0.0132099609375,0.8001025390625001,0.8002117987425543,0.00634765625,-0.08056640625,2.0439453125,45.7535294117647,451.8829123025811
-0.0108427734375,0.0093037109375,0.8186572265625001,0.8187818875476118,0.0078125,-0.2236328125,1.92138671875,45.61235294117647,451.8829123025811
-0.0352568359375,0.0078388671875,0.8626025390625001,0.8633583454835998,-0.00537109375,-0.36962890625,1.76123046875,44.81235294117647,451.8829123025811
-0.0572294921875,0.0156513671875,0.8865283203125001,0.8885114758892987,0.0732421875,-0.513671875,1.6875,45.84764705882353,451.5575262119761
-0.0821318359375,0.0039326171875,0.8904345703125001,0.8942230303229807,0.107421875,-0.64599609375,1.73291015625,45.7535294117647,451.5575262119761
-0.0992216796875,0.0049091796875,0.8875048828125001,0.8930475680394871,0.1279296875,-0.70166015625,1.83251953125,45.565294117647056,451.5575262119761
-0.1055693359375,0.0029560546875,0.8972705078125001,0.9034644360126756,0.11328125,-0.69091796875,1.88525390625,45.89470588235295,451.5575262119761
-0.1133818359375,0.0029560546875,0.9002001953125001,0.9073172381369908,0.09326171875,-0.62060546875,1.869140625,44.85941176470588,451.5575262119761
-0.1207060546875,-0.0014384765624999,0.9255908203125,0.9334293693150058,0.0634765625,-0.54443359375,1.8251953125,45.61235294117647,451.395041269992
-0.1211943359375,-0.0033916015624999,0.9343798828125,0.9422129989706106,0.00146484375,-0.51123046875,1.83251953125,45.565294117647056,451.395041269992
-0.1016630859375,-0.0058330078124999,0.9314501953125,0.9369999324280502,-0.05224609375,-0.474609375,1.7529296875,45.7535294117647,451.395041269992
-0.0699248046875,-0.0121806640624999,0.9255908203125,0.9283082535097678,-0.169921875,-0.42578125,1.62744140625,45.565294117647056,451.395041269992
-0.0518583984375,-0.0175517578125,0.9329150390625,0.9345201056156026,-0.31494140625,-0.39892578125,1.51416015625,46.08294117647059,451.66612349245
-0.0484404296875,-0.0165751953125,0.9475634765625,0.9489456014141004,-0.45849609375,-0.3603515625,1.349609375,45.7535294117647,451.66612349245
-0.0494169921875,-0.0107158203124999,0.9876025390625,0.9888961740670889,-0.52978515625,-0.3037109375,1.19482421875,44.85941176470588,451.66612349245
-0.0743193359375,-0.0019267578124999,1.0076220703125005,1.010360981367901,-0.595703125,-0.2646484375,1.1318359375,45.61235294117647,451.66612349245
-0.1031279296875,0.0097919921875,1.0510791015625005,1.0561716388608733,-0.662109375,-0.22802734375,1.10400390625,45.7535294117647,451.66612349245
-0.1260771484375,0.0327412109375,1.0935595703125005,1.1012901380080753,-0.61865234375,-0.23876953125,1.18310546875,45.7535294117647,451.6551819946688
-0.1431669921875,0.0410419921875,1.1189501953125005,1.1288183079506715,-0.53955078125,-0.16650390625,1.275390625,45.70647058823529,451.6551819946688
-0.1465849609375,0.0522724609375,1.1223681640625005,1.133106286562094,-0.4384765625,-0.04931640625,1.35400390625,45.61235294117647,451.6551819946688
-0.1451201171875,0.0517841796875,1.1238330078125005,1.1343465427845727,-0.3388671875,0.0556640625,1.38916015625,45.7535294117647,451.6551819946688
-0.1524443359375,0.0395771484375,1.1052783203125005,1.1164433669428515,-0.3291015625,0.087890625,1.28271484375,45.565294117647056,451.2220285508026
-0.2100615234375,0.0117451171875,1.1492236328125005,1.1683230501969015,-0.35302734375,0.26123046875,1.0947265625,45.70647058823529,451.2220285508026
-0.2530302734375,-0.0009501953124999,1.1663134765625005,1.1934455780463111,-0.359375,0.462890625,0.89404296875,45.61235294117647,451.2220285508026
-0.2852568359375,-0.0116923828124999,1.1643603515625005,1.198850784107704,-0.39013671875,0.85107421875,0.79345703125,45.7535294117647,451.2220285508026
-0.3194365234375,-0.0278056640625,1.1877978515625005,1.230315643904557,-0.48974609375,1.41162109375,1.11767578125,45.7535294117647,451.2220285508026
-0.3091826171875,-0.0473369140625,1.3005908203125005,1.3376737853770684,-0.64208984375,1.841796875,1.73193359375,45.565294117647056,451.0271373764688
-0.2432646484375,-0.0380595703125,1.4441455078125005,1.4649854838211938,-0.630859375,1.83447265625,2.3359375,45.89470588235295,451.0271373764688
-0.0748076171875,0.0063740234375,1.3958056640625005,1.3978234007173478,-0.36474609375,1.3115234375,2.669921875,45.565294117647056,451.0271373764688
0.0584931640625,0.0273701171875,1.2073291015625005,1.209055057901258,-0.11181640625,1.13818359375,2.51171875,44.85941176470588,451.0271373764688
0.1283173828125,-0.0102275390624999,1.2107470703125005,1.217570704952048,-0.33447265625,1.40283203125,1.83642578125,46.13,451.0481969491552
0.1263642578125,-0.0658916015625,1.2825244140625005,1.2904179561193865,-0.3759765625,1.29345703125,1.2978515625,45.565294117647056,451.0481969491552
0.2513642578125,-0.1030009765625,1.1423876953125005,1.1742413881650842,-0.61279296875,0.9443359375,1.13232421875,45.00058823529412,451.0481969491552
0.4623017578125,-0.1000712890625,1.0720751953125005,1.171785988385035,-0.8359375,0.986328125,0.8515625,45.70647058823529,451.0481969491552
0.5238251953125,-0.1357158203125,1.1326220703125005,1.2552467380105985,-1.0888671875,0.708984375,0.4658203125,45.84764705882353,451.0481969491552
0.5213837890625,-0.1454814453125,1.1257861328125005,1.2491598469612717,-1.20068359375,0.03076171875,0.12841796875,45.89470588235295,451.9153291346555
0.4642548828125,-0.1508525390625,1.1223681640625005,1.2239278493677144,-1.13232421875,-0.322265625,-0.03564453125,44.85941176470588,451.9153291346555
0.3939423828125,-0.1806376953125,1.1799853515625005,1.257054496768489,-0.763671875,-0.671875,0.27685546875,45.61235294117647,451.9153291346555
0.3368134765625,-0.1972392578125,1.2078173828125005,1.269318507326109,-0.38623046875,-0.884765625,0.70068359375,45.7535294117647,451.9153291346555
